40 20
5 8 1 40 5 12 6 32 7 11 8 18 10 15 16 16 20 48 5 1 35 7 43 11 20 12 31 17 14 10 2 39 3 26 5 37 7 46 9 25 11 28 12 29 13 22 14 21 17 18 5 3 22 6 10 7 21 15 41 18 23 5 1 10 5 11 10 10 17 27 18 32
4 6 6 20 9 41 10 48 13 18 14 42 20 14 10 3 11 4 26 5 44 6 26 8 28 9 25 13 41 16 34 19 19 20 50 11 3 34 5 33 6 33 8 48 9 45 10 41 11 37 12 50 16 46 17 26 18 16 6 1 37 3 19 15 24 17 31 19 48 20 17
4 9 4 27 5 34 6 28 7 47 11 30 12 35 14 34 17 31 19 35 9 1 30 3 15 5 25 6 13 11 47 12 36 14 17 16 19 20 39 6 10 29 11 14 16 45 17 28 19 29 20 20 9 1 32 6 27 8 49 9 28 11 15 15 31 16 42 17 39 20 29
5 7 1 48 3 31 4 14 6 44 11 33 15 45 20 48 10 1 48 3 17 6 29 9 48 12 13 13 43 14 38 17 37 18 48 20 46 4 1 13 9 29 12 42 15 37 12 1 46 2 10 3 48 5 25 8 29 9 18 11 41 12 27 13 48 14 38 17 42 19 28 10 2 21 3 50 6 29 7 49 11 49 14 24 15 41 17 18 18 47 19 48
6 8 1 28 2 18 5 36 7 24 9 41 16 33 17 49 19 48 10 6 39 9 36 10 11 11 33 13 11 14 30 16 40 17 33 19 48 20 46 10 1 42 3 26 4 36 5 32 6 21 7 47 10 15 12 44 14 47 18 22 8 2 18 7 10 8 30 9 26 12 18 17 35 19 11 20 19 7 3 42 4 28 5 49 9 34 12 19 16 38 18 26 6 2 11 8 14 10 25 12 29 14 18 18 21
6 6 1 11 9 33 10 41 11 17 12 13 20 37 5 1 17 2 16 5 13 17 26 20 15 5 2 28 12 48 14 35 17 10 19 18 5 1 16 2 49 4 44 6 42 11 30 8 3 18 5 41 6 12 9 18 12 34 13 17 16 18 19 33 12 1 10 2 17 3 10 4 13 5 42 8 27 9 47 13 32 15 19 16 31 18 26 20 12
7 3 4 45 7 42 12 49 6 9 29 10 38 11 42 13 47 16 39 18 49 5 3 15 13 36 18 26 19 34 20 34 9 2 42 6 44 7 18 8 48 11 38 12 42 14 39 17 34 18 44 5 10 15 11 35 12 37 17 21 20 37 6 6 21 10 29 11 11 15 32 17 27 20 17 9 2 29 3 39 4 21 7 25 9 43 11 12 12 22 18 20 19 38
7 3 10 27 11 10 20 20 10 1 47 3 50 6 20 8 11 9 40 10 49 12 10 17 26 18 19 19 34 9 4 33 5 18 8 44 9 30 11 19 13 48 14 30 15 42 20 10 6 1 20 4 40 5 48 8 35 12 42 20 31 8 2 41 3 45 6 11 8 10 11 20 12 42 13 17 19 13 8 1 17 2 34 5 41 7 11 8 20 13 15 19 29 20 46 5 2 27 7 10 15 16 17 11 20 39
8 10 1 47 4 23 5 13 6 50 9 37 10 10 12 42 13 27 18 22 20 42 5 3 47 7 27 8 15 12 17 20 42 10 2 37 4 14 5 22 6 37 7 22 8 17 9 17 13 33 15 47 17 34 12 1 35 3 25 6 26 8 17 9 37 10 21 11 33 12 24 13 17 15 37 16 27 20 11 5 2 27 7 33 8 39 15 27 20 16 5 1 40 8 40 14 46 18 11 20 31 7 1 18 3 41 5 39 8 41 11 21 16 16 19 50 10 3 10 5 13 6 50 7 23 9 15 13 20 15 23 16 33 17 28 18 42
8 6 6 34 8 41 10 17 11 45 14 23 20 19 6 1 31 2 31 5 46 7 32 11 21 19 19 6 1 32 3 15 4 44 8 31 11 12 19 40 12 1 38 2 10 4 43 5 48 6 45 9 31 10 13 12 12 13 13 14 24 16 43 17 45 12 1 24 2 41 4 27 5 46 7 35 8 14 10 20 13 35 14 47 15 10 19 38 20 18 11 2 10 7 50 8 47 10 17 12 13 13 20 14 23 15 15 16 46 17 25 19 38 12 1 47 2 20 5 23 8 31 9 49 10 20 12 13 13 21 15 41 17 23 18 13 19 29 12 1 10 2 16 4 16 5 14 6 50 11 37 13 41 16 11 17 32 18 16 19 18 20 14
3 3 8 30 11 22 16 32 7 6 40 7 32 8 33 12 44 13 26 14 48 15 16 5 6 29 10 46 13 15 18 27 19 43
4 8 4 44 6 31 7 26 10 38 13 24 14 49 17 45 20 46 6 1 48 3 19 4 29 6 21 8 34 14 18 11 1 19 2 17 3 41 4 17 7 15 9 27 10 34 11 39 15 30 19 23 20 12 4 2 32 11 38 16 12 20 16
7 7 1 49 5 46 8 17 11 42 13 18 15 27 20 27 3 5 24 9 18 18 26 5 1 12 2 42 3 28 9 18 11 48 10 3 23 4 17 7 22 10 20 12 32 13 36 14 21 16 15 17 21 20 50 10 1 48 2 39 3 39 6 19 7 49 9 14 10 35 11 17 16 36 19 47 6 3 29 9 35 14 26 15 45 16 38 19 50 11 1 50 2 34 5 27 6 44 8 22 11 39 14 15 15 30 16 23 18 13 20 22
6 10 2 39 4 26 7 24 9 16 12 19 13 17 14 44 16 21 17 39 19 19 8 6 22 8 16 10 40 11 45 14 28 15 15 17 37 19 26 10 1 16 4 33 5 39 6 49 8 37 11 17 12 26 13 19 14 45 20 21 6 2 38 5 43 6 42 9 37 10 18 18 19 6 2 24 5 19 6 45 8 36 9 44 11 41 12 1 41 4 32 5 44 6 33 7 49 10 42 11 48 12 25 13 29 14 26 16 25 20 19
5 11 1 16 2 41 4 14 6 32 8 28 9 42 10 47 13 26 16 46 17 30 20 13 8 1 36 5 45 8 20 11 37 13 24 14 38 17 28 20 11 9 2 31 3 40 6 19 9 28 11 44 13 49 14 31 17 34 18 35 8 4 10 7 38 9 10 10 10 11 27 14 35 16 36 18 36 3 5 36 6 16 12 18
6 7 1 35 3 27 4 11 7 46 11 14 16 49 17 15 10 1 11 2 20 5 15 8 17 9 26 10 11 11 47 13 15 14 30 16 30 11 1 28 4 49 7 43 8 22 10 30 12 36 13 25 14 21 16 40 17 40 20 13 6 3 18 5 30 6 39 8 37 13 44 16 40 8 6 41 8 47 9 41 10 31 11 18 13 31 15 29 16 18 4 3 43 4 27 14 48 15 31
4 12 1 30 5 23 6 39 7 33 10 27 11 46 12 48 13 13 14 27 16 48 18 50 19 31 4 1 15 3 10 4 45 9 49 11 1 22 2 41 5 22 6 47 8 18 10 34 12 34 13 37 15 47 18 33 20 49 11 1 21 2 50 3 31 4 27 5 49 7 41 8 12 10 41 15 32 16 16 17 28
8 12 1 36 2 11 3 39 5 25 7 15 8 47 9 43 10 33 14 12 16 27 18 40 20 44 11 2 13 3 43 5 19 9 45 11 38 12 18 13 38 14 50 16 28 19 12 20 34 7 1 28 2 46 5 15 15 36 16 11 17 40 18 22 3 5 44 12 41 16 47 7 1 48 2 27 5 23 7 34 12 31 15 48 18 37 3 9 32 11 26 16 21 5 1 47 7 26 14 22 18 29 20 38 5 4 31 6 18 8 46 14 47 19 33
6 12 2 18 3 37 5 27 9 48 10 50 12 10 13 47 14 26 15 15 16 21 17 33 20 29 10 1 44 4 28 5 10 6 47 7 27 10 22 13 12 14 42 17 46 20 28 6 10 12 14 31 16 29 18 40 19 16 20 47 12 1 24 2 11 4 42 6 11 8 19 10 42 12 40 13 43 14 30 17 20 18 41 20 18 7 1 14 6 41 7 15 10 39 11 17 14 17 15 45 11 2 18 3 44 4 12 5 11 7 12 8 16 13 48 16 31 17 48 18 29 20 10
3 11 1 39 4 38 5 22 6 35 7 27 8 17 9 28 12 13 16 21 17 21 20 34 12 1 45 2 13 5 19 6 43 7 42 9 19 11 23 12 46 14 42 16 44 19 28 20 22 10 2 15 3 40 4 30 5 25 6 12 7 49 9 40 11 20 15 11 16 26
4 11 2 31 3 12 4 36 5 47 10 45 12 25 13 21 16 14 17 26 18 27 20 33 9 1 27 3 15 7 16 8 33 9 17 10 36 14 36 18 47 20 31 8 3 35 4 26 5 43 7 45 11 13 17 38 18 44 19 44 12 1 21 2 21 3 43 4 19 8 17 9 50 10 10 14 18 15 17 16 32 19 19 20 22
8 7 4 18 10 20 15 31 16 38 17 15 18 38 19 38 12 2 11 3 23 4 35 5 10 8 40 10 17 12 28 13 47 17 43 18 39 19 12 20 23 10 7 37 8 23 9 17 11 28 12 17 15 23 16 16 17 49 19 21 20 49 12 1 13 6 32 7 11 8 37 9 38 10 17 11 33 12 34 13 35 16 23 17 34 19 44 8 1 48 2 48 3 41 10 23 11 26 14 44 17 21 19 49 3 1 33 9 41 12 23 5 2 36 7 19 12 32 13 47 14 38 5 1 27 4 29 5 20 7 44 16 43
5 7 1 48 3 34 5 12 7 49 11 16 14 22 18 23 3 6 35 15 18 16 48 5 2 32 10 24 12 19 15 43 17 18 7 2 39 5 35 6 49 12 47 17 45 18 33 19 42 12 1 15 4 39 5 20 7 44 9 45 10 30 11 33 12 15 13 44 16 46 18 33 20 30
8 6 6 20 7 23 9 43 12 33 19 20 20 17 7 2 32 3 48 4 39 6 46 12 27 14 21 18 20 6 3 36 4 20 5 42 8 49 9 44 10 48 6 4 27 6 32 11 36 12 10 13 24 14 32 9 2 35 4 50 5 31 7 39 8 10 13 40 16 38 18 48 20 26 12 1 40 2 11 3 21 4 15 6 36 7 46 9 43 11 40 12 11 16 46 19 14 20 19 9 3 40 4 48 7 41 9 16 13 23 14 11 15 20 16 50 18 40 4 3 19 7 37 12 47 18 12
3 4 7 25 14 41 16 34 18 21 10 1 19 2 29 3 14 6 35 10 28 13 27 16 39 17 49 18 36 20 43 11 2 44 4 29 5 42 6 40 8 26 9 17 11 33 14 19 16 10 17 23 18 16
4 7 1 15 7 40 10 29 12 41 13 25 15 42 17 25 9 4 49 5 43 7 32 10 34 14 28 15 39 16 19 19 32 20 33 6 1 31 11 47 12 21 13 22 14 22 19 43 12 1 24 4 16 5 50 7 21 9 48 11 18 12 43 14 31 16 12 17 25 18 26 19 15
5 6 2 15 8 32 11 15 13 30 16 20 19 33 11 1 21 2 49 4 47 6 15 8 16 9 17 13 17 14 44 16 21 17 39 18 48 11 2 43 4 34 5 32 6 49 8 45 10 47 11 44 12 47 16 21 17 13 20 45 8 1 22 6 50 9 16 11 37 13 25 15 12 17 40 20 25 6 11 50 12 32 15 14 16 18 18 21 19 32
3 6 5 45 10 19 14 26 15 15 16 13 17 27 5 1 50 2 32 3 36 15 24 18 24 12 2 49 4 23 5 21 7 19 8 46 10 22 11 22 12 12 14 41 16 29 17 20 19 22
8 5 2 46 3 45 8 44 10 13 18 36 12 2 37 3 17 4 33 7 48 8 21 9 45 10 20 11 21 14 27 15 47 16 37 18 25 11 2 33 4 28 6 15 7 25 8 23 10 12 12 42 13 16 14 33 15 14 20 14 6 1 50 2 47 3 48 9 17 11 16 19 26 7 2 34 5 17 6 22 8 33 9 29 10 34 17 34 6 1 37 6 30 7 36 15 17 18 46 19 14 4 1 12 6 14 10 19 19 40 5 1 19 4 42 10 45 12 39 16 22
3 6 3 49 5 44 9 32 12 36 15 21 18 39 8 2 43 3 34 7 38 11 23 15 23 16 38 18 19 20 34 8 1 28 6 30 7 14 14 35 15 33 17 32 19 49 20 14
4 8 3 31 4 13 5 21 12 17 15 29 16 20 18 16 19 41 5 3 38 5 18 8 19 17 26 19 18 11 1 19 2 25 3 11 5 20 7 31 8 23 9 10 10 10 11 40 18 19 20 24 5 9 27 10 13 17 31 18 16 19 22
7 10 1 12 2 32 5 39 6 21 9 31 10 19 15 46 17 26 18 29 19 49 6 2 18 4 15 6 32 7 23 17 20 19 43 5 2 42 3 36 5 16 7 34 8 20 9 2 15 3 14 8 24 9 45 10 29 12 41 13 50 15 13 17 29 3 6 26 16 49 20 22 3 2 20 8 49 17 33 8 3 39 8 25 12 39 13 12 14 24 16 45 19 44 20 31
3 10 1 22 4 32 5 46 7 46 13 50 14 47 15 48 16 11 17 34 20 38 3 4 39 5 31 8 12 11 1 46 2 36 3 32 4 18 7 20 8 16 11 17 14 46 15 43 16 36 18 29
3 7 2 16 3 20 7 48 8 16 9 34 16 44 20 35 3 6 23 11 36 13 14 6 4 34 9 41 15 40 17 39 18 14 20 14
8 3 2 22 8 20 19 10 10 2 19 6 45 7 30 10 46 12 15 13 35 14 49 16 14 17 32 19 44 5 1 37 3 37 8 39 18 30 20 44 3 6 24 16 24 18 41 10 3 35 4 30 7 40 9 28 10 43 12 31 15 42 16 35 19 43 20 31 11 4 19 5 22 6 26 8 16 9 26 12 19 13 47 15 23 16 46 19 49 20 16 4 14 21 17 17 19 16 20 25 10 1 48 3 39 7 20 8 22 10 45 12 28 14 19 15 42 17 15 20 42
8 5 1 13 10 14 12 11 13 24 19 43 3 4 46 6 18 20 26 7 2 24 6 46 7 47 8 31 10 47 13 46 19 50 5 2 48 7 20 8 14 10 24 16 19 11 1 23 2 46 6 24 7 33 9 17 13 25 14 10 16 24 18 48 19 48 20 29 12 1 46 2 46 3 31 4 16 5 45 7 20 9 28 11 24 15 18 17 33 18 34 20 31 3 10 28 18 36 19 28 8 1 27 6 30 7 25 12 17 14 50 16 31 17 40 19 29
5 6 5 50 10 25 12 19 14 40 15 23 16 22 5 2 21 8 13 9 37 13 17 19 15 5 1 40 4 46 7 36 9 32 15 11 11 2 12 5 49 7 38 8 45 10 20 11 40 15 36 16 48 17 44 19 16 20 40 4 2 41 5 26 10 24 14 39
8 8 2 12 3 45 6 15 10 37 15 31 16 42 18 44 20 40 11 3 15 4 34 5 19 6 39 8 49 11 40 13 12 15 37 16 34 17 46 19 49 12 1 37 3 19 4 28 9 39 10 31 11 25 12 36 13 36 16 35 18 45 19 10 20 20 11 2 17 4 41 5 31 6 30 10 47 13 33 14 42 15 23 18 46 19 43 20 19 4 1 50 12 36 15 29 20 34 5 6 23 12 10 13 42 15 30 20 30 7 4 40 8 29 9 40 10 47 14 10 17 45 20 42 10 2 41 7 17 9 33 10 38 14 35 15 19 17 45 18 47 19 29 20 45
6 3 7 31 8 15 13 43 9 1 46 5 23 9 37 13 39 14 34 15 36 16 16 17 39 18 39 5 1 49 2 25 4 48 6 12 8 20 3 1 30 3 12 9 14 9 1 24 5 39 10 18 13 18 14 29 16 39 17 20 18 29 19 19 7 2 11 8 30 11 44 12 13 13 45 14 19 15 22
4 3 1 46 13 48 15 21 11 3 10 5 44 6 17 7 38 10 33 11 48 12 39 13 10 14 17 17 15 18 46 3 2 39 9 48 17 29 12 2 21 3 13 6 21 9 39 10 20 12 30 13 42 14 17 15 14 18 27 19 16 20 37
63 68 49 99 109 109 120 132 138 110 56 49 99 97 73 118 62 107 74 58 79 138 73 158 58 58 74 51 157 41 54 105 37 59 146 125 89 151 105 71
2 2 3 2 3 3 3 1 2 1 2 2 1 1 2 2 1 2 1 1
# Instance ID: 60
# Total operations: 219
# Actual flexibility: 0.380
# Generated: 2026-02-14 14:26:22
# Format: Extended Brandimarte for MOFJSP (Comparison Dataset)