50 25
4 8 2 40 3 26 9 49 13 47 15 14 17 17 21 33 24 32 6 1 38 4 22 12 35 19 28 20 24 25 30 14 1 34 2 15 4 10 6 48 7 16 9 37 12 33 14 12 16 28 17 50 18 50 20 49 21 22 25 46 13 1 25 2 34 3 19 6 37 10 31 11 24 12 23 17 34 20 31 21 37 23 28 24 25 25 37
3 12 1 29 3 46 4 25 5 18 6 27 9 15 10 30 11 35 12 42 15 45 20 12 21 39 5 1 24 11 44 14 44 16 49 18 30 3 4 10 18 31 21 15
8 3 4 15 12 46 25 23 4 10 10 11 29 23 17 25 15 13 5 10 8 20 11 46 12 45 15 50 16 12 17 38 20 17 21 48 22 50 23 33 24 36 25 11 8 5 43 11 14 12 25 13 36 17 34 19 36 21 15 25 44 11 2 16 3 18 5 18 9 16 11 31 12 33 15 35 18 22 20 16 21 27 25 26 13 1 34 3 49 7 17 9 28 11 21 14 20 15 47 16 19 17 39 21 16 22 10 23 34 24 47 10 2 44 3 16 4 20 8 22 11 27 13 44 15 48 17 25 21 21 23 23 9 3 50 4 15 10 39 11 37 14 10 17 45 18 13 21 40 23 48
5 7 2 11 4 25 7 32 8 34 13 19 14 50 23 21 4 1 26 7 40 11 18 13 11 13 1 13 3 31 4 39 6 15 12 33 13 16 15 48 16 33 18 49 19 24 21 22 22 40 23 18 8 3 32 7 28 8 37 14 44 15 19 18 22 19 42 24 31 10 2 22 4 25 5 46 7 47 8 10 9 20 11 36 12 31 15 48 25 19
6 9 1 16 2 36 7 22 8 45 11 44 13 14 16 40 18 41 19 18 13 1 22 2 49 3 39 5 28 6 40 7 19 8 48 15 33 17 37 21 28 22 37 23 46 24 50 7 2 11 3 36 5 16 8 10 15 21 16 42 23 25 7 1 27 4 45 13 23 14 17 19 21 21 22 23 12 9 3 13 4 18 6 31 11 21 16 41 17 12 21 37 24 50 25 16 5 2 16 5 28 13 21 14 26 22 30
6 11 3 44 6 29 7 20 8 45 9 39 10 22 11 24 14 22 15 11 17 38 23 38 6 7 39 9 27 10 34 12 29 15 10 16 19 6 1 18 3 17 10 20 12 29 21 19 24 43 6 9 14 11 13 13 36 20 10 21 50 24 17 7 2 17 8 18 13 24 14 32 16 38 19 46 24 16 15 1 46 3 43 4 34 7 38 8 46 12 31 13 15 15 28 16 22 19 14 21 35 22 33 23 42 24 33 25 30
7 14 1 41 2 20 4 15 8 32 9 36 10 36 11 22 12 47 13 37 15 21 16 39 18 48 22 33 25 27 13 1 10 2 27 3 49 7 23 8 46 10 34 14 27 15 16 16 16 18 40 20 40 22 26 23 28 12 2 17 3 16 4 11 8 13 9 11 10 14 11 19 13 44 14 23 15 38 17 12 24 19 8 2 35 5 18 6 50 8 13 12 29 14 24 18 42 24 47 13 2 17 3 19 8 12 9 32 11 13 12 17 13 18 19 19 20 23 21 18 22 40 24 15 25 24 5 1 34 2 34 10 17 20 18 25 49 9 3 14 4 36 8 18 12 36 13 41 16 45 19 18 20 15 24 27
4 8 2 35 6 17 10 32 11 43 13 36 15 16 21 45 23 50 9 3 22 8 38 10 46 13 45 15 44 16 36 20 39 24 28 25 26 15 2 40 6 48 7 49 10 34 12 22 13 46 14 15 15 14 16 41 17 48 18 21 19 23 20 44 24 42 25 42 6 1 42 6 34 9 20 12 36 21 23 22 44
5 3 13 20 17 39 20 25 5 1 39 4 25 17 40 22 38 25 29 5 8 29 10 42 11 10 14 40 21 42 12 2 34 5 29 8 24 9 45 10 45 11 38 13 22 15 23 19 28 21 34 23 20 24 20 7 5 20 9 20 13 24 15 16 18 50 23 22 25 10
7 7 1 43 3 36 6 49 9 22 11 31 21 11 25 29 12 1 50 2 20 4 10 6 22 7 36 8 50 10 14 12 24 14 34 15 18 21 35 25 24 12 1 48 2 32 3 27 5 15 6 24 8 33 9 19 10 36 17 18 18 20 22 42 25 46 14 1 28 2 17 3 13 4 33 6 12 7 22 8 16 10 47 12 41 16 15 17 15 18 17 19 39 20 10 11 5 42 7 26 8 39 10 34 11 40 16 30 17 12 18 50 19 34 23 22 25 27 7 1 41 6 26 9 13 10 40 15 35 19 36 21 27 7 2 12 4 42 6 50 10 29 13 14 19 18 24 19
5 5 2 41 8 37 18 38 23 23 24 44 14 2 18 3 29 4 33 5 16 9 28 10 12 13 36 17 33 18 25 19 28 20 12 21 20 24 49 25 21 9 4 11 7 29 12 22 13 41 14 26 15 28 16 25 18 14 22 48 10 1 16 5 45 8 41 9 11 12 31 15 21 17 42 19 26 22 32 23 24 13 2 22 3 48 4 43 9 20 11 47 12 42 13 14 15 50 17 10 21 42 23 35 24 12 25 29
4 7 4 13 8 47 11 44 12 14 17 43 19 14 21 27 12 4 47 6 40 7 26 8 24 9 24 12 22 13 29 14 23 15 27 19 14 20 17 23 50 11 1 19 4 20 6 47 9 26 12 42 13 25 18 13 19 19 20 19 21 10 24 29 11 6 18 7 17 8 25 10 50 12 17 13 44 14 50 15 27 17 15 21 45 25 12
6 14 2 14 4 41 5 23 6 21 9 22 10 28 12 20 13 31 15 17 16 22 18 42 19 37 21 17 23 38 8 3 20 7 35 9 19 11 12 14 50 15 50 21 37 24 16 12 1 50 6 10 8 44 9 31 10 28 12 14 17 18 20 28 21 27 22 41 23 43 24 45 7 1 50 2 22 7 30 11 22 15 30 22 22 23 21 7 5 48 9 39 10 45 11 34 16 50 19 17 20 18 11 1 18 2 27 5 35 6 41 7 40 9 30 12 14 13 35 18 35 21 36 25 24
3 3 3 19 8 17 16 16 9 3 38 6 37 9 12 10 10 13 10 14 50 20 29 23 13 25 44 14 1 31 5 31 7 45 9 42 10 22 13 50 14 40 15 17 18 12 19 23 21 31 22 50 24 31 25 45
6 7 7 25 12 28 16 17 19 39 21 29 22 10 23 26 10 3 42 4 44 5 41 8 11 12 26 19 23 20 19 22 12 23 44 24 11 14 2 22 4 27 7 33 8 47 9 42 11 26 13 12 14 40 17 16 19 39 20 30 21 20 23 28 24 38 14 1 47 3 31 5 35 6 27 8 20 11 35 14 20 15 28 17 31 18 44 19 37 20 17 24 22 25 27 10 1 15 3 28 4 25 6 29 10 17 11 44 13 21 17 28 20 32 21 22 11 1 10 5 35 6 46 7 30 8 29 10 50 13 20 15 20 16 24 17 16 18 11
7 15 1 23 3 13 5 20 6 21 8 27 10 50 11 20 12 39 15 46 16 23 17 16 18 35 19 35 20 25 25 19 7 1 45 3 29 9 14 16 32 17 18 24 25 25 32 11 1 13 3 15 5 38 7 35 9 48 13 23 16 17 17 28 18 11 21 19 24 39 11 3 47 5 38 6 29 7 32 9 48 13 24 16 32 19 32 20 11 22 37 24 19 15 1 11 2 30 3 17 5 27 7 26 8 50 9 46 10 43 13 27 14 18 15 39 16 41 19 45 22 45 25 33 10 1 31 3 17 4 35 5 41 7 45 9 43 14 33 15 11 16 33 19 17 11 1 20 2 38 3 20 7 46 8 40 12 29 15 14 20 20 21 40 22 43 25 19
8 5 5 23 6 12 7 47 8 50 10 39 13 2 38 3 26 4 24 5 36 6 19 7 18 8 22 13 47 18 43 19 21 20 40 23 13 24 11 9 5 18 6 21 7 38 9 46 14 22 16 28 19 37 20 20 22 49 3 5 20 11 38 16 40 8 4 31 8 25 10 47 13 22 15 26 17 39 24 48 25 40 3 5 44 7 28 17 13 7 10 29 11 44 12 50 14 25 19 34 23 40 25 47 5 2 32 10 35 18 16 20 19 24 17
3 3 11 14 16 50 19 45 11 2 32 3 24 4 11 5 10 8 26 14 37 16 32 21 20 22 20 23 48 24 38 11 1 14 6 34 8 45 9 18 11 14 12 24 15 24 17 45 18 32 20 16 25 34
7 9 4 22 7 29 8 33 9 40 10 13 17 45 18 16 19 41 24 40 8 7 40 8 49 10 47 16 27 22 30 23 33 24 24 25 11 12 1 36 2 25 4 26 5 38 6 27 8 25 12 44 14 19 16 45 18 42 21 18 25 31 12 1 30 2 45 10 41 11 48 12 11 14 27 16 42 18 13 20 34 21 12 22 35 25 39 13 1 31 3 48 5 13 6 29 7 35 8 44 9 28 16 12 20 42 21 46 22 28 24 10 25 49 7 7 46 9 41 16 43 20 19 21 36 23 42 24 37 5 3 28 7 12 10 46 11 17 17 50
4 10 2 50 4 47 6 45 7 25 8 30 9 22 12 24 15 36 16 18 24 19 12 2 31 6 33 7 26 11 46 12 12 14 26 15 17 16 44 19 29 22 33 24 42 25 35 5 3 41 7 38 13 29 19 25 20 26 13 1 30 3 20 4 40 5 23 7 32 9 19 13 50 15 48 16 10 19 14 20 24 21 23 25 28
3 14 1 11 5 16 6 38 8 38 9 36 10 39 12 33 13 18 14 12 19 10 21 24 22 29 23 46 24 48 14 1 26 3 16 4 11 5 44 6 34 9 40 10 19 11 28 13 11 19 23 20 11 21 31 22 26 25 37 8 10 42 14 30 15 15 16 46 17 25 18 19 21 47 22 45
7 9 3 46 4 45 6 43 7 25 15 42 18 10 19 27 24 17 25 36 12 1 32 3 35 7 41 8 31 10 45 14 27 15 47 17 24 20 17 22 47 23 41 25 28 6 4 50 5 50 9 41 13 21 16 19 22 19 11 1 40 4 50 5 45 8 25 10 43 11 50 14 16 15 29 17 47 19 35 22 21 6 1 14 6 34 10 26 21 36 23 37 25 38 4 8 19 9 48 20 44 22 36 5 5 21 10 21 18 46 20 26 22 24
4 5 4 14 6 30 15 18 23 23 25 32 14 1 31 2 42 3 18 4 41 5 49 6 49 10 14 12 27 16 10 17 26 18 17 19 45 21 36 24 47 3 8 42 12 11 13 28 3 1 33 10 21 12 33
6 5 2 35 9 41 11 48 13 21 14 36 11 1 10 4 46 8 30 10 35 12 40 14 33 17 30 18 13 19 22 23 38 24 35 13 1 20 4 43 5 35 7 46 8 16 10 17 16 13 17 31 18 10 19 36 21 44 22 23 24 33 11 3 26 4 13 7 33 13 25 14 41 15 36 16 38 18 12 22 26 23 15 24 30 4 1 31 3 19 6 13 13 35 3 11 48 15 24 20 27
8 14 3 46 4 30 6 35 8 12 9 32 10 36 11 12 12 40 14 25 17 39 18 38 22 15 23 17 24 42 11 1 18 3 10 4 35 6 50 8 17 9 46 11 26 12 16 21 38 22 24 25 40 15 1 18 2 42 3 25 4 26 6 42 9 36 10 22 15 33 17 30 18 38 20 41 21 30 23 26 24 22 25 50 10 3 15 4 17 6 35 10 47 11 38 19 22 20 35 22 35 23 33 25 27 3 17 12 21 12 24 27 6 6 28 11 15 13 45 14 37 17 11 25 30 6 1 45 2 27 12 43 20 15 24 25 25 36 13 4 12 7 45 11 10 12 20 13 31 14 26 17 23 19 39 20 23 21 16 23 35 24 38 25 36
4 12 1 14 3 12 4 27 6 44 9 21 10 42 11 13 13 14 15 39 17 28 18 32 20 29 9 6 10 7 16 10 21 13 23 14 14 16 49 18 46 20 33 24 50 9 6 34 7 11 11 36 12 27 13 46 16 35 19 18 20 17 25 46 10 1 17 4 50 6 15 12 23 13 24 14 49 17 43 18 47 23 41 24 40
5 5 2 14 9 34 16 45 19 29 25 13 9 3 15 7 48 8 12 12 37 14 19 16 44 20 22 22 34 23 10 3 4 16 11 37 13 42 15 1 37 2 26 3 13 4 26 5 12 7 38 8 47 9 45 11 20 12 11 15 50 17 37 20 22 23 25 24 16 8 2 27 6 20 14 10 16 38 20 15 21 21 22 14 23 16
4 6 4 11 6 43 15 24 17 47 21 39 23 17 14 2 46 4 39 7 32 9 39 10 50 11 15 12 23 13 28 15 49 17 33 19 32 21 19 22 19 23 33 15 1 27 2 39 3 15 4 47 5 13 9 31 11 39 14 26 15 17 16 38 18 49 22 23 23 21 24 15 25 32 7 2 42 4 18 9 36 10 17 16 48 18 48 19 42
4 12 1 36 2 47 4 31 5 34 10 21 11 30 14 14 15 29 17 35 18 32 19 43 25 47 14 2 24 3 11 6 34 8 17 9 20 12 15 13 21 14 36 15 42 16 25 18 26 20 20 22 23 23 17 12 2 50 10 48 12 29 14 32 16 25 17 16 18 16 19 11 21 19 22 47 24 10 25 23 9 1 42 4 38 8 38 9 25 10 17 13 43 16 40 17 46 18 44
8 10 3 14 4 12 6 37 7 20 12 36 15 15 18 18 20 34 24 19 25 28 3 17 20 20 34 22 11 5 6 49 10 44 13 41 22 18 24 29 12 1 23 2 14 4 31 5 29 7 17 11 24 12 46 14 22 17 42 20 32 23 11 25 23 10 1 30 4 17 7 26 10 10 11 27 12 26 16 29 19 31 24 50 25 23 10 1 34 2 35 7 33 8 32 13 36 14 21 15 15 16 19 22 34 24 16 6 1 19 3 27 8 45 10 39 13 50 15 22 8 1 46 2 15 3 38 4 27 14 16 15 45 23 38 25 42
5 9 3 37 7 10 9 17 10 13 15 26 18 38 21 33 24 41 25 33 6 1 40 3 14 8 16 10 12 21 35 25 31 11 5 31 6 42 7 50 12 33 13 31 15 16 16 18 17 20 18 27 21 28 22 48 7 2 27 7 35 16 38 17 28 19 50 23 27 25 42 7 1 34 7 25 14 34 20 35 22 21 23 13 25 33
7 10 1 14 4 21 6 39 9 42 15 14 18 34 19 17 20 22 23 16 24 34 11 2 33 4 30 7 37 9 34 15 31 18 39 19 20 20 12 21 11 22 38 25 15 13 2 37 3 10 4 16 5 23 6 25 8 29 10 44 16 33 17 22 18 35 19 43 21 16 25 46 15 2 41 5 15 10 19 12 33 14 12 15 46 16 25 17 40 18 13 19 12 20 48 21 16 22 15 23 17 25 36 14 2 23 6 21 7 42 10 23 11 46 14 36 15 41 16 38 20 33 21 41 22 21 23 48 24 44 25 32 7 1 15 4 45 10 48 15 16 19 37 20 20 22 15 8 4 14 5 10 8 28 10 34 17 44 20 38 23 16 25 32
7 15 1 10 3 26 5 34 6 38 7 34 11 33 13 31 14 12 15 32 16 37 18 13 20 31 22 39 24 18 25 23 9 1 40 5 37 8 40 10 15 16 29 18 37 19 20 21 22 24 30 4 4 42 21 20 23 20 25 20 7 4 21 10 38 11 39 18 17 22 14 24 25 25 14 8 4 25 5 32 14 33 15 14 16 24 17 32 18 22 24 21 10 2 42 3 13 5 49 8 40 10 45 12 39 19 42 22 30 24 14 25 29 13 5 39 6 11 7 50 8 47 11 42 12 36 13 25 16 36 17 39 18 46 21 26 22 23 23 22
4 12 3 47 5 12 8 44 9 14 11 39 13 21 15 18 18 33 19 43 21 13 23 22 25 47 14 4 34 5 48 6 15 7 39 10 30 14 40 16 42 17 26 18 12 19 15 20 23 23 34 24 37 25 18 5 2 22 7 35 14 11 23 35 24 35 3 6 48 11 27 16 32
5 7 5 45 8 11 12 30 16 25 19 12 21 50 23 45 13 1 29 3 31 5 48 7 42 8 22 11 13 14 32 15 16 16 18 17 21 18 11 20 35 22 22 11 2 48 3 40 4 40 6 31 7 18 12 33 15 50 18 38 20 28 22 35 25 26 4 9 10 12 42 15 34 18 34 6 3 33 10 49 14 24 17 31 20 24 23 36
5 4 2 29 8 45 15 38 18 16 9 1 31 2 23 5 25 9 17 10 37 12 28 13 10 18 13 20 39 12 2 46 3 10 10 16 11 40 12 27 13 46 15 48 17 50 19 24 23 43 24 22 25 39 12 1 38 2 13 8 11 9 28 10 19 12 32 15 19 16 39 17 34 22 49 24 33 25 47 14 1 21 2 11 4 45 8 17 10 26 11 11 15 15 17 43 18 27 20 17 21 45 22 35 24 29 25 21
8 5 1 32 7 23 12 46 14 36 19 20 7 6 49 10 28 11 43 16 38 17 17 20 19 25 36 15 1 45 3 36 5 35 6 25 7 15 8 45 9 47 10 20 11 47 14 10 15 16 16 30 17 26 19 28 20 11 4 1 31 4 18 10 30 24 13 6 2 34 9 26 13 16 21 41 22 25 25 16 13 2 34 3 43 7 15 10 14 11 16 12 11 13 28 16 14 18 26 20 31 21 14 23 38 24 29 12 2 10 3 16 7 48 9 13 10 43 12 29 14 45 15 32 18 23 19 49 22 25 24 14 6 11 15 12 39 15 48 18 29 19 25 21 36
6 8 5 39 7 48 8 17 11 43 15 10 22 21 23 31 24 12 13 5 16 6 25 9 17 12 19 13 19 14 26 18 23 20 10 21 50 22 26 23 46 24 50 25 34 11 3 13 5 40 6 14 7 12 10 44 11 26 12 19 14 32 21 34 22 32 23 45 12 2 47 3 19 4 21 5 14 10 26 12 20 14 35 16 29 17 43 18 27 22 39 23 36 7 2 42 3 50 4 43 8 41 9 44 15 24 25 29 9 4 30 6 19 8 29 9 24 10 35 12 42 17 10 18 15 22 41
7 3 7 47 15 40 18 10 3 1 44 9 31 23 22 5 4 32 12 14 15 28 16 35 24 49 8 1 16 5 50 7 28 9 33 13 38 16 37 18 17 24 17 3 5 15 6 28 12 28 9 3 40 6 49 8 25 9 21 10 44 14 33 15 42 18 35 22 27 5 3 12 11 17 15 34 16 25 21 48
8 7 3 18 4 40 5 29 8 38 11 23 13 14 24 48 11 1 44 4 15 5 44 8 33 10 31 12 35 13 46 16 31 21 29 22 33 25 38 14 2 41 3 24 4 12 6 39 8 19 9 19 10 12 12 39 13 11 16 32 18 22 19 26 20 21 22 10 15 1 16 2 47 5 29 6 50 8 15 9 20 10 15 11 12 13 24 14 17 15 30 16 30 20 23 23 45 25 22 4 4 46 8 12 12 43 13 22 3 6 40 7 48 15 36 7 3 10 6 47 7 18 9 24 20 38 21 17 22 41 3 8 42 10 10 12 40
3 4 4 49 8 35 19 26 20 13 10 1 21 2 43 3 36 8 47 10 15 11 26 12 17 13 23 17 18 24 40 3 8 48 10 16 25 38
7 12 2 40 4 44 5 45 7 15 9 21 14 46 18 33 19 34 20 30 22 34 23 22 24 33 12 3 31 5 37 6 47 7 43 8 44 10 35 14 28 16 41 17 14 19 50 20 28 22 48 7 6 39 8 35 9 11 13 15 15 41 19 49 20 29 6 1 27 7 44 8 47 9 10 16 38 18 19 12 2 19 4 10 5 26 7 20 11 33 13 36 17 25 18 29 21 29 23 22 24 14 25 21 4 1 47 14 13 19 39 23 47 6 1 35 13 50 19 44 21 19 22 45 25 39
8 3 1 35 16 21 23 31 12 3 14 4 48 6 28 9 42 10 36 13 41 14 31 17 34 19 44 20 23 23 35 25 23 6 3 25 7 44 8 21 20 29 22 34 25 34 3 7 41 20 25 24 18 11 2 20 4 11 6 17 11 43 12 36 14 12 16 25 20 19 21 17 22 29 24 29 14 2 20 3 13 6 29 8 25 9 43 10 14 11 28 13 15 14 19 17 14 18 27 20 33 21 31 25 36 9 1 33 2 11 5 42 9 12 10 26 12 32 15 44 16 49 18 32 7 3 44 5 47 6 48 7 43 11 22 17 18 23 19
7 7 6 34 7 36 9 35 15 14 18 36 19 11 24 14 3 10 32 15 10 20 49 13 2 46 3 30 9 40 12 21 13 16 14 40 16 43 18 48 19 27 20 10 21 19 24 34 25 35 13 4 12 8 30 9 22 11 22 13 26 14 23 16 19 17 34 18 31 20 42 21 45 22 21 25 40 9 1 13 2 20 4 48 12 49 17 49 18 13 22 41 24 38 25 36 8 2 25 5 33 15 44 16 37 18 38 21 29 24 19 25 43 3 11 43 17 37 24 46
6 4 1 46 2 15 7 50 11 25 10 1 41 2 22 3 37 5 24 6 39 8 50 16 47 18 24 19 31 24 44 15 3 16 5 47 8 18 9 18 10 42 11 46 13 19 15 44 17 31 18 12 19 21 20 40 22 27 23 48 24 26 3 14 12 23 35 24 38 15 2 22 3 39 7 24 8 46 12 18 13 20 14 12 15 23 16 50 17 13 20 39 21 33 22 11 23 33 24 40 3 2 40 5 46 14 12
3 5 2 15 15 20 17 15 18 35 20 11 7 2 36 4 31 6 13 18 12 19 24 23 49 24 46 4 7 29 12 23 13 27 18 38
6 4 4 16 7 22 11 47 22 32 14 1 23 3 38 4 15 5 32 7 40 9 15 13 27 14 11 16 35 18 48 20 20 21 29 22 41 24 17 4 4 39 5 24 8 31 11 46 8 5 22 7 14 10 22 13 14 15 13 16 44 20 33 23 50 8 2 32 3 28 10 49 13 29 14 14 16 38 19 40 22 38 8 4 27 5 39 8 12 11 21 14 37 18 11 21 15 25 37
3 11 2 28 6 35 7 24 9 31 10 27 13 15 14 30 16 25 19 12 24 30 25 22 13 3 49 5 37 6 43 7 32 8 14 11 19 12 35 14 41 15 24 16 47 17 11 18 43 20 50 9 7 12 8 20 9 33 16 30 17 21 19 44 21 27 22 12 23 13
4 6 5 30 7 38 9 36 10 42 12 44 21 25 6 2 40 3 22 11 43 13 37 16 35 23 39 6 13 38 14 16 15 48 17 39 18 16 23 22 5 1 21 5 36 8 41 20 40 21 21
8 5 5 20 8 23 13 20 16 46 22 50 3 11 37 15 43 22 17 11 3 48 7 36 9 16 10 49 11 12 12 16 15 36 16 48 18 21 19 14 23 11 12 1 35 2 44 5 41 8 13 10 43 12 46 18 24 19 37 20 16 21 35 22 18 25 20 5 2 35 6 15 15 37 21 37 24 46 8 2 26 6 35 7 11 8 11 10 15 11 33 13 32 20 17 9 1 42 6 24 11 13 13 47 14 42 16 24 18 37 19 36 21 29 14 1 33 3 14 6 38 8 15 9 28 12 32 13 20 14 20 16 29 17 14 18 27 20 47 21 17 23 13
64 38 123 73 106 100 94 61 62 93 79 59 85 55 76 139 149 46 137 62 58 125 73 73 108 52 62 78 73 139 97 95 113 66 62 75 136 100 116 137 45 105 132 132 72 49 114 58 62 152
3 3 2 3 2 1 1 3 3 1 3 1 3 2 2 2 2 1 2 2 1 2 2 3 3
# Instance ID: 64
# Total operations: 278
# Actual flexibility: 0.351
# Generated: 2026-02-14 14:26:22
# Format: Extended Brandimarte for MOFJSP (Comparison Dataset)