30 20
7 10 1 23 2 43 3 23 4 27 5 16 6 21 9 28 12 40 16 18 17 21 6 2 14 5 48 10 40 15 32 17 23 20 40 3 2 20 8 25 14 48 12 1 43 2 22 3 50 4 39 6 33 7 32 9 44 14 21 15 36 16 24 18 20 20 15 11 2 43 4 15 6 43 9 17 10 16 11 48 12 49 14 27 15 21 19 45 20 17 10 1 47 4 30 5 31 7 22 8 29 10 22 11 22 13 28 17 46 18 39 4 1 27 5 13 15 46 20 23
6 5 2 11 5 49 7 15 9 39 10 24 4 5 28 7 24 8 10 13 43 10 1 17 6 18 8 15 9 20 10 33 12 41 14 49 16 44 17 47 19 37 12 2 28 3 49 4 33 5 21 8 12 9 38 10 34 11 46 12 47 17 50 18 14 20 32 5 3 41 7 42 15 46 18 32 20 16 9 1 11 2 19 4 39 5 38 6 34 12 13 13 17 18 18 20 24
3 4 5 33 11 15 13 11 16 12 3 7 44 13 32 14 40 7 8 38 9 50 13 15 14 44 16 27 19 33 20 42
6 4 2 16 6 21 8 47 13 14 11 2 43 3 12 6 23 7 15 10 13 13 19 14 34 15 19 16 24 19 38 20 11 8 2 19 3 46 6 20 10 30 11 28 13 35 15 31 16 27 10 1 23 3 34 5 31 6 24 8 32 10 28 13 20 14 23 17 38 18 20 7 3 40 5 34 7 14 13 41 14 29 15 38 20 47 3 9 20 11 19 12 28
4 5 2 33 5 28 9 48 12 38 14 44 3 8 40 9 15 13 49 9 2 37 4 12 7 17 10 32 13 34 15 31 16 25 17 46 20 48 8 3 10 4 15 5 32 6 11 9 26 11 23 13 50 19 39
5 12 1 24 2 37 6 26 8 30 9 26 11 50 12 45 13 38 14 33 15 49 17 38 18 46 12 1 23 3 34 5 43 9 20 10 40 11 30 12 35 13 42 15 26 16 47 18 41 20 43 8 2 30 3 24 13 13 14 42 15 16 16 31 17 43 19 10 11 2 28 3 36 4 40 9 14 10 46 11 49 12 47 13 19 15 39 17 31 19 20 6 1 49 4 33 5 49 12 34 15 22 18 30
3 4 12 13 15 33 16 23 18 21 3 8 14 13 24 19 50 3 3 36 10 27 19 16
7 12 1 46 2 24 3 19 4 43 6 47 7 27 8 12 9 14 10 15 14 39 16 14 19 22 3 1 49 8 39 16 16 11 2 50 4 16 8 36 9 46 12 19 13 38 14 32 15 49 16 20 18 41 19 29 9 1 40 2 28 3 13 8 10 10 48 11 39 13 13 15 14 20 42 6 3 10 5 34 9 16 12 10 13 43 18 31 6 1 11 2 16 14 10 15 19 16 18 19 18 4 6 49 7 12 13 30 18 16
4 3 3 14 4 34 18 46 6 1 39 4 37 9 49 13 43 15 40 19 14 3 4 15 10 15 19 37 6 2 46 5 34 6 26 12 18 18 47 19 31
6 11 1 26 2 29 3 48 4 34 5 30 6 30 8 12 13 20 14 27 15 20 17 15 11 2 10 5 20 6 28 8 19 9 26 10 18 11 36 12 23 14 25 15 33 17 21 6 4 17 8 22 10 19 11 10 15 19 19 11 9 1 38 2 37 3 39 5 27 7 29 8 43 9 20 13 21 19 42 10 1 24 2 12 5 47 7 34 10 36 14 35 16 38 17 37 18 21 19 46 9 1 41 2 17 3 36 5 29 6 48 10 30 11 26 14 30 15 50
8 11 2 17 4 32 8 22 9 26 10 20 11 39 12 42 14 47 15 23 16 50 17 21 11 5 50 6 28 7 18 9 41 13 29 14 48 15 28 17 37 18 29 19 31 20 50 7 1 29 2 24 5 34 7 36 11 30 18 46 20 28 8 3 31 4 25 5 23 6 32 7 34 18 36 19 42 20 20 5 12 29 14 48 16 50 17 19 18 10 6 1 50 4 39 7 50 17 35 18 14 20 49 4 1 16 12 29 15 15 16 17 4 4 19 12 23 13 14 17 32
4 6 3 44 4 39 6 35 9 31 18 12 20 46 4 7 11 12 33 13 38 15 48 5 2 13 3 11 4 47 12 26 18 28 6 1 18 2 10 4 34 5 31 15 35 16 46
3 7 1 43 5 21 7 34 11 22 14 20 15 35 18 38 9 1 31 2 24 3 48 4 42 8 40 10 15 12 27 16 16 20 27 5 1 34 5 26 8 34 10 17 14 28
6 6 3 29 7 18 8 44 14 48 17 30 20 29 3 10 40 12 26 18 25 11 3 31 5 48 8 39 9 46 10 45 11 47 13 44 16 21 18 21 19 28 20 31 8 1 29 2 50 4 47 5 49 9 35 10 17 15 17 19 40 10 1 38 6 49 7 44 9 34 10 34 11 18 12 37 17 48 19 21 20 23 6 1 50 2 18 8 32 11 32 12 22 19 48
5 8 6 23 7 16 8 21 12 32 13 20 14 29 15 33 16 43 10 2 25 4 23 6 33 8 45 14 22 15 36 17 19 18 28 19 46 20 50 5 3 47 4 29 11 29 14 24 19 45 10 3 32 4 42 6 47 10 15 11 13 15 32 16 27 17 44 18 21 20 31 9 4 17 6 37 7 15 9 19 11 10 13 48 14 49 15 19 16 45
4 9 5 31 8 16 10 30 11 24 12 35 13 38 16 18 18 13 20 47 10 2 30 3 35 4 43 9 31 11 46 12 27 13 28 15 15 18 36 20 28 12 3 11 4 20 5 34 6 18 7 16 8 43 9 12 11 35 13 10 15 25 17 36 19 25 5 4 19 6 48 8 15 11 37 12 32
3 9 2 15 3 28 7 42 8 28 9 30 10 27 13 29 15 22 16 11 3 10 38 11 41 15 40 7 4 16 9 35 10 25 12 22 14 21 16 33 20 24
7 6 2 32 7 39 11 42 12 34 14 35 15 13 10 1 34 2 46 6 32 7 11 11 42 12 33 13 19 14 37 15 15 17 13 9 3 41 5 27 7 16 12 26 13 14 14 21 16 27 17 10 18 26 6 6 47 7 34 10 13 14 10 17 10 19 14 11 1 47 2 23 4 47 5 50 7 19 9 40 11 15 12 46 16 16 17 42 18 47 12 1 39 2 33 4 39 5 36 6 10 7 16 8 42 9 12 11 43 15 37 16 38 18 30 5 3 31 5 18 10 43 14 49 20 24
8 5 4 15 11 41 13 41 14 22 17 14 6 3 30 4 18 8 41 10 37 15 21 16 32 8 2 18 8 30 9 37 12 37 14 50 15 31 16 17 20 34 6 2 31 4 26 6 44 15 22 16 36 20 21 11 1 35 3 10 4 40 5 29 6 47 7 36 8 50 10 42 12 38 13 30 17 38 7 3 17 9 42 10 41 11 23 14 49 16 45 20 21 4 5 44 11 41 17 40 19 27 3 2 14 7 31 12 14
6 6 2 36 6 49 10 46 12 37 13 24 14 44 10 2 25 3 43 4 50 5 25 6 26 9 15 10 11 16 37 17 33 18 39 5 12 36 13 20 14 12 15 36 20 41 3 7 34 8 38 20 41 10 2 43 4 21 8 13 9 10 10 23 12 27 17 12 18 49 19 25 20 31 11 1 10 2 37 3 35 4 35 6 28 7 37 11 33 12 16 16 42 18 27 19 40
4 11 6 32 8 39 9 47 10 40 11 15 14 16 15 28 16 48 17 15 19 39 20 48 7 2 50 3 46 4 32 6 16 13 11 14 44 17 23 5 13 44 14 48 16 46 17 43 18 29 5 1 31 6 13 8 24 13 13 20 30
4 5 4 12 6 38 9 36 19 33 20 16 6 6 37 7 13 8 25 10 50 11 46 12 36 4 1 47 6 40 9 13 18 29 8 2 46 3 38 7 36 12 41 13 34 14 19 15 17 17 50
5 6 3 24 5 17 10 32 11 22 13 42 20 50 6 3 13 8 12 10 43 12 31 16 46 18 12 7 1 12 2 23 4 35 6 26 8 21 9 25 11 41 6 3 14 5 28 7 50 10 38 16 17 20 42 12 3 16 5 12 6 16 8 41 10 18 11 41 13 27 15 44 16 18 17 15 19 31 20 15
5 10 1 13 2 27 3 47 4 34 5 15 8 49 11 36 14 50 16 30 20 15 12 1 37 3 42 5 37 6 20 7 23 8 38 9 42 13 33 14 38 16 39 18 16 20 39 4 3 41 6 34 7 40 19 10 10 1 29 3 31 5 21 6 38 7 42 10 28 14 22 15 10 18 10 20 24 12 2 44 5 36 6 44 7 29 10 48 13 42 14 41 16 27 17 48 18 22 19 21 20 10
7 6 5 40 6 11 9 23 13 40 17 33 19 33 10 4 10 6 47 7 19 10 26 11 36 12 28 15 23 16 11 18 42 19 17 6 5 11 6 26 12 14 15 18 18 20 20 36 9 1 38 6 24 8 16 9 28 10 46 12 19 14 37 15 37 18 21 5 1 22 9 45 14 19 15 42 16 13 10 2 37 3 27 5 17 6 50 9 39 12 47 13 25 14 48 16 48 19 34 12 4 45 7 42 8 23 9 45 12 35 14 43 15 47 16 43 17 19 18 32 19 42 20 17
8 10 3 31 4 12 6 41 7 50 12 48 13 50 14 49 17 25 18 40 19 44 10 1 11 4 22 5 23 7 28 8 21 9 48 10 49 12 32 15 13 18 44 9 1 38 2 35 3 38 5 39 9 38 14 44 15 36 17 38 19 24 12 2 46 3 46 5 24 6 23 7 12 8 33 9 23 10 41 11 27 16 12 18 37 19 20 7 2 27 3 45 4 40 5 41 8 22 13 34 18 32 4 4 49 9 44 17 36 18 35 4 1 35 5 25 7 33 10 40 5 7 40 9 19 12 35 13 43 15 30
7 3 1 45 5 29 15 24 11 1 30 3 11 5 30 7 14 10 27 11 49 12 11 14 29 17 42 18 39 20 24 8 5 30 8 25 9 34 12 28 13 49 14 46 16 35 20 16 3 15 39 16 19 20 19 5 3 30 5 25 10 25 13 12 14 10 5 1 13 5 40 12 36 15 49 16 40 9 2 45 4 34 5 48 6 10 8 17 11 37 17 43 18 14 19 19
3 3 1 13 11 11 16 35 12 3 26 4 26 10 30 11 32 12 37 14 31 15 21 16 23 17 21 18 18 19 16 20 29 11 3 15 6 38 7 35 9 46 10 48 12 22 13 23 14 13 15 25 19 45 20 15
3 8 1 37 2 48 6 33 11 14 12 10 14 37 16 23 19 36 4 3 28 5 12 16 42 17 17 4 1 46 7 48 13 24 15 43
7 5 3 43 5 47 9 48 11 47 15 46 9 1 19 5 14 6 42 8 32 9 13 16 30 17 34 19 13 20 45 6 1 26 4 44 5 32 14 43 19 46 20 36 8 1 44 3 37 4 32 9 29 10 39 17 14 18 49 20 21 10 1 35 2 34 5 19 6 24 8 11 9 13 12 33 15 35 17 10 18 47 7 1 18 2 24 4 31 9 13 12 36 13 35 14 50 8 1 42 2 33 6 33 10 39 12 37 13 31 14 41 16 44
125 79 39 114 72 81 55 100 58 72 131 55 36 83 63 77 43 88 156 76 72 70 84 79 98 110 96 47 57 91
3 1 3 2 3 2 3 1 1 2 3 3 1 1 3 1 3 3 3 3
# Instance ID: 50
# Total operations: 158
# Actual flexibility: 0.365
# Generated: 2026-02-14 14:26:22
# Format: Extended Brandimarte for MOFJSP (Comparison Dataset)