15 10
4 5 1 17 2 10 4 13 8 24 9 18 2 6 50 7 15 5 1 22 2 38 5 18 7 15 10 31 1 1 39
3 1 3 46 4 1 37 4 21 7 32 8 23 2 5 38 10 19
6 1 10 49 5 4 40 5 13 8 15 9 27 10 34 2 4 43 7 25 6 1 40 3 44 6 41 7 32 8 46 9 42 3 3 11 5 30 7 48 2 1 13 5 40
3 5 1 25 2 27 3 44 4 13 6 24 5 2 47 3 30 6 32 7 47 10 11 6 3 29 4 21 5 41 6 12 7 15 8 13
6 2 4 11 10 43 4 1 18 4 31 6 21 7 30 1 1 19 5 1 35 2 47 3 16 6 31 10 29 3 3 50 7 41 10 30 2 6 24 9 47
4 2 5 28 7 18 2 1 46 7 12 2 6 49 10 24 6 1 25 2 32 3 30 8 20 9 50 10 15
3 6 1 14 2 32 3 26 6 16 8 10 10 13 4 3 41 4 34 7 32 8 44 4 2 38 4 14 8 12 10 28
8 1 6 26 1 2 31 2 3 14 7 45 1 6 48 5 1 48 2 37 6 20 7 13 8 16 3 4 45 7 44 10 26 6 1 46 4 45 5 41 7 19 8 13 10 33 1 7 15
7 3 4 16 8 11 10 23 2 2 40 5 17 3 7 26 8 15 9 44 4 3 21 6 38 7 12 10 26 4 4 27 5 46 7 13 8 19 6 2 47 4 24 5 45 6 13 7 34 10 43 4 4 29 8 15 9 35 10 12
5 5 1 21 3 20 4 23 9 22 10 18 1 7 15 6 3 30 4 14 5 15 7 34 8 45 10 35 5 1 49 5 47 6 43 7 36 8 17 4 1 46 2 16 3 28 10 44
6 3 5 41 7 46 10 48 4 1 19 3 49 4 48 5 35 1 7 31 6 1 31 3 29 4 29 7 27 8 41 9 16 2 3 38 5 30 3 2 38 4 23 7 36
8 6 1 20 5 14 6 29 7 42 8 35 9 18 5 1 13 2 25 3 12 7 39 10 13 3 4 39 5 42 6 35 6 1 38 2 21 3 40 4 47 5 45 8 32 3 2 28 3 11 5 34 1 3 46 2 4 23 10 27 6 1 40 6 18 7 21 8 48 9 10 10 24
5 3 5 37 9 34 10 32 4 3 43 4 49 5 35 8 47 1 1 42 6 1 40 3 14 5 31 6 27 9 50 10 30 3 4 19 5 43 10 25
5 1 10 35 6 1 26 3 36 4 35 6 34 9 12 10 47 6 2 44 4 50 6 40 7 32 8 42 10 29 2 3 28 9 16 4 3 31 5 15 6 24 10 32
3 2 5 31 7 33 3 5 17 8 40 10 13 6 1 34 2 43 5 29 8 36 9 13 10 19
70 50 82 56 79 70 59 121 86 71 111 107 98 94 49
1 1 2 2 3 2 1 3 3 2
# Instance ID: 12
# Total operations: 76
# Actual flexibility: 0.346
# Generated: 2026-02-14 14:26:22
# Format: Extended Brandimarte for MOFJSP (Comparison Dataset)