30 20
3 7 1 37 2 49 8 30 9 36 12 15 19 24 20 29 7 2 44 8 25 14 44 17 11 18 17 19 35 20 47 6 3 23 5 41 9 41 11 48 14 25 16 50
7 12 1 42 2 33 3 21 4 11 6 10 7 50 12 19 13 25 15 47 17 16 18 33 19 19 6 3 14 7 28 8 10 11 47 13 45 19 21 4 2 25 6 17 16 45 20 48 9 1 25 2 16 4 39 6 41 10 50 15 30 16 35 19 46 20 10 3 1 39 3 34 4 31 6 5 23 6 42 8 40 10 17 17 33 19 14 8 2 13 4 45 8 38 10 10 11 18 14 40 16 19 20 44
8 5 2 43 8 10 9 44 18 22 20 28 12 1 21 4 26 6 14 7 44 11 24 12 18 14 32 16 21 17 38 18 34 19 20 20 33 5 2 16 3 37 4 39 6 46 8 32 7 6 11 7 16 8 15 11 35 13 38 17 42 20 17 4 14 18 15 48 18 10 20 21 8 4 20 5 37 7 38 11 24 13 11 14 20 16 20 17 12 12 1 22 3 14 4 48 5 43 6 27 10 14 11 13 13 31 14 11 16 38 17 30 19 30 3 9 30 17 20 20 45
6 7 2 42 8 26 13 37 14 38 15 49 16 41 19 13 3 1 38 8 35 18 27 7 2 10 6 15 8 41 11 20 12 38 17 20 19 39 12 1 33 2 16 3 15 4 20 5 14 6 22 8 26 9 11 12 37 14 22 15 34 16 44 3 2 11 3 21 12 29 3 3 14 11 40 13 50
3 7 2 27 3 44 7 32 11 38 15 46 16 37 19 42 11 1 11 3 29 6 50 7 29 8 44 9 15 10 25 11 44 12 43 13 17 14 46 3 4 31 9 36 20 41
7 9 3 11 5 16 7 40 10 12 11 46 14 19 15 16 17 38 20 37 7 2 23 3 45 11 10 15 26 16 32 17 24 19 29 10 3 13 4 49 5 32 6 50 12 47 14 21 15 44 17 27 18 43 19 46 11 3 23 4 50 8 31 10 40 12 50 15 11 16 20 17 26 18 11 19 49 20 25 12 3 39 5 25 7 47 9 45 10 24 11 30 13 35 14 32 15 18 17 25 19 48 20 14 11 3 25 4 29 6 10 8 34 12 50 13 20 14 13 15 16 16 36 17 37 18 22 6 2 33 4 35 5 22 9 26 19 31 20 21
7 9 3 39 4 12 6 28 7 27 13 27 14 33 16 33 17 17 18 29 6 2 39 3 31 5 26 9 46 10 26 17 28 12 3 34 5 25 6 42 9 17 10 33 11 14 12 20 14 49 15 17 16 17 19 36 20 27 10 3 21 6 26 8 38 9 23 10 30 13 23 14 49 16 49 18 43 20 41 8 1 17 4 26 6 33 8 14 12 43 16 24 17 27 19 40 12 2 11 3 42 4 15 5 18 6 26 8 35 9 29 11 25 14 40 15 44 18 50 20 34 5 2 50 3 36 7 10 9 37 10 36
8 12 1 14 2 43 3 41 4 48 5 50 8 12 10 34 12 31 13 10 14 37 19 14 20 27 10 1 22 3 15 4 36 6 12 12 10 14 26 15 13 17 21 18 40 20 20 11 1 35 2 15 3 26 8 49 9 45 11 28 14 19 17 33 18 12 19 39 20 49 9 1 28 2 15 6 27 9 27 11 18 13 26 15 35 17 10 19 40 6 3 32 6 47 8 33 12 20 14 43 16 30 12 3 47 4 24 7 11 8 31 9 30 10 41 11 40 12 46 15 40 16 48 19 44 20 23 9 1 33 2 47 10 23 11 48 12 27 14 44 15 16 16 30 18 10 7 2 11 7 18 8 43 11 32 13 45 19 50 20 36
5 12 1 30 5 15 6 20 7 15 8 13 11 15 12 42 13 28 14 18 16 34 18 20 19 18 9 1 32 3 47 4 28 5 13 10 42 13 32 15 48 17 50 20 24 8 5 25 6 40 8 39 11 47 12 31 13 12 17 38 20 36 8 8 32 9 19 11 31 12 14 13 20 15 20 16 31 17 45 7 2 20 3 20 6 40 13 47 14 50 15 21 16 49
7 7 6 35 7 41 10 26 11 47 13 46 14 49 19 13 5 2 12 8 38 9 10 11 13 17 45 7 3 46 5 30 7 40 10 30 11 24 18 44 20 31 4 7 31 8 20 13 49 16 28 9 1 32 3 19 5 11 6 35 9 25 10 23 14 26 15 36 18 14 4 16 22 17 38 19 19 20 43 5 2 28 7 16 12 49 13 14 18 40
7 4 2 24 7 13 8 42 13 33 7 3 37 7 13 8 21 10 11 11 50 17 48 20 22 4 2 20 8 14 16 12 18 47 6 13 39 14 39 15 25 16 36 19 31 20 39 9 1 42 4 17 5 49 10 31 11 26 12 22 17 32 19 17 20 16 3 5 46 7 30 13 33 6 2 25 5 22 7 15 8 23 12 33 18 14
7 7 1 34 3 26 11 11 15 37 17 18 19 37 20 10 9 4 42 5 40 10 37 11 20 12 16 13 36 14 28 15 45 18 25 7 2 28 3 13 5 37 8 46 10 30 15 40 19 20 8 2 39 4 39 6 17 8 20 9 33 10 44 12 21 20 44 7 2 31 3 49 7 47 10 14 12 47 17 27 18 30 9 1 11 3 26 4 14 9 33 10 20 11 29 14 19 19 43 20 34 10 1 47 2 40 9 41 11 48 12 32 13 12 15 17 16 29 17 34 18 38
7 3 8 41 14 19 20 31 3 1 13 5 29 17 14 10 1 25 2 16 7 36 8 16 9 24 11 29 12 10 14 41 16 47 20 49 5 3 30 9 21 12 41 13 32 16 28 5 5 42 7 31 13 15 16 32 17 13 9 2 30 3 33 6 36 8 36 12 15 13 36 16 36 17 45 19 47 7 2 36 5 50 7 10 8 31 14 46 18 33 19 30
4 4 3 23 4 47 8 31 14 36 6 3 19 5 33 6 35 9 48 12 35 18 14 12 3 45 5 29 7 43 8 40 9 46 10 42 12 50 14 48 15 36 17 22 18 15 20 46 9 1 23 2 34 5 46 6 21 8 21 11 32 12 46 16 15 18 37
4 7 1 35 4 47 5 10 8 17 16 41 19 34 20 23 4 3 25 14 39 17 11 20 43 8 1 22 3 10 8 36 12 22 13 32 14 36 16 40 18 23 8 3 43 10 29 12 14 13 10 15 29 16 10 17 12 20 23
5 5 1 29 5 43 7 21 16 38 19 29 9 2 45 5 42 7 19 8 10 11 25 13 44 14 10 19 37 20 47 8 3 14 4 16 5 16 11 20 14 42 16 15 17 39 19 41 12 1 21 4 42 5 14 7 25 8 20 10 36 11 30 13 47 14 42 15 27 18 31 19 10 6 1 24 2 41 6 33 7 23 9 32 16 50
3 6 3 38 4 31 5 36 7 38 9 16 11 47 8 2 13 8 39 9 14 12 18 13 35 15 31 19 19 20 28 12 3 42 4 20 9 10 10 14 11 30 12 17 13 27 16 47 17 39 18 38 19 41 20 36
7 7 3 32 7 38 8 36 13 32 14 18 19 42 20 20 5 1 18 4 46 9 29 11 45 13 26 12 2 44 4 44 7 37 8 31 9 50 10 31 11 11 12 12 13 47 14 15 15 33 19 48 8 4 33 5 47 7 22 10 34 12 10 13 17 15 47 17 28 4 1 34 5 16 14 45 15 30 6 2 38 14 18 15 10 16 18 17 11 19 24 6 1 46 3 49 4 37 6 35 18 40 20 37
8 6 1 28 4 26 6 42 7 24 15 34 20 33 9 1 41 4 28 6 22 7 47 11 36 15 41 16 40 18 12 19 30 7 3 48 5 10 7 47 8 31 13 27 15 37 18 45 11 1 16 2 18 3 47 4 21 6 37 8 36 9 18 12 30 14 27 16 41 18 42 3 2 43 11 13 19 29 3 3 17 10 30 13 48 10 1 42 2 30 3 26 4 35 8 38 9 24 15 50 18 29 19 41 20 28 6 2 23 8 16 9 46 13 43 17 30 19 46
3 9 1 28 2 18 3 44 4 50 5 26 6 21 8 32 16 50 17 14 4 2 32 3 48 7 29 19 10 12 1 24 3 18 6 25 8 45 10 44 11 38 12 36 14 39 16 34 18 37 19 12 20 50
8 9 1 23 3 46 5 49 6 40 7 45 11 23 13 44 14 39 17 28 7 1 20 4 46 7 23 16 50 17 49 18 38 20 10 5 6 10 8 40 13 17 17 32 20 29 11 2 36 3 13 4 31 8 38 9 38 11 35 13 38 14 41 16 14 17 47 18 18 11 2 27 3 12 5 32 6 42 8 49 9 21 12 25 15 10 17 23 18 36 20 10 9 3 27 4 48 10 40 11 21 14 34 15 30 16 31 17 39 19 14 6 9 33 10 16 12 29 13 30 14 24 16 38 8 6 44 9 19 10 30 11 18 12 36 13 48 15 46 17 13
3 4 4 17 12 30 17 37 18 40 6 3 37 8 28 11 36 12 41 18 12 20 33 3 1 48 14 44 18 22
5 11 1 42 3 37 6 13 7 25 8 50 9 29 12 32 14 34 15 22 18 25 19 23 11 1 31 3 14 5 30 6 31 8 40 10 43 12 50 13 18 18 35 19 22 20 44 11 1 34 2 20 5 42 6 50 7 34 8 47 9 39 11 26 14 40 17 36 19 21 6 1 45 7 38 8 21 9 36 12 43 16 16 12 2 42 3 10 4 35 5 21 6 32 7 25 9 47 11 26 12 16 13 42 14 33 19 27
7 8 3 15 4 26 6 10 9 13 11 24 12 32 15 35 19 24 3 6 19 7 37 17 40 6 1 44 10 34 11 33 15 38 17 16 19 37 11 1 36 3 21 5 44 6 36 7 44 9 30 12 34 13 28 14 50 17 23 19 29 10 1 38 2 21 3 43 6 48 7 50 9 28 10 35 13 39 17 23 18 35 6 1 45 3 28 7 34 8 12 13 16 14 40 5 1 23 5 35 8 29 13 48 17 13
7 11 3 12 4 24 5 16 7 13 10 16 11 34 13 36 14 25 16 34 17 37 20 21 5 9 14 10 28 11 10 12 44 17 50 8 2 50 5 10 6 42 12 29 13 43 15 37 19 15 20 12 9 1 47 2 11 5 50 6 16 7 38 13 26 14 49 15 31 19 22 11 1 44 2 44 4 28 5 30 7 40 8 24 10 19 12 14 13 37 17 32 20 13 5 5 32 7 27 9 26 17 10 18 39 4 1 49 3 43 6 33 15 11
6 5 1 37 8 38 12 16 14 26 19 44 8 2 39 4 46 5 30 7 32 8 26 13 14 16 20 20 46 11 1 14 3 32 6 21 9 13 10 42 11 47 12 32 13 18 14 17 18 38 20 35 11 1 24 3 18 4 27 6 48 8 14 13 24 14 48 16 28 17 25 18 13 20 25 5 2 48 6 35 9 19 12 25 16 45 6 2 35 8 32 10 26 16 23 17 48 19 47
8 12 1 28 2 45 4 36 5 25 7 18 9 47 12 12 15 42 16 30 18 11 19 31 20 13 7 1 17 4 45 6 18 11 23 14 39 16 41 17 20 4 2 28 9 26 16 40 20 46 6 3 26 4 10 8 11 16 22 19 26 20 32 9 4 40 6 28 8 27 9 48 11 34 13 35 17 34 19 10 20 38 5 2 40 8 26 10 16 13 19 19 10 11 1 32 3 18 4 44 7 47 9 50 10 28 11 10 14 29 15 23 18 47 20 25 8 1 31 4 40 5 38 10 33 12 18 13 37 16 36 19 45
3 7 2 40 4 43 7 14 14 39 17 30 18 19 20 26 11 3 49 4 24 5 10 7 23 8 49 9 32 10 25 11 48 16 33 19 18 20 35 3 12 22 17 21 18 48
3 11 1 39 2 31 3 27 5 41 8 22 10 38 13 39 14 12 15 27 18 47 19 49 3 14 44 15 14 19 48 7 4 34 10 16 11 12 12 22 13 26 15 11 16 31
4 10 1 17 2 41 4 30 5 37 7 49 9 50 12 27 13 23 14 12 18 40 5 4 14 15 37 17 46 18 47 19 16 9 2 17 4 12 5 26 6 44 7 31 8 38 11 45 15 36 17 38 4 5 20 11 45 13 14 16 45
39 137 142 84 40 127 122 112 70 133 108 106 86 51 78 83 53 88 99 45 128 40 92 105 125 96 129 47 59 78
3 3 2 1 3 3 2 3 2 3 1 2 3 1 3 1 2 1 3 3
# Instance ID: 44
# Total operations: 170
# Actual flexibility: 0.373
# Generated: 2026-02-14 14:26:22
# Format: Extended Brandimarte for MOFJSP (Comparison Dataset)