20 10
5 2 1 25 7 29 1 9 28 6 3 43 4 32 5 48 8 44 9 42 10 23 6 1 29 2 23 4 18 6 48 9 45 10 23 5 3 37 5 14 6 45 9 26 10 26
6 4 1 26 3 37 7 19 8 44 2 2 50 5 22 6 2 37 3 34 4 11 6 48 8 25 9 14 3 2 45 9 36 10 14 3 2 27 6 19 9 24 3 1 24 2 34 7 16
4 1 3 43 6 2 28 3 45 5 27 7 48 8 16 10 13 2 6 21 7 32 6 2 26 4 10 5 42 7 19 9 18 10 19
3 4 1 50 5 33 6 25 10 48 4 3 39 8 42 9 28 10 27 4 4 15 5 29 6 36 9 30
6 1 2 14 6 1 28 2 45 3 41 4 10 5 37 6 42 6 3 17 5 35 6 10 7 49 8 22 9 10 6 2 48 5 12 6 48 7 38 8 20 9 43 2 2 33 3 18 5 1 20 4 33 6 17 7 31 8 25
6 5 2 26 3 23 4 10 5 50 9 46 4 1 49 4 41 5 13 10 32 1 10 39 3 2 10 5 32 6 21 4 1 41 2 22 4 15 6 43 5 1 19 2 26 3 24 4 40 7 35
3 3 5 21 6 44 7 27 1 8 38 2 3 37 6 10
4 3 2 28 4 12 10 18 4 1 22 2 40 6 27 7 17 4 7 18 8 30 9 35 10 42 6 1 19 2 32 3 42 7 10 8 25 10 13
3 6 1 28 3 41 4 15 6 37 7 25 9 49 2 3 25 9 27 1 5 25
8 6 1 49 4 21 5 22 6 47 7 50 8 50 2 2 18 4 35 1 5 22 2 1 49 7 22 1 1 34 4 2 31 4 37 5 40 9 13 5 1 33 3 27 5 32 7 36 9 25 3 1 10 3 13 10 30
6 2 5 27 8 48 1 7 21 3 6 29 8 17 9 16 6 1 47 3 43 6 48 7 33 8 25 9 27 2 7 15 10 16 2 2 12 10 47
7 6 1 49 4 31 5 29 7 40 8 22 10 44 6 1 26 2 45 3 32 4 33 5 38 10 50 6 2 42 4 11 5 20 7 48 9 27 10 18 3 1 35 4 41 10 44 5 2 34 3 45 5 34 7 35 8 48 3 1 20 3 46 4 23 5 1 43 5 26 6 29 8 24 9 28
7 6 1 44 2 25 5 28 7 12 8 50 9 19 3 1 25 3 23 5 44 1 1 32 6 1 26 5 18 6 36 8 49 9 28 10 30 1 1 32 2 3 26 5 11 5 2 50 3 50 6 48 7 45 10 23
5 4 2 47 4 50 5 35 6 19 4 2 40 4 15 6 41 7 21 4 3 41 4 21 5 28 10 11 3 3 48 7 22 10 14 2 2 25 7 39
3 6 1 16 2 34 3 34 5 11 6 17 7 10 6 1 19 3 50 4 48 7 10 9 10 10 16 5 2 46 4 38 6 20 8 29 9 31
3 4 1 27 3 50 4 44 5 17 1 1 16 5 1 24 2 11 5 24 7 37 9 34
5 2 5 24 6 34 6 1 28 2 32 3 14 7 49 8 31 10 17 3 1 21 2 37 3 43 3 3 19 7 29 10 49 3 2 41 5 33 6 26
5 6 1 30 2 19 3 34 6 38 7 40 10 14 1 10 37 6 2 34 3 32 5 30 6 41 8 37 9 40 6 2 34 3 36 6 45 7 41 9 44 10 44 4 4 15 8 47 9 36 10 43
5 5 1 23 2 11 3 33 4 45 10 40 2 1 32 2 33 2 5 19 8 45 4 1 18 4 17 9 19 10 34 6 1 47 6 14 7 40 8 48 9 20 10 11
6 2 3 15 6 25 1 1 46 4 3 18 6 43 8 29 10 40 4 1 17 3 19 6 13 8 12 5 1 37 3 39 4 45 9 26 10 46 5 2 15 3 43 4 34 5 18 7 23
86 108 54 51 77 113 52 48 46 116 73 116 120 63 42 54 63 64 71 118
2 1 2 3 3 2 1 3 2 2
# Instance ID: 22
# Total operations: 100
# Actual flexibility: 0.370
# Generated: 2026-02-14 14:26:22
# Format: Extended Brandimarte for MOFJSP (Comparison Dataset)