10 5
6 3 1 15 3 36 5 47 3 2 23 3 30 5 25 2 2 29 4 39 2 1 39 5 49 3 1 23 3 42 5 26 1 3 14
5 1 3 28 1 4 44 3 1 45 3 29 5 16 1 3 17 1 5 19
8 2 2 31 3 23 3 2 13 3 15 4 50 2 1 10 3 31 1 3 20 3 3 10 4 17 5 14 3 1 47 2 45 5 19 2 1 29 2 33 1 3 23
7 3 1 45 2 36 5 49 3 1 21 2 36 5 11 1 3 36 3 1 16 2 34 3 12 2 2 39 5 32 2 2 11 5 22 2 3 14 5 27
4 2 4 44 5 31 1 1 26 1 5 26 1 1 48
6 2 3 37 5 48 3 1 22 3 26 4 12 3 1 44 3 22 4 33 2 1 49 3 30 3 1 29 3 36 4 30 2 2 22 3 36
8 3 2 46 3 29 4 35 3 1 23 2 37 3 47 3 2 38 3 23 4 42 2 1 28 2 42 3 1 25 3 29 5 24 1 2 11 1 2 40 3 1 50 2 46 4 22
8 3 2 25 4 19 5 10 1 4 24 1 5 39 1 5 25 1 4 18 2 3 38 5 49 3 3 38 4 20 5 40 2 2 50 3 27
4 3 2 38 4 14 5 28 1 3 31 2 1 18 5 19 1 4 19
6 3 1 36 2 31 5 44 2 1 23 4 36 2 1 46 5 34 2 1 29 3 34 2 2 41 5 24 2 4 11 5 34
97 62 128 131 50 75 151 121 78 99
2 3 2 1 2
# Instance ID: 2
# Total operations: 62
# Actual flexibility: 0.410
# Generated: 2026-02-14 14:26:22
# Format: Extended Brandimarte for MOFJSP (Comparison Dataset)