10 5
5 1 3 46 1 2 40 3 1 47 3 37 4 50 2 1 32 4 36 2 1 20 3 31
4 2 3 35 4 45 1 4 15 2 3 17 5 35 3 1 13 2 22 4 43
6 2 4 50 5 38 1 2 27 3 2 41 3 17 5 11 3 2 20 3 29 5 45 1 5 36 1 2 17
6 2 1 41 2 28 3 2 40 3 25 4 39 3 1 48 2 42 4 18 1 3 36 2 3 10 5 28 3 1 38 3 44 4 40
8 2 3 39 4 30 1 2 46 2 2 12 4 30 3 2 19 4 41 5 12 1 5 47 2 1 16 4 43 2 1 36 2 19 1 4 26
8 2 4 15 5 31 3 2 50 4 41 5 44 1 5 14 1 3 24 3 1 50 4 16 5 38 1 3 11 1 3 13 2 3 37 5 19
8 1 5 36 3 1 15 2 49 5 34 3 2 19 3 24 4 39 3 2 10 3 39 4 28 3 1 38 2 32 5 47 2 3 39 4 29 1 4 40 1 2 34
5 3 3 28 4 11 5 35 2 1 48 5 41 2 2 24 3 50 1 5 26 3 1 12 2 29 3 38
6 1 5 33 3 1 30 2 36 5 21 1 2 44 2 3 20 5 26 2 3 17 5 39 1 2 24
6 3 1 35 3 10 4 26 3 1 26 2 47 4 34 3 1 24 3 40 5 11 3 3 24 4 14 5 50 2 3 17 4 18 1 1 29
77 67 114 107 134 97 110 86 113 100
3 1 1 2 2
# Instance ID: 4
# Total operations: 62
# Actual flexibility: 0.397
# Generated: 2026-02-14 14:26:22
# Format: Extended Brandimarte for MOFJSP (Comparison Dataset)