10 5
7 2 2 39 3 30 2 3 36 4 26 1 4 11 3 1 24 2 14 5 12 1 2 22 1 5 19 1 2 40
3 3 1 26 2 33 4 20 3 1 29 4 16 5 47 1 3 46
6 3 3 22 4 14 5 47 3 1 29 2 48 3 17 3 1 37 3 33 4 14 3 1 41 2 16 3 37 2 2 37 4 21 3 3 44 4 40 5 39
4 2 3 30 5 25 1 3 38 1 4 46 3 1 41 3 30 4 21
8 2 2 26 3 31 2 3 45 5 10 3 1 36 2 41 4 45 1 4 41 2 1 28 5 24 2 2 47 3 33 2 3 37 5 45 2 3 27 4 29
7 2 1 22 2 30 1 5 21 1 2 40 2 3 16 5 22 2 2 21 3 29 1 5 18 2 1 45 5 28
6 3 1 10 2 46 4 28 2 4 31 5 21 1 3 40 1 1 35 2 1 19 5 19 3 1 17 3 45 4 36
3 3 2 34 3 38 5 38 2 4 29 5 46 3 1 50 4 23 5 26
3 3 1 21 2 45 5 14 1 1 36 2 4 28 5 12
5 1 3 28 3 1 24 3 26 4 50 3 1 44 2 24 4 19 2 1 13 2 20 2 3 38 5 17
91 50 73 60 132 85 102 39 47 62
2 1 2 1 2
# Instance ID: 3
# Total operations: 52
# Actual flexibility: 0.408
# Generated: 2026-02-14 14:26:22
# Format: Extended Brandimarte for MOFJSP (Comparison Dataset)