30 20
4 6 4 43 5 50 12 16 15 37 19 14 20 18 12 1 16 2 11 3 40 4 31 5 22 8 33 11 12 13 21 14 26 15 35 16 46 17 27 11 3 12 4 45 5 40 6 25 7 43 10 30 12 40 13 13 14 46 15 29 19 23 12 1 17 3 24 4 17 8 37 9 45 10 21 12 18 14 34 15 13 16 43 19 10 20 49
4 12 2 48 3 44 4 45 5 25 7 44 8 10 9 22 10 38 12 50 15 27 16 38 19 24 11 1 20 4 29 5 33 7 30 8 29 10 11 11 38 13 41 15 10 17 10 20 30 6 5 23 11 26 12 45 14 16 17 17 18 42 3 6 43 8 30 18 13
8 5 6 31 9 42 16 41 18 32 20 24 10 3 12 4 38 6 11 10 34 12 36 13 36 14 41 16 13 18 35 19 23 6 2 47 3 31 4 31 14 24 18 11 20 48 6 4 13 7 24 9 41 11 41 16 49 19 14 10 1 18 2 13 7 10 9 28 10 33 13 43 16 18 17 12 19 40 20 19 4 6 29 9 18 13 29 15 37 11 1 18 5 46 6 48 7 11 8 31 9 24 12 34 13 38 14 49 15 50 16 17 5 1 40 2 45 6 48 12 11 15 24
5 8 1 26 4 27 9 30 11 37 13 30 14 38 16 44 18 15 10 1 33 2 30 5 36 6 40 9 27 10 10 11 46 16 21 17 13 18 17 9 1 15 2 29 4 12 5 32 8 50 11 44 16 13 17 34 19 50 10 1 10 3 13 5 10 6 12 7 28 9 12 13 11 16 28 17 36 19 26 8 5 38 7 32 9 20 12 33 13 36 15 11 17 28 20 45
5 12 1 43 2 12 3 40 4 48 5 31 6 15 7 15 8 42 10 17 13 20 14 16 20 34 8 2 11 4 29 6 25 10 16 12 31 15 11 19 38 20 14 10 3 34 8 22 9 16 11 50 12 12 13 24 14 20 15 25 16 17 20 47 10 2 26 5 28 6 27 7 34 9 47 12 36 13 28 14 33 16 42 18 48 5 3 42 6 14 8 15 9 25 10 38
4 5 6 30 9 46 15 15 16 27 20 29 11 1 25 5 47 6 19 7 28 9 45 10 42 13 41 15 45 18 11 19 40 20 25 10 1 30 4 25 8 27 9 19 13 32 14 17 15 46 16 16 17 44 19 39 4 5 29 14 38 15 37 18 39
6 9 2 34 3 26 4 18 6 31 10 46 13 49 14 23 16 17 17 38 9 1 46 6 17 7 11 8 50 12 33 13 37 16 23 17 47 19 36 10 1 32 2 38 5 39 8 13 9 18 10 33 14 11 15 15 16 33 20 33 7 2 18 6 33 9 34 10 50 11 23 13 41 15 26 7 9 40 11 34 12 36 16 23 17 25 18 31 20 27 5 1 10 7 38 11 20 19 40 20 40
3 5 5 42 11 45 13 41 16 13 17 45 12 1 39 3 37 4 29 6 26 7 44 9 21 10 48 13 28 14 22 16 33 18 12 20 13 10 4 43 8 26 11 18 12 27 13 41 14 16 17 36 18 28 19 46 20 14
8 12 1 32 3 12 4 16 6 34 7 48 8 14 11 32 13 37 14 49 16 40 17 43 19 13 10 1 14 2 22 5 23 7 29 8 47 9 11 11 19 13 23 17 40 20 29 6 2 45 6 10 9 15 10 34 14 46 20 50 8 1 25 4 14 5 16 6 44 7 19 10 45 19 39 20 48 4 9 16 12 15 14 19 18 11 6 2 37 7 47 8 26 12 19 13 23 19 46 7 7 28 12 20 14 43 15 42 16 29 18 34 20 25 10 1 38 2 40 3 18 4 15 8 39 10 46 11 23 12 14 15 35 16 20
3 8 2 48 6 19 7 27 8 50 10 29 11 42 12 25 17 39 5 8 42 13 43 15 46 16 27 18 48 4 6 20 14 42 15 41 17 40
6 7 1 38 2 34 3 20 5 48 13 34 16 49 18 34 8 2 42 4 13 6 19 10 11 11 28 16 11 17 26 18 14 3 3 18 4 48 15 27 6 2 38 6 43 8 16 14 28 15 49 17 35 6 1 23 3 14 6 15 7 11 11 17 12 30 11 1 14 2 39 4 27 8 46 10 22 11 15 12 38 13 33 15 36 16 11 17 41
8 6 1 23 4 25 6 48 7 40 8 50 15 12 4 1 36 4 20 6 14 10 45 12 1 47 2 37 4 35 5 13 6 20 7 30 9 15 15 27 17 25 18 31 19 44 20 12 7 1 13 2 15 3 30 5 25 6 14 16 17 19 46 8 2 22 5 27 7 41 10 41 13 48 14 37 16 36 20 13 8 5 10 6 27 8 20 9 21 11 29 13 35 15 26 17 13 9 4 31 8 26 9 16 12 43 13 20 14 41 15 41 17 16 19 17 7 2 11 4 14 6 46 9 41 13 31 18 32 20 41
4 3 6 41 13 45 18 34 8 2 18 3 49 5 26 9 19 10 35 14 41 15 50 19 11 11 2 36 3 21 4 36 6 42 8 26 9 49 12 38 14 12 17 28 18 19 19 26 4 4 28 14 19 17 10 19 38
5 9 1 24 2 37 3 33 5 46 7 40 9 19 15 24 16 48 18 39 9 2 30 4 12 8 11 9 41 11 37 14 10 15 15 18 39 20 32 4 1 40 15 45 18 26 19 21 11 2 12 7 37 8 37 9 41 10 18 11 15 12 48 13 20 14 21 15 45 19 24 7 1 19 4 17 7 33 9 20 10 38 11 21 19 33
3 12 1 20 2 12 5 32 7 47 8 47 9 27 12 28 14 39 16 50 18 35 19 47 20 44 11 1 23 3 36 6 16 7 10 9 45 11 44 13 12 15 19 18 32 19 41 20 12 4 2 25 6 39 13 13 20 24
7 8 4 14 7 37 8 36 11 19 12 46 15 35 18 32 20 44 9 2 41 4 22 5 19 7 13 9 49 12 19 13 21 14 30 20 27 8 1 45 2 39 8 23 9 45 10 41 13 16 18 44 19 22 7 1 44 2 28 4 42 6 28 7 25 14 46 19 24 3 1 13 9 24 14 30 9 1 40 2 33 4 49 5 10 10 28 11 28 13 39 16 49 18 13 8 1 43 2 46 3 11 8 20 9 39 16 37 18 26 19 33
7 4 1 50 2 13 7 17 11 49 11 1 21 4 41 5 29 9 11 10 34 11 20 13 42 14 20 16 42 19 30 20 10 10 1 33 3 14 6 30 8 33 9 13 11 17 12 22 16 31 19 20 20 26 10 1 33 3 17 6 23 11 49 13 17 14 43 15 50 16 27 17 15 20 42 3 3 16 10 18 12 11 3 2 27 9 33 16 14 8 5 49 7 19 8 34 12 45 14 46 17 47 18 26 19 38
6 6 2 33 5 21 7 23 11 48 15 13 17 34 3 7 36 12 12 14 38 4 4 40 5 23 7 49 10 29 12 3 29 4 23 5 37 7 32 8 22 10 15 11 29 13 30 14 48 15 27 19 33 20 36 11 2 44 4 38 5 49 7 45 11 47 12 40 15 36 16 24 18 25 19 12 20 18 6 1 24 5 43 7 43 8 50 9 25 14 16
4 12 1 26 3 10 5 11 8 29 10 25 11 44 12 37 13 34 14 37 16 42 17 29 19 39 3 5 12 13 20 16 39 8 1 32 7 23 9 41 14 22 16 43 17 13 18 45 20 43 5 1 15 2 48 7 47 15 44 20 20
3 7 2 35 9 18 12 16 15 10 16 46 18 42 20 50 9 2 37 6 44 7 46 9 34 11 10 13 10 14 34 15 35 17 42 11 2 27 3 34 6 30 9 42 10 11 12 37 13 44 14 14 16 38 19 48 20 18
4 5 1 23 4 17 10 12 15 45 18 13 11 1 45 5 46 7 12 8 27 9 44 12 25 13 22 15 26 16 36 18 30 19 44 9 2 42 4 11 5 37 6 37 11 36 13 29 15 13 17 30 20 50 12 1 43 4 21 8 31 9 25 10 38 12 16 14 18 15 36 16 43 17 43 19 41 20 11
3 7 3 38 4 22 11 14 16 28 17 20 18 17 19 40 8 4 22 5 17 9 41 12 44 13 20 16 38 18 24 19 12 8 1 10 5 38 9 43 14 27 16 35 18 26 19 10 20 17
6 8 2 49 3 41 10 42 13 30 14 37 15 31 18 50 20 18 8 5 35 7 39 9 21 10 49 11 21 13 46 17 48 20 13 10 1 30 2 26 5 16 6 24 7 43 9 20 11 38 14 24 15 45 16 36 11 5 18 7 19 8 32 9 26 10 37 11 42 14 36 15 21 16 46 17 36 19 37 4 2 33 8 41 12 27 13 45 3 7 41 10 15 18 29
6 12 1 14 5 19 6 37 7 36 8 28 10 34 11 50 13 12 14 47 15 37 16 14 20 28 12 1 29 2 31 3 29 6 25 7 12 10 13 11 16 13 40 15 43 16 27 19 35 20 18 10 1 45 3 46 6 42 10 39 11 22 12 13 14 41 16 22 17 20 19 16 9 1 44 2 35 4 14 8 17 11 41 12 15 13 23 19 26 20 10 5 1 21 2 19 9 39 12 36 14 26 6 3 37 10 32 11 13 14 30 19 22 20 28
7 10 1 32 3 22 6 45 9 44 10 41 14 31 16 32 17 48 18 50 19 45 10 2 20 6 43 9 20 11 24 12 13 15 16 17 35 18 27 19 24 20 11 6 5 28 9 24 10 24 11 19 15 47 16 29 8 1 28 10 40 12 39 14 18 15 26 16 50 17 50 20 35 7 5 28 7 16 11 46 13 10 16 36 17 38 20 50 4 1 28 2 21 10 49 15 42 5 3 50 8 26 13 18 19 17 20 18
4 11 1 43 3 47 5 14 8 10 10 31 12 33 13 40 14 46 17 46 18 46 20 15 8 6 17 7 19 8 24 9 28 12 23 15 26 17 27 19 13 10 1 49 2 28 4 25 6 30 7 38 10 44 12 27 14 30 17 49 20 11 10 2 35 3 29 4 50 5 19 6 16 7 42 11 15 13 30 15 26 17 26
8 10 1 38 6 11 7 49 8 33 13 11 15 50 16 35 17 18 18 34 19 23 5 6 18 7 37 9 31 13 38 15 19 3 2 26 16 41 17 12 10 3 22 6 49 8 47 11 49 14 37 15 22 16 34 17 46 19 16 20 43 7 4 38 6 46 8 19 9 43 12 20 18 35 19 19 12 1 28 3 38 4 44 6 41 8 16 10 33 12 31 14 24 15 22 17 23 18 14 19 38 12 2 34 3 33 6 50 7 13 8 19 10 17 13 11 14 11 16 12 17 20 18 41 20 43 9 1 17 6 50 10 18 12 30 13 24 15 42 16 13 17 36 19 22
7 4 1 41 7 34 11 48 20 23 5 6 34 10 21 15 21 16 35 18 42 12 3 41 4 18 5 11 6 38 7 30 9 38 11 48 12 22 16 16 17 29 19 29 20 26 12 3 22 4 45 5 27 7 10 9 46 10 19 11 41 13 38 15 14 16 32 18 38 20 24 9 1 19 2 32 6 15 9 17 11 11 15 22 16 15 17 44 19 37 10 1 37 4 14 5 49 6 36 7 35 12 39 15 34 16 10 17 15 20 31 3 8 10 9 15 20 10
4 5 11 29 12 39 13 33 15 36 20 35 8 2 13 5 31 7 10 13 37 15 43 16 30 17 49 18 11 5 2 21 8 17 10 29 14 41 20 50 3 4 31 13 24 14 39
7 6 1 48 6 10 7 41 9 43 10 14 11 50 9 1 17 2 13 5 37 6 35 7 17 8 35 13 48 17 13 19 24 9 2 46 8 50 9 40 11 38 15 48 17 37 18 22 19 16 20 48 12 1 14 2 19 5 19 7 48 8 42 9 24 10 11 11 42 13 41 14 44 15 43 20 29 10 4 49 5 35 6 43 8 35 13 44 15 37 16 21 17 38 18 26 19 42 5 1 30 2 26 3 41 8 31 15 47 8 1 15 3 14 4 30 7 34 8 38 13 43 14 14 18 27
76 56 119 80 62 70 85 44 158 51 119 104 78 91 41 132 119 115 75 49 59 56 104 95 118 78 134 106 69 94
1 1 2 3 3 2 3 2 3 3 1 1 1 3 1 1 2 2 3 2
# Instance ID: 46
# Total operations: 159
# Actual flexibility: 0.392
# Generated: 2026-02-14 14:26:22
# Format: Extended Brandimarte for MOFJSP (Comparison Dataset)