30 20
6 4 2 38 10 48 14 41 20 20 12 3 26 4 47 5 41 6 46 8 48 11 19 12 33 13 17 14 48 17 40 18 22 20 36 9 9 25 11 40 12 14 14 13 15 30 17 22 18 47 19 19 20 32 12 1 40 2 28 4 24 6 11 7 26 9 13 12 20 14 32 15 34 16 13 18 12 20 28 4 4 41 7 39 13 32 14 19 10 1 16 4 38 5 37 8 23 10 30 12 10 13 36 14 28 15 21 19 39
4 5 1 41 4 36 7 39 10 35 19 18 5 2 25 5 14 10 35 12 50 15 24 12 1 34 3 39 5 42 6 20 7 12 8 23 10 37 11 49 14 11 15 35 17 16 20 30 8 1 49 2 40 3 24 5 15 6 18 8 19 12 13 13 37
4 9 1 50 4 21 6 27 10 20 11 50 13 17 14 36 15 46 17 27 6 6 14 8 39 11 45 14 10 15 33 17 45 4 2 38 8 24 11 21 17 17 6 6 31 10 33 13 18 15 36 18 17 20 30
4 4 1 33 12 41 15 10 20 33 5 2 27 12 28 13 15 16 18 20 22 8 6 35 9 48 14 19 15 35 16 25 18 30 19 37 20 11 3 6 32 11 14 13 33
8 4 12 14 15 47 16 22 19 40 11 3 31 4 43 5 11 7 14 8 49 9 41 11 37 14 20 16 17 18 22 19 27 9 3 31 6 25 7 19 9 19 12 18 13 26 16 38 19 12 20 42 4 1 16 4 20 9 47 17 38 4 9 12 18 45 19 48 20 26 6 4 35 5 42 10 17 15 41 18 48 20 25 3 1 30 17 42 20 44 12 1 11 2 31 4 12 5 45 9 17 11 13 13 31 16 34 17 24 18 31 19 43 20 37
8 12 2 36 4 11 5 18 6 50 7 14 8 20 10 28 12 37 13 38 15 37 19 26 20 19 11 1 49 3 42 4 45 5 26 7 47 8 30 12 48 13 14 16 21 17 34 19 10 12 1 32 3 41 5 17 6 36 7 35 8 32 11 41 12 42 14 50 15 16 18 23 20 11 7 2 46 8 35 9 28 10 16 12 35 15 27 19 32 3 5 46 13 30 17 22 5 1 27 5 45 8 41 16 34 20 26 4 4 46 6 33 7 33 14 41 7 1 42 4 22 6 46 11 25 12 29 13 12 18 43
5 6 5 43 9 32 12 46 16 44 18 42 19 17 12 1 19 3 39 4 37 6 20 7 18 10 25 12 36 13 44 14 25 15 15 18 21 20 40 8 4 45 6 12 7 20 8 18 9 42 11 11 12 15 20 39 10 1 46 3 28 5 27 6 39 7 24 10 33 14 23 18 27 19 16 20 28 6 1 17 3 43 4 37 6 37 7 39 20 46
5 3 14 26 16 40 20 40 5 2 10 3 45 4 24 10 42 20 26 6 1 15 6 44 13 38 15 40 17 40 18 49 8 4 24 5 49 6 18 7 18 8 26 10 18 17 33 18 41 10 1 20 6 16 8 43 9 43 11 32 15 21 17 15 18 16 19 28 20 43
4 7 2 47 4 35 7 44 8 41 9 44 13 42 14 29 5 1 33 8 42 10 48 11 29 15 38 10 1 19 2 30 3 29 4 36 6 15 8 36 11 40 13 47 16 28 19 36 10 2 24 3 46 4 30 7 49 12 28 14 50 15 30 16 47 17 18 19 14
6 4 6 24 11 50 15 31 18 50 3 3 23 9 41 15 41 12 5 39 6 46 7 15 8 40 10 45 11 50 13 50 14 19 15 18 18 11 19 12 20 45 4 1 21 4 42 9 36 20 36 12 2 47 3 12 5 46 6 35 8 38 10 16 11 50 13 10 15 42 18 10 19 10 20 26 8 3 28 6 47 8 35 9 37 11 32 16 18 17 49 18 29
3 11 2 21 3 23 4 26 6 23 7 25 8 30 10 24 12 37 15 39 16 33 19 38 10 5 40 6 30 7 13 9 23 13 14 14 10 15 29 16 47 17 38 18 48 4 1 14 9 50 16 50 18 21
8 11 1 41 2 27 3 40 5 19 7 15 10 39 12 17 13 20 14 28 16 24 19 33 9 2 34 3 46 4 33 6 19 7 33 8 30 13 44 14 38 17 34 10 1 43 3 24 7 48 8 29 11 39 12 34 16 27 17 36 18 14 19 21 9 2 21 3 38 7 31 8 35 9 29 10 26 13 24 17 47 18 12 12 1 19 3 17 4 13 7 32 11 14 12 34 13 26 14 13 15 38 17 42 18 39 20 13 7 3 22 4 40 7 50 12 50 13 25 14 48 17 36 8 6 13 8 31 11 33 13 29 14 43 15 47 16 47 20 12 10 3 10 4 13 5 18 6 46 8 25 9 23 11 16 12 23 13 18 20 35
6 11 1 44 2 28 3 14 4 33 7 41 9 40 14 15 16 18 17 48 19 14 20 43 7 2 40 3 37 6 33 12 31 13 45 14 48 19 20 5 5 45 8 41 11 11 12 37 19 22 3 5 21 18 48 20 24 6 2 33 5 22 12 32 15 48 16 36 18 29 10 5 30 6 12 7 39 10 19 11 43 14 25 15 16 16 10 17 17 20 45
7 8 2 29 6 32 7 11 12 31 16 44 17 17 18 10 20 30 11 1 37 4 15 5 47 8 23 10 38 12 44 13 45 14 37 16 34 17 22 20 34 7 5 38 8 38 11 27 13 46 14 36 17 24 18 22 10 2 10 5 21 6 23 9 41 10 28 14 23 16 45 17 50 19 41 20 25 7 2 10 4 30 5 50 6 10 10 26 11 40 20 18 9 1 38 3 25 5 36 6 34 8 11 10 46 14 44 16 30 17 47 4 3 29 15 41 18 24 20 34
8 9 5 42 7 48 8 32 9 33 12 38 13 17 15 25 17 17 20 50 12 2 40 3 26 4 40 6 40 7 40 9 27 10 25 11 38 13 50 18 20 19 15 20 19 6 6 34 9 14 15 49 17 15 18 45 20 46 11 1 13 3 30 8 47 10 10 11 30 12 28 15 32 16 17 18 38 19 24 20 34 8 2 46 10 24 11 27 12 29 17 21 18 28 19 36 20 18 10 1 25 4 22 5 33 6 22 7 33 8 49 13 40 15 30 17 47 18 44 3 6 42 13 21 19 17 12 1 19 6 40 8 22 9 39 10 37 11 25 13 13 14 47 16 40 17 39 18 24 20 47
8 11 1 30 8 31 9 10 10 13 11 28 13 27 14 33 15 12 17 38 19 18 20 48 9 1 19 3 35 4 32 6 19 10 38 12 43 15 20 18 32 19 28 9 1 17 3 14 6 39 7 38 8 30 10 23 11 47 12 45 20 38 5 3 12 9 42 11 42 15 29 18 10 10 1 50 4 40 6 19 7 37 10 43 11 23 12 49 16 33 18 12 20 39 3 3 12 7 36 12 48 9 3 45 4 38 5 11 6 21 7 40 9 43 15 31 16 24 19 38 12 2 10 4 37 5 22 6 46 8 12 10 43 12 33 13 43 14 23 18 12 19 36 20 45
5 7 4 20 7 22 8 44 14 35 17 37 19 31 20 36 3 13 33 16 32 19 46 8 1 50 4 38 6 40 8 18 10 32 11 10 13 28 15 12 5 1 50 3 44 11 30 17 30 18 43 10 5 19 6 12 7 43 8 11 10 19 11 28 13 17 15 11 16 28 18 15
3 8 1 43 2 17 4 37 7 17 8 15 10 31 15 50 19 33 9 1 32 3 12 5 12 8 12 10 29 11 31 12 45 14 29 18 12 11 1 34 5 29 7 48 10 29 11 49 13 25 14 31 16 37 17 32 19 42 20 12
3 6 5 41 7 18 13 20 18 29 19 33 20 30 11 2 26 3 27 4 50 5 49 6 50 8 36 11 35 16 25 17 48 18 12 20 12 3 7 47 9 45 12 11
7 7 6 16 14 29 16 10 17 46 18 34 19 17 20 38 3 17 38 19 23 20 14 10 1 11 2 24 4 50 7 44 9 28 13 34 14 48 17 16 18 21 19 45 4 2 26 4 30 12 26 13 36 9 3 36 4 16 5 18 6 38 8 35 12 47 14 42 15 38 16 35 5 6 41 10 27 12 33 16 12 19 45 3 15 17 17 39 19 24
7 6 1 27 3 21 4 34 11 15 14 26 16 26 10 2 37 3 26 5 28 6 32 9 42 11 50 13 19 14 48 17 36 20 48 7 3 39 4 45 8 12 9 26 12 48 15 42 20 41 9 1 20 4 29 5 21 6 40 7 36 10 10 15 41 17 28 18 17 7 1 17 6 22 7 32 9 22 12 28 14 19 19 30 8 3 19 5 15 7 23 11 44 12 26 13 17 14 33 17 32 4 1 18 9 50 12 33 19 19
8 10 1 10 2 38 3 20 5 40 9 14 11 19 12 35 13 22 15 23 20 29 3 6 43 7 16 16 25 5 6 25 8 19 14 36 15 18 16 38 10 2 47 9 50 10 28 11 34 13 44 14 38 15 50 17 39 19 28 20 47 5 3 22 7 36 9 41 10 32 19 50 10 1 31 6 24 9 35 10 37 11 38 12 42 13 23 14 21 17 12 18 22 4 4 40 7 38 13 48 19 10 8 2 30 4 16 7 42 8 11 10 16 15 35 18 35 20 27
4 11 1 43 2 49 4 33 5 22 6 14 8 17 9 32 10 27 14 25 15 46 20 40 11 1 34 2 37 4 10 6 42 8 36 9 21 10 25 12 34 13 32 14 13 16 28 9 2 50 5 48 6 18 8 19 9 31 14 16 16 50 18 45 19 19 9 1 28 2 12 3 14 4 30 8 40 9 49 11 47 14 41 17 11
5 9 2 43 3 35 5 36 6 33 7 13 11 44 16 23 17 36 18 45 4 4 28 6 12 13 38 18 24 10 2 11 3 22 4 49 5 10 7 48 10 19 13 11 15 13 17 31 18 35 5 1 28 2 41 6 28 13 42 16 30 10 2 44 3 17 4 31 6 21 8 19 14 48 17 23 18 21 19 18 20 46
5 10 2 45 4 28 5 41 6 33 9 28 10 25 11 15 13 42 16 44 19 35 7 2 50 8 46 9 21 12 27 14 37 15 23 17 35 9 6 11 8 27 11 31 12 44 14 25 15 44 16 41 17 33 20 12 3 2 49 15 47 16 13 6 3 24 4 33 5 47 13 42 15 10 20 28
8 6 4 36 7 26 8 11 10 17 12 13 14 15 7 1 10 3 37 6 20 7 21 13 34 17 13 18 46 6 3 24 5 24 7 17 9 34 13 16 19 28 3 5 16 7 10 18 14 10 1 17 3 48 4 50 5 46 6 33 8 11 10 45 11 14 12 48 15 10 3 11 24 14 50 15 32 5 3 40 8 37 12 25 14 33 18 21 7 1 34 4 40 5 16 6 13 8 35 9 36 13 30
6 9 1 28 6 15 7 29 8 47 10 12 13 33 14 40 17 15 19 41 8 5 32 7 20 11 35 12 17 13 30 16 43 17 39 19 43 12 2 20 4 26 5 17 6 20 8 28 11 42 12 29 13 33 14 29 17 36 19 38 20 23 4 3 26 7 15 15 46 16 10 9 2 10 6 22 8 26 9 10 10 17 11 15 12 41 13 35 19 15 10 1 23 2 44 3 24 4 15 7 43 8 50 11 15 13 39 15 20 16 11
4 6 5 10 11 11 12 14 13 46 14 14 16 30 7 2 14 5 17 13 36 14 27 15 23 16 27 20 21 7 3 35 4 37 5 19 9 27 11 43 15 19 16 18 6 2 15 3 37 5 42 10 26 13 35 14 13
8 6 4 27 5 37 11 35 12 30 17 19 18 14 10 2 47 4 30 5 10 7 37 9 12 10 30 11 28 13 16 14 16 16 23 10 1 41 2 44 4 48 8 12 10 50 11 40 13 44 14 37 15 46 19 30 10 1 30 2 50 4 27 5 50 8 28 11 41 12 29 13 41 17 25 19 25 7 8 40 10 12 12 16 13 37 14 42 16 33 20 19 8 1 46 2 23 3 40 5 11 8 15 11 17 13 43 16 30 12 1 32 3 12 6 48 9 32 10 40 12 46 13 19 14 42 15 14 16 43 18 27 20 38 5 2 23 13 48 17 48 19 50 20 21
4 7 3 12 4 50 5 34 12 21 14 41 19 42 20 49 3 2 35 17 42 18 22 4 4 47 5 31 15 48 20 18 11 3 32 5 10 6 23 7 43 8 32 12 37 15 17 16 37 17 21 18 39 19 17
98 58 59 62 110 141 71 78 61 77 43 132 118 85 148 123 84 42 49 135 89 143 48 62 89 98 93 61 105 72
3 1 1 3 2 3 1 1 2 1 2 1 3 1 3 3 1 1 1 2
# Instance ID: 45
# Total operations: 171
# Actual flexibility: 0.376
# Generated: 2026-02-14 14:26:22
# Format: Extended Brandimarte for MOFJSP (Comparison Dataset)