75 25
4 6 1 21 3 13 4 49 13 30 18 11 25 26 11 8 12 10 30 11 35 12 38 13 33 16 31 17 10 18 20 22 16 24 22 25 20 15 1 12 2 36 3 12 4 47 5 49 6 39 7 38 13 20 15 20 16 12 17 29 21 50 22 28 23 21 25 30 3 1 28 8 21 11 24
7 3 12 48 21 30 23 21 7 1 11 10 33 11 25 12 27 17 47 18 14 23 16 12 1 12 2 12 4 45 5 35 8 25 11 44 13 50 16 12 19 19 22 13 24 32 25 18 12 1 33 5 27 6 13 9 10 10 20 11 22 14 42 15 17 18 22 20 35 21 18 22 42 8 1 10 9 25 12 34 13 23 15 39 16 36 20 11 25 32 9 7 35 12 20 13 40 14 47 15 13 16 18 17 39 18 48 21 38 10 5 30 6 45 10 22 13 20 15 13 16 22 18 18 21 25 24 26 25 33
4 3 7 32 18 31 24 29 8 3 42 4 41 5 36 6 21 10 43 13 23 14 49 25 16 10 4 24 10 39 11 33 12 38 14 17 15 40 16 45 17 20 22 29 23 13 13 1 46 2 26 3 45 4 30 6 21 7 24 9 33 14 37 15 16 18 15 20 28 21 31 25 18
3 14 2 33 3 44 5 32 6 39 8 39 9 48 12 44 14 48 17 21 18 46 19 36 21 30 24 13 25 46 13 2 41 3 11 5 41 7 18 8 20 9 33 14 25 15 10 16 40 17 33 19 17 23 33 25 44 7 1 22 12 21 15 12 17 24 21 26 22 22 24 31
7 10 1 21 2 29 3 33 9 30 10 46 11 44 18 14 20 22 23 50 25 42 3 14 39 20 22 22 45 13 2 33 3 18 7 18 8 12 9 48 12 45 13 42 14 16 15 48 16 32 17 40 18 46 23 45 11 1 42 2 49 6 48 7 46 10 35 12 21 13 49 14 21 15 45 19 25 22 39 13 2 30 4 45 6 22 7 33 10 34 14 49 15 24 16 45 19 28 20 12 21 47 23 31 24 22 13 1 42 3 25 4 50 6 41 9 32 10 47 11 47 12 43 13 18 16 38 17 28 23 37 25 28 10 1 21 2 46 5 39 7 16 11 43 12 21 17 32 22 48 24 32 25 35
4 11 2 30 4 42 7 48 8 39 9 44 10 15 17 16 18 28 19 16 21 45 23 13 9 2 30 5 31 11 11 12 10 14 18 21 26 23 27 24 32 25 42 13 3 32 5 16 6 37 7 28 9 44 10 16 11 36 14 38 16 41 17 41 18 18 24 35 25 11 14 2 37 6 12 7 47 10 14 11 50 12 13 14 41 15 39 18 40 19 21 20 35 21 34 22 29 25 26
5 10 5 39 7 47 11 40 13 47 15 30 16 26 19 24 20 49 22 32 23 10 9 1 28 2 50 9 30 10 45 13 40 16 18 18 26 20 13 21 38 5 2 10 7 26 9 23 12 31 24 42 5 2 29 14 37 16 46 24 22 25 24 7 1 42 6 29 12 36 13 30 16 31 18 38 24 26
3 6 4 16 5 47 9 41 15 37 18 50 25 22 6 9 14 10 21 13 43 14 45 17 29 25 30 9 2 34 7 24 8 10 9 27 10 34 12 18 15 41 16 46 20 10
3 7 1 26 9 30 13 50 17 10 19 37 23 42 24 15 5 1 44 4 39 11 50 23 48 25 11 15 1 33 5 32 6 15 7 24 9 29 10 22 11 25 14 49 17 22 18 17 19 24 20 26 21 42 22 15 23 46
3 11 4 47 9 31 11 20 12 32 15 31 17 13 18 39 19 32 21 29 23 50 24 21 15 1 39 3 12 5 42 6 45 7 17 9 40 10 26 11 35 13 15 14 23 16 44 18 38 22 45 24 49 25 20 13 5 12 6 12 7 46 9 27 11 49 13 13 14 35 15 11 16 11 17 11 20 10 22 48 25 40
5 9 6 10 8 24 12 48 14 44 15 21 17 18 19 28 22 48 23 23 5 4 39 7 21 11 47 15 19 16 49 14 3 11 4 44 5 12 7 11 8 49 9 17 10 44 11 33 12 22 17 49 19 26 20 32 22 13 24 25 13 4 27 5 20 7 47 8 46 9 42 10 36 11 14 15 48 17 34 18 14 19 10 20 36 24 10 3 1 35 19 12 20 13
5 8 5 37 10 41 12 50 13 42 15 23 21 35 23 43 25 29 3 11 18 22 12 24 26 5 6 12 10 39 12 14 18 26 21 39 14 1 48 2 14 3 44 9 33 10 49 11 37 13 26 14 36 16 22 17 24 20 32 21 12 23 11 24 41 15 2 18 4 25 5 19 6 50 9 17 13 41 15 46 16 46 17 45 18 10 20 12 21 18 22 17 24 18 25 32
6 8 3 14 5 34 7 43 12 44 15 40 19 20 23 11 25 47 3 8 25 11 40 22 47 11 4 28 5 12 6 21 8 48 14 30 15 11 17 11 20 41 21 40 22 40 24 38 9 2 31 5 28 6 14 8 15 11 46 16 10 20 26 24 15 25 22 7 3 18 6 41 8 23 10 19 16 20 18 48 24 16 5 4 47 6 42 7 45 14 32 25 18
8 3 1 47 12 12 20 12 9 5 26 9 20 13 12 15 22 16 11 17 50 21 10 23 40 24 27 15 1 26 2 25 3 32 5 19 6 43 9 50 11 25 15 18 16 26 18 42 19 22 21 31 22 20 24 38 25 36 6 2 36 6 45 7 30 9 43 14 39 16 43 15 2 49 3 23 7 35 9 20 10 41 13 17 14 47 16 41 17 13 18 39 19 39 21 35 22 30 23 15 24 31 4 6 41 12 32 14 20 19 32 12 2 15 3 38 7 28 8 50 9 30 10 14 11 46 13 20 15 45 19 39 21 32 25 38 5 3 48 5 26 7 27 8 21 18 21
4 6 8 23 9 19 10 31 11 25 18 43 24 13 4 4 39 10 12 11 45 20 16 13 1 50 5 34 6 45 9 31 10 32 12 12 14 48 15 26 16 37 21 11 23 46 24 13 25 46 5 1 41 2 44 13 36 20 17 24 42
6 10 1 30 6 26 10 22 11 14 12 36 16 12 18 44 22 39 23 18 24 46 10 2 30 4 30 5 10 9 35 10 29 15 14 16 42 22 19 23 50 24 13 6 1 49 2 25 13 21 14 49 15 22 16 37 3 11 46 12 25 20 11 9 1 18 3 32 9 30 10 16 11 30 19 13 20 14 22 33 24 35 9 1 31 5 16 7 36 9 49 14 49 18 34 19 16 22 32 24 27
4 6 3 38 6 17 9 18 10 21 13 30 21 40 13 1 49 5 40 6 48 7 45 11 41 13 29 14 38 16 15 17 19 18 10 19 10 22 39 23 13 12 1 49 2 38 4 44 5 27 6 23 8 32 9 16 11 46 18 19 19 12 23 30 24 37 10 5 33 7 36 8 47 10 16 12 48 13 40 19 37 21 38 23 22 24 46
8 12 3 27 7 31 8 43 10 40 11 31 12 33 14 26 17 43 18 31 20 34 21 50 22 28 13 2 40 3 42 4 39 5 43 6 46 10 13 13 42 14 42 19 23 20 40 21 49 22 38 23 41 4 3 35 10 14 17 42 20 15 4 2 31 11 49 20 49 23 27 10 3 25 8 25 9 17 11 16 12 38 13 10 15 18 17 10 22 23 25 29 7 1 11 3 21 5 15 7 31 14 41 18 50 21 22 9 1 39 4 40 7 45 8 30 12 40 17 49 18 38 22 20 23 40 13 1 15 2 31 3 41 4 44 5 10 8 16 9 26 12 40 14 17 17 23 18 20 21 37 23 18
5 10 1 17 3 33 7 10 8 43 9 23 11 42 19 44 20 45 21 43 23 18 5 1 19 2 39 9 39 16 37 19 35 14 2 21 3 44 4 41 6 10 7 20 13 27 14 48 15 49 17 45 19 33 21 50 22 19 24 10 25 37 13 1 33 4 39 5 17 6 10 8 28 9 25 10 49 15 47 17 48 18 13 19 14 22 48 25 43 15 3 27 4 23 5 13 7 20 10 36 11 25 12 50 14 30 15 44 16 49 17 14 20 27 21 17 24 28 25 13
8 10 2 46 3 13 7 20 9 49 11 50 12 13 19 15 20 40 22 17 24 27 12 3 37 8 19 9 44 10 36 13 12 14 30 15 31 18 17 20 11 23 40 24 10 25 11 4 4 20 12 39 15 37 24 42 11 2 47 4 11 5 40 6 50 12 15 13 12 16 11 18 12 20 33 22 39 25 47 5 1 29 5 45 8 14 19 30 21 33 8 4 23 6 16 15 15 16 25 17 33 20 15 21 19 23 26 13 1 19 3 27 6 20 9 50 11 14 14 49 15 14 17 42 19 49 20 47 22 17 23 29 24 10 3 4 36 19 27 21 36
5 5 5 25 7 44 18 39 20 13 22 21 13 3 24 4 14 6 35 7 29 9 37 11 16 16 12 17 37 18 13 19 27 20 35 23 34 24 21 4 1 41 16 22 17 27 19 39 11 8 27 9 40 12 41 14 11 15 30 16 42 17 43 19 15 21 38 22 33 23 20 4 1 44 2 29 14 13 16 28
8 13 1 12 3 29 5 46 6 24 7 31 10 12 11 25 13 40 16 49 17 42 18 49 23 44 24 40 13 2 10 3 39 5 29 8 30 11 42 12 11 15 21 18 36 19 17 21 13 22 33 24 12 25 20 9 5 43 7 32 10 46 11 36 12 17 15 21 18 49 20 15 24 20 4 12 25 16 29 18 17 25 22 5 3 26 7 30 13 33 18 43 24 18 3 2 12 10 39 12 38 12 3 15 6 11 8 14 9 10 11 26 13 38 14 19 18 35 20 25 21 46 22 34 24 34 10 2 13 3 27 5 41 7 24 11 43 12 20 14 42 17 15 20 45 24 24
6 9 6 40 7 42 8 49 10 47 12 25 16 47 17 15 21 37 23 14 3 10 11 20 18 24 24 11 3 38 5 38 8 48 12 31 15 35 17 13 19 30 20 15 21 36 22 36 24 49 4 1 50 3 31 13 35 24 10 14 1 48 2 29 4 20 6 42 9 41 10 43 12 23 13 43 14 30 15 25 17 40 22 45 24 29 25 23 9 1 16 2 12 4 40 8 19 11 20 15 17 20 49 21 34 23 27
7 6 6 26 8 37 11 21 12 35 19 24 23 45 3 12 11 14 49 23 32 4 2 39 5 11 7 50 16 32 14 1 49 4 36 5 35 7 14 11 46 12 27 13 39 14 44 16 28 19 15 20 26 22 36 23 46 25 49 7 5 47 6 12 8 16 15 43 17 49 21 18 24 30 4 3 49 16 18 19 13 22 38 13 2 35 3 30 4 17 5 14 10 21 11 37 12 24 15 23 16 47 17 25 21 50 23 29 25 41
6 9 1 30 6 43 9 27 10 28 14 23 16 44 17 32 21 11 25 44 10 1 11 3 48 4 19 10 50 11 41 12 31 18 49 19 13 23 43 24 30 6 1 19 2 45 9 15 12 26 16 29 25 48 12 1 49 2 40 3 45 5 49 6 22 7 24 8 11 12 47 13 12 15 42 21 43 25 24 5 16 30 18 17 20 19 22 46 23 47 14 2 45 3 10 4 50 5 12 6 30 7 43 9 18 10 12 12 36 13 12 14 15 20 13 21 10 22 29
4 15 2 28 3 41 5 19 6 10 8 15 9 48 10 10 11 28 12 28 15 11 16 50 17 26 20 21 23 27 25 21 9 2 44 7 27 10 11 13 48 18 18 19 23 22 29 23 47 25 16 7 8 43 10 37 11 43 15 29 18 36 21 24 25 31 8 1 21 4 32 7 46 11 35 12 37 15 12 16 25 17 29
6 14 3 14 4 41 5 45 11 21 12 50 13 22 14 17 15 40 16 23 18 12 20 40 22 17 23 50 24 27 5 1 48 5 14 17 14 19 39 25 37 5 6 23 8 48 14 50 15 26 17 23 11 1 35 5 22 7 25 8 31 10 40 13 45 16 22 17 12 19 14 21 41 25 34 7 3 17 8 49 12 20 15 35 17 39 19 15 21 27 3 7 43 16 10 17 43
3 9 3 39 4 29 6 19 8 34 9 32 11 48 18 23 21 43 22 21 5 1 45 7 34 17 46 21 11 25 44 9 1 17 3 26 5 49 8 49 9 28 13 10 16 24 18 17 20 38
4 8 1 22 6 21 7 27 12 35 14 38 16 18 17 44 21 45 8 1 41 5 47 6 37 7 20 9 40 16 27 18 47 21 19 8 7 41 10 34 13 24 15 37 17 43 18 41 19 14 21 33 12 2 42 5 24 7 50 8 46 13 38 14 50 16 47 17 18 19 37 21 50 23 18 24 40
8 8 1 28 2 10 7 36 18 30 19 27 21 50 22 36 25 24 4 7 27 12 27 16 25 20 43 14 1 42 4 44 5 15 7 45 8 13 9 32 12 20 15 38 16 36 17 38 19 23 22 13 23 42 25 13 4 7 29 12 22 17 47 19 18 3 4 25 20 42 24 13 13 1 49 3 21 4 13 5 36 7 43 12 16 14 38 16 27 17 45 20 31 21 18 23 45 24 29 3 3 33 4 37 16 41 11 4 36 5 38 6 41 10 31 11 34 12 45 13 21 15 25 22 41 23 23 25 49
4 7 3 22 5 46 9 28 10 49 14 47 19 16 22 30 4 1 46 6 50 13 34 15 31 9 1 42 5 15 8 22 11 46 17 23 18 27 20 11 22 31 23 27 8 2 20 6 24 9 30 14 23 17 14 18 29 20 22 25 16
7 13 1 31 5 47 8 47 9 14 10 13 11 49 13 27 17 48 19 42 21 31 22 45 24 29 25 14 11 4 21 6 40 7 14 8 27 9 23 11 37 12 24 16 32 17 28 18 40 22 42 10 2 30 4 39 8 19 9 40 12 50 13 11 15 16 16 44 23 21 25 14 11 2 44 5 38 6 22 7 37 10 46 14 26 16 48 18 10 20 26 21 27 22 37 11 5 20 6 15 10 26 12 38 13 17 15 37 16 13 19 45 21 26 24 33 25 19 6 1 42 4 45 5 19 14 25 20 50 22 38 12 1 13 2 11 4 33 5 31 7 32 14 27 15 46 17 30 18 41 22 22 23 17 25 24
5 7 1 42 5 17 14 11 16 19 18 14 24 40 25 11 10 2 13 5 19 6 14 8 16 9 41 14 42 15 35 18 39 19 24 25 19 14 1 38 2 17 3 29 5 19 6 17 7 38 8 19 10 23 11 22 12 11 13 40 15 20 16 28 18 41 6 1 21 6 20 8 13 17 32 20 43 21 29 9 1 38 2 10 4 47 9 49 10 48 17 14 20 43 21 24 24 30
8 14 2 26 3 17 4 21 5 38 6 12 7 21 10 19 14 47 15 11 20 13 21 47 22 12 24 34 25 44 5 4 22 17 39 21 37 22 19 25 25 4 9 33 11 43 14 47 25 43 7 5 49 9 48 14 36 15 41 16 48 17 49 21 12 4 8 10 12 23 15 25 20 46 15 1 33 2 36 4 49 6 21 8 31 13 29 14 37 15 26 16 39 19 38 21 23 22 46 23 18 24 28 25 25 15 2 25 3 11 5 21 8 24 9 28 10 50 11 43 12 41 13 34 19 44 20 30 21 46 22 44 23 17 24 28 3 2 46 4 22 5 15
4 11 3 24 9 26 10 47 11 10 12 18 13 31 14 43 15 45 17 16 20 36 25 49 5 6 12 8 17 10 50 14 26 16 19 14 1 31 4 27 6 44 8 50 10 37 12 31 16 48 17 47 18 45 20 27 21 25 22 25 23 44 25 50 9 2 28 3 22 5 43 6 19 7 27 11 29 17 39 18 23 21 12
8 8 3 48 5 46 8 13 12 13 13 43 17 18 24 37 25 35 6 1 23 7 19 14 27 17 43 18 33 22 18 9 5 35 6 28 11 41 14 49 16 18 17 43 18 25 20 40 24 44 9 3 40 5 34 6 34 8 23 9 15 10 21 12 29 14 23 16 22 14 1 18 2 27 3 15 4 29 6 19 7 38 9 11 10 20 12 39 13 31 17 48 21 44 23 21 24 38 8 1 12 3 30 6 49 16 47 20 16 21 43 22 41 23 46 15 1 31 2 34 4 30 5 29 7 34 13 15 14 40 16 17 17 48 18 44 19 30 20 10 21 48 22 18 24 17 4 4 47 7 41 12 21 14 14
8 11 4 39 6 36 7 24 8 32 11 15 12 41 17 14 20 47 21 14 22 33 23 17 4 5 18 10 44 15 39 24 12 13 2 42 4 26 5 49 6 23 10 12 11 47 13 16 18 37 19 40 21 31 22 31 23 14 25 20 15 2 35 3 38 6 37 7 28 9 31 10 23 12 36 13 14 16 41 17 37 18 50 19 40 20 36 21 22 25 27 15 4 39 9 20 10 50 11 29 12 33 13 24 14 24 15 19 16 20 18 34 20 18 21 16 23 19 24 49 25 15 15 2 37 3 37 4 43 5 42 6 20 9 17 10 49 13 26 14 40 15 16 16 34 19 31 23 30 24 21 25 21 9 1 13 3 12 8 41 11 39 12 29 14 35 18 15 20 33 22 19 14 3 24 6 42 7 18 8 49 9 47 10 25 11 31 13 19 14 29 16 10 17 36 20 18 22 27 25 14
8 6 4 26 7 14 8 26 9 14 14 35 21 49 6 1 28 2 47 9 45 15 39 18 29 20 49 11 4 50 6 26 7 18 10 16 16 37 18 38 19 35 20 41 21 37 22 25 25 18 11 2 19 3 16 6 38 7 42 10 32 11 37 12 22 13 22 14 45 17 41 18 30 12 1 46 2 24 6 22 7 41 8 11 9 18 14 37 16 10 18 35 19 11 21 19 25 27 14 3 14 4 12 6 33 7 18 8 22 9 40 11 21 12 36 13 12 16 13 17 26 19 19 20 28 22 35 10 4 50 5 32 6 44 9 26 15 25 16 39 19 41 20 38 21 39 23 23 3 14 20 19 42 20 34
5 4 2 30 5 18 9 48 18 32 10 3 30 4 39 6 47 11 18 12 46 13 29 15 32 19 14 23 37 25 12 12 1 29 4 35 5 31 6 27 7 46 12 37 14 32 15 23 16 42 18 26 23 20 24 37 9 1 50 2 20 5 31 6 18 14 20 15 50 17 18 18 15 19 37 7 1 23 4 43 11 10 14 46 20 27 22 16 24 26
6 13 3 11 7 33 8 28 9 30 13 32 15 20 16 40 17 43 18 31 19 22 20 37 24 29 25 46 6 1 22 2 29 7 25 8 43 18 11 25 42 13 2 33 4 36 6 14 7 30 10 33 11 20 12 49 13 45 15 18 16 41 19 49 22 43 25 29 10 1 30 2 22 3 21 9 15 10 39 12 22 16 43 18 35 21 11 24 26 14 3 24 6 30 7 19 9 23 10 45 11 31 12 40 14 29 15 35 18 24 21 30 22 36 24 48 25 12 5 6 24 9 40 23 32 24 38 25 12
8 12 2 30 4 14 7 33 9 26 10 41 13 23 14 21 18 38 20 20 22 18 23 19 24 39 11 2 47 6 50 10 43 11 40 14 32 15 14 16 27 20 50 23 46 24 23 25 11 7 2 45 8 13 9 17 10 12 12 14 16 17 17 40 8 1 38 7 35 11 16 13 48 14 14 15 44 16 21 24 41 10 1 41 5 11 8 16 9 22 12 50 13 32 15 46 19 33 22 42 25 19 8 2 33 3 22 4 28 7 13 10 40 20 43 21 50 24 50 8 2 41 4 37 8 16 11 10 12 36 18 22 23 18 24 11 11 1 38 5 26 11 37 13 30 16 37 17 48 18 22 19 26 20 21 21 43 23 45
3 9 2 23 3 37 8 25 9 33 10 37 13 15 19 17 24 33 25 18 8 1 49 2 39 7 30 8 43 12 27 17 38 20 40 22 43 10 1 50 3 39 4 27 7 31 17 17 18 11 19 37 20 40 23 40 24 22
7 10 1 19 6 12 8 20 11 45 13 37 20 21 22 10 23 13 24 26 25 14 9 1 41 12 12 14 17 15 47 16 28 18 30 22 29 24 21 25 40 5 11 47 16 15 19 18 21 35 23 11 4 8 41 11 43 14 28 15 40 13 3 48 5 41 6 21 7 25 8 27 11 28 13 48 14 23 16 35 18 14 20 47 21 19 24 12 6 4 36 8 50 13 44 14 49 22 40 25 23 9 2 30 7 45 10 12 11 37 12 32 13 31 18 17 19 19 22 49
5 10 1 20 2 18 3 45 5 44 10 50 11 11 15 14 16 18 20 19 22 18 4 3 21 15 39 17 37 23 27 7 3 25 6 27 11 38 16 19 17 12 23 49 25 44 12 2 29 3 19 5 48 10 20 12 42 13 16 14 50 16 49 18 30 21 17 23 39 24 40 5 2 38 3 41 11 32 17 34 23 31
4 12 4 36 5 29 9 17 10 26 11 46 12 34 14 31 15 23 17 27 18 37 20 27 25 39 13 4 31 6 43 7 42 8 26 11 37 14 25 17 46 18 14 19 47 20 25 22 29 23 33 24 43 9 2 20 7 35 9 12 15 40 19 18 20 10 21 29 24 35 25 21 5 3 50 6 50 8 41 9 14 16 14
5 14 2 11 3 22 5 47 6 40 9 41 10 33 11 19 12 30 13 28 14 23 15 24 16 20 22 31 23 31 7 3 19 8 17 11 10 15 48 17 43 23 43 24 38 7 1 47 3 45 4 40 8 49 10 49 11 38 16 25 9 1 37 3 32 9 46 10 47 12 50 20 44 21 39 23 26 24 36 7 5 15 6 30 11 40 14 50 17 48 22 12 24 10
4 13 1 35 3 17 4 41 6 21 7 15 14 15 15 47 17 26 21 19 22 15 23 15 24 15 25 41 14 1 36 3 35 4 41 9 23 10 17 12 21 13 48 14 41 17 49 19 20 20 41 21 43 23 32 24 21 14 3 39 4 41 5 14 6 28 7 21 8 13 10 50 12 24 13 40 15 19 18 32 23 19 24 49 25 43 12 1 45 3 29 5 41 6 10 8 38 10 20 12 10 13 39 15 50 16 31 19 29 20 34
5 9 1 32 4 41 5 19 9 29 10 36 11 12 16 33 20 20 21 44 11 2 31 4 49 5 44 8 13 10 44 14 47 16 28 19 49 20 37 23 11 25 16 13 2 49 4 14 5 21 6 49 8 32 9 48 12 47 16 26 17 23 20 35 21 23 22 12 24 10 4 9 12 17 22 21 24 23 46 6 1 23 2 34 4 44 8 38 20 11 21 35
4 3 2 47 14 41 15 41 10 2 22 4 41 9 47 12 16 14 42 17 13 18 45 22 35 23 38 24 26 15 1 41 2 28 3 12 4 25 5 24 6 29 7 35 12 43 13 47 15 28 17 32 21 21 22 38 23 32 25 49 5 3 35 5 21 10 28 14 10 16 10
8 9 1 29 4 40 10 23 13 13 16 38 17 23 21 29 23 11 25 41 3 1 18 8 39 14 33 12 5 14 7 21 8 32 9 26 10 20 13 42 14 16 17 21 18 30 20 38 22 45 25 49 12 1 21 3 25 5 21 7 31 8 21 12 42 13 15 14 20 16 25 17 44 23 19 24 39 11 2 18 5 37 6 37 10 32 12 26 15 19 17 13 18 24 21 49 22 28 24 40 14 2 18 6 15 7 28 8 30 10 36 11 24 12 49 13 26 15 26 17 11 19 40 20 50 21 45 25 28 11 1 20 6 10 7 37 9 13 13 10 16 23 20 40 22 37 23 22 24 40 25 45 12 9 25 11 24 12 29 13 32 17 11 18 15 19 18 20 11 21 46 22 22 24 17 25 48
6 15 2 20 7 49 8 12 9 49 10 13 11 22 13 33 14 20 15 38 17 39 19 46 20 34 21 14 22 37 24 19 14 1 22 2 40 3 17 4 20 5 31 8 37 9 44 11 50 13 28 14 49 17 41 20 44 22 39 24 32 11 2 37 3 41 7 22 10 40 11 22 14 46 15 14 17 21 18 38 21 33 22 21 7 6 45 9 48 12 39 15 43 16 50 23 28 24 47 14 1 19 3 39 4 29 5 42 8 34 9 29 10 39 11 14 13 45 14 26 16 18 22 14 23 45 24 42 8 1 27 3 27 9 35 11 12 15 44 16 13 24 46 25 21
4 9 1 23 3 20 6 21 7 50 9 15 15 15 17 22 20 41 25 17 8 2 29 3 27 10 20 11 31 12 29 16 27 17 48 21 20 14 1 27 2 34 5 25 7 17 10 15 11 16 13 14 17 45 18 48 19 19 20 42 21 43 22 35 24 33 14 2 30 3 11 4 16 6 25 9 19 10 49 11 39 12 46 16 38 17 40 20 13 21 16 23 46 24 47
4 13 2 46 6 31 8 44 9 22 10 29 11 17 13 31 16 43 20 27 22 18 23 16 24 13 25 10 12 1 31 2 16 8 31 10 16 11 14 15 18 17 20 18 50 19 30 21 16 23 21 25 38 7 1 10 3 10 6 40 13 32 18 32 21 15 25 37 9 7 11 9 18 10 34 11 18 18 47 19 32 22 40 23 29 24 23
3 10 1 50 4 29 10 29 11 32 12 33 13 41 15 24 17 27 19 47 24 29 14 1 25 3 23 6 47 8 15 12 43 13 32 14 49 15 10 18 18 19 35 20 40 21 30 23 32 24 20 12 3 38 4 41 6 17 9 29 13 38 14 13 15 35 16 28 17 25 18 28 19 13 23 14
4 5 2 11 5 17 8 35 9 48 20 17 9 2 18 3 38 5 33 6 41 7 50 13 23 16 39 19 41 23 42 3 6 40 19 46 21 29 11 1 50 3 49 4 14 6 10 7 22 8 26 12 13 15 12 20 30 22 31 23 37
3 3 16 30 22 39 25 46 4 20 48 22 46 24 24 25 14 4 1 36 7 12 9 13 22 27
7 9 1 11 4 31 5 43 8 19 11 15 15 40 17 13 22 37 24 14 15 1 49 3 33 4 10 7 20 8 40 11 38 12 18 14 31 15 39 18 44 19 39 21 31 23 37 24 10 25 18 11 7 47 12 15 13 30 14 40 16 50 17 13 19 25 21 20 22 38 23 16 24 17 12 2 15 4 36 5 10 6 10 9 21 12 17 13 13 14 17 15 48 17 27 20 30 24 28 11 2 46 3 32 7 10 11 23 15 28 17 27 18 19 20 33 22 36 23 36 25 29 6 2 28 6 37 9 27 10 47 18 17 20 19 3 12 40 14 13 21 28
8 6 4 37 9 48 10 24 14 24 22 42 25 13 13 1 36 3 28 7 49 9 50 10 17 11 11 16 25 17 47 18 26 19 15 21 42 24 30 25 48 14 1 48 2 39 4 19 7 46 8 13 9 35 10 29 11 23 12 49 14 20 16 23 17 21 21 32 23 25 8 3 16 7 38 8 45 11 13 12 22 13 35 14 25 17 14 14 1 39 4 35 6 39 9 23 10 43 11 26 13 45 15 23 16 27 17 23 20 32 21 44 22 39 25 24 4 9 39 16 23 19 30 25 49 6 7 34 8 28 15 49 21 38 22 28 23 42 5 2 20 7 31 17 38 20 34 24 44
3 14 1 19 3 28 8 48 10 23 11 47 12 17 14 33 15 42 16 32 17 12 18 44 19 25 22 27 23 37 5 2 39 3 47 5 46 10 40 23 26 7 4 13 6 22 11 47 12 40 18 41 20 49 22 50
6 5 13 44 14 15 19 14 21 12 24 20 15 1 33 2 14 3 38 4 14 7 35 8 13 14 20 15 13 16 10 18 38 19 40 20 33 21 17 22 42 24 27 13 2 50 3 45 6 32 7 41 8 42 10 23 12 48 13 18 18 11 20 22 22 29 23 23 25 32 11 4 32 6 23 9 15 11 30 13 39 17 43 19 42 21 36 22 42 23 29 25 46 4 2 24 7 28 13 23 23 44 13 1 29 3 15 5 35 7 47 9 33 10 41 11 12 13 32 15 31 19 26 21 33 24 31 25 35
8 13 3 42 6 43 7 13 8 40 9 11 13 18 14 24 15 15 17 24 18 50 19 15 22 12 23 22 8 2 34 11 24 13 50 18 46 20 27 21 48 22 20 23 13 15 3 39 4 20 5 43 6 33 7 49 9 33 12 21 13 16 14 37 15 35 16 24 17 30 20 48 23 46 24 38 3 7 45 12 41 21 43 3 8 36 12 19 17 10 7 4 50 5 38 8 38 9 13 17 18 18 34 25 37 4 3 11 15 38 18 37 19 16 14 1 14 3 24 5 49 6 22 7 24 9 35 10 24 14 47 15 45 17 24 21 32 23 18 24 14 25 46
3 15 1 37 2 27 3 13 4 30 5 46 6 47 7 16 8 18 13 16 14 43 16 10 17 36 19 45 22 32 25 35 9 1 36 2 43 7 12 10 16 12 35 15 30 18 33 21 23 22 39 7 1 40 3 19 7 24 8 38 18 42 20 13 21 19
8 9 2 32 4 27 6 44 7 39 9 29 18 23 19 47 20 10 22 22 15 2 12 3 49 4 47 5 36 6 16 9 19 10 20 11 31 12 50 13 22 14 26 15 22 17 42 20 32 21 29 14 1 36 2 39 5 19 6 19 7 35 8 35 9 37 10 27 12 30 16 40 18 36 19 18 20 12 22 21 8 3 10 6 18 10 37 11 27 13 16 16 10 20 45 21 35 13 2 14 4 41 6 37 7 15 10 20 11 28 13 28 14 40 16 20 19 37 21 28 23 42 24 42 4 2 28 7 27 16 27 21 29 9 5 20 11 33 12 11 13 10 14 17 18 25 20 50 21 50 24 44 7 3 26 4 38 9 38 10 25 11 19 12 46 23 10
8 5 2 50 5 40 6 22 9 41 19 10 10 1 24 3 31 7 28 8 29 15 31 17 28 20 45 22 21 23 13 24 19 7 5 10 6 12 10 31 16 46 20 17 21 42 23 36 11 2 43 4 42 5 45 6 39 9 45 13 42 14 26 15 47 23 17 24 21 25 46 6 1 35 5 30 7 35 10 20 15 15 16 50 10 1 17 2 14 3 41 4 44 8 47 10 32 15 14 19 41 20 37 23 46 6 1 50 2 30 14 21 15 16 16 18 24 38 5 6 46 9 33 11 48 19 20 23 17
8 4 8 16 9 19 14 46 22 24 5 3 27 7 32 21 21 24 46 25 47 10 3 45 7 15 10 35 11 26 17 46 18 38 19 26 22 26 23 41 25 33 5 3 41 9 23 11 32 15 48 16 25 7 1 28 9 10 10 24 14 34 15 28 18 21 23 46 13 4 28 5 37 7 35 9 33 11 49 12 44 15 28 16 22 18 37 19 26 20 49 23 47 24 18 4 9 10 20 32 21 47 25 14 3 9 10 12 35 13 31
7 10 1 21 4 41 5 24 6 47 8 12 10 45 15 11 19 42 20 47 23 48 14 1 30 2 29 3 11 6 29 7 41 10 38 11 28 12 35 15 43 16 37 17 21 20 32 21 13 25 14 3 3 11 4 31 18 43 7 8 12 9 49 10 14 14 32 16 26 17 12 22 42 14 1 11 3 14 4 21 8 18 9 14 11 29 12 20 13 14 15 45 16 34 20 11 21 19 22 20 25 28 8 3 22 4 39 6 34 8 15 16 35 17 13 18 31 19 21 3 14 24 16 18 18 22
6 13 1 17 2 14 4 34 5 29 8 35 9 48 13 31 14 35 15 39 17 12 18 44 24 15 25 30 3 1 45 5 10 16 49 4 1 37 3 10 11 32 16 35 6 1 36 11 40 14 20 20 39 21 35 25 18 15 1 29 4 42 5 16 7 13 8 38 9 43 13 24 14 50 15 38 17 45 18 26 21 26 22 10 24 46 25 14 8 1 34 2 34 5 13 8 26 14 38 22 43 23 13 24 27
5 15 1 33 3 26 4 37 5 21 7 37 8 35 9 22 12 25 13 10 14 34 15 47 16 25 18 29 23 20 24 30 13 1 20 2 21 3 20 6 38 7 25 9 41 10 18 11 12 12 20 17 12 19 25 20 21 24 41 14 1 40 3 13 5 49 8 18 11 16 12 39 13 32 14 45 15 34 16 12 19 21 20 29 24 48 25 19 8 2 26 12 40 14 20 18 25 20 48 21 34 22 15 24 29 15 3 48 4 28 6 14 10 18 11 23 12 47 14 18 15 49 18 46 19 15 20 33 22 39 23 18 24 32 25 40
5 8 3 50 6 47 8 37 10 29 12 22 18 34 19 31 24 35 7 4 21 5 42 11 18 12 18 17 26 23 16 25 17 9 2 50 5 26 8 39 9 25 10 50 12 38 13 44 15 19 16 16 6 1 24 5 15 7 36 15 12 23 17 25 23 9 2 22 6 15 9 34 11 15 12 18 14 35 22 14 24 35 25 22
3 11 1 22 3 44 5 44 6 47 7 10 8 17 10 46 12 38 13 30 19 22 24 22 11 3 49 5 32 8 36 9 36 12 16 14 16 16 27 19 40 22 38 23 21 24 25 10 1 19 7 22 10 45 12 46 17 32 21 29 22 30 23 34 24 19 25 22
8 15 2 17 3 29 4 31 5 10 8 49 9 45 12 20 13 44 14 33 16 35 18 20 19 14 21 23 23 38 25 15 12 1 22 3 37 5 22 7 40 12 45 13 18 14 32 17 50 19 41 21 49 22 25 25 47 3 1 34 2 39 20 45 12 1 35 3 49 4 21 8 39 10 43 11 40 13 48 14 29 21 40 23 33 24 49 25 13 15 1 12 5 27 6 48 9 29 10 45 12 49 14 41 15 18 16 29 17 17 21 19 22 16 23 24 24 41 25 47 5 2 49 4 14 13 42 16 35 21 34 7 3 33 7 34 8 30 10 26 11 49 14 35 23 33 4 10 43 13 46 17 22 24 35
3 13 1 34 4 27 5 19 7 48 8 42 10 32 13 45 14 18 16 33 19 45 20 28 23 19 24 11 6 1 20 3 16 7 31 9 49 20 10 22 26 4 2 16 13 40 14 25 16 46
7 15 2 14 5 47 6 19 7 40 8 12 9 13 10 36 12 36 13 30 14 31 15 43 16 23 20 45 21 25 23 40 12 5 32 8 48 9 44 11 11 13 43 14 42 15 13 17 38 18 16 19 31 20 23 23 28 12 2 42 3 29 4 21 8 49 11 32 12 34 13 41 15 38 16 44 19 28 21 50 23 13 4 6 40 11 13 20 23 22 39 4 10 30 15 39 16 31 18 18 11 2 48 3 30 7 10 10 44 11 23 13 29 14 41 15 29 16 14 22 14 25 37 15 3 25 4 38 6 27 7 36 10 21 14 28 15 39 16 12 17 24 18 22 19 27 20 40 22 31 23 24 25 22
7 5 3 24 4 28 5 28 19 27 24 32 10 1 48 3 31 10 27 12 24 13 26 19 35 21 49 22 49 23 21 25 14 9 2 33 3 33 4 48 5 43 9 33 17 20 18 32 21 38 24 32 8 1 29 3 31 4 26 13 15 15 42 20 40 24 39 25 19 7 1 19 2 41 9 15 10 37 15 36 17 13 20 27 3 11 44 23 25 25 50 10 4 43 5 36 9 46 13 17 16 45 17 38 19 24 20 39 21 43 23 32
4 12 3 20 5 42 6 46 7 24 10 25 11 20 12 32 13 35 16 23 17 45 18 27 21 29 3 4 16 19 32 24 40 7 1 48 2 36 5 11 13 12 15 39 19 38 21 19 6 1 47 10 36 11 35 14 29 16 47 18 28
64 85 67 44 92 65 73 59 39 54 93 78 107 136 63 114 50 131 60 139 88 149 75 104 99 74 106 51 78 133 50 132 91 99 60 101 107 119 81 86 155 38 95 81 74 78 65 78 55 151 87 74 66 52 68 59 107 129 50 118 127 45 107 158 123 110 116 77 88 44 108 57 109 97 68
3 2 2 3 2 1 1 2 3 1 2 1 2 2 3 1 2 3 3 1 1 2 2 3 3
# Instance ID: 79
# Total operations: 413
# Actual flexibility: 0.359
# Generated: 2026-02-14 14:26:23
# Format: Extended Brandimarte for MOFJSP (Comparison Dataset)