50 25
8 13 4 31 5 45 6 32 8 10 9 45 11 13 14 42 15 37 18 14 21 12 23 30 24 39 25 19 9 3 47 5 35 9 30 11 29 13 24 17 46 21 17 23 11 24 32 4 1 43 12 44 14 34 21 50 10 5 16 6 18 7 49 8 49 11 25 12 17 13 32 17 21 21 25 24 10 13 1 34 2 31 3 39 5 28 7 49 8 49 10 43 11 14 12 36 14 28 17 42 19 29 22 35 5 4 28 8 22 9 31 23 37 24 10 6 3 32 6 46 9 31 14 27 24 16 25 19 15 1 47 4 29 5 36 7 39 9 28 11 43 13 11 16 27 17 16 18 15 20 29 22 30 23 39 24 33 25 23
4 6 3 27 11 37 12 11 15 36 19 39 22 42 3 3 21 7 26 18 37 13 1 20 2 24 5 16 6 26 7 45 8 45 11 47 12 38 16 50 19 31 20 33 21 33 25 46 9 4 31 5 34 7 47 9 49 15 49 17 10 18 45 19 30 25 35
6 12 2 40 5 31 7 34 11 37 14 40 15 23 17 16 18 33 20 50 21 44 23 27 25 17 10 1 35 3 33 4 17 9 33 11 19 13 11 15 23 18 31 20 12 23 42 6 1 40 13 43 14 27 17 29 22 47 25 36 7 3 40 4 10 6 11 8 34 12 48 17 45 19 19 4 2 30 5 11 10 38 20 34 5 9 47 10 44 13 16 18 32 19 47
5 13 2 13 4 20 5 11 8 36 9 24 10 27 11 43 15 23 16 20 17 24 18 29 19 42 21 37 6 3 45 4 36 6 40 7 50 9 29 12 16 13 1 35 3 43 4 27 5 33 6 45 8 34 9 15 10 37 12 20 15 27 17 42 23 27 25 24 15 2 30 3 43 7 17 8 19 9 23 10 50 12 42 14 50 15 35 17 39 18 24 20 47 23 39 24 48 25 34 3 1 10 14 41 17 43
7 3 2 23 10 23 19 20 14 4 36 6 40 7 17 9 25 10 46 11 11 13 45 15 45 17 33 18 13 21 43 22 30 24 26 25 19 7 2 15 4 33 5 28 6 19 7 15 16 18 17 32 11 2 33 6 19 9 13 11 47 12 43 13 17 15 28 17 43 18 17 23 45 24 33 7 1 31 2 15 12 37 17 42 18 33 21 10 24 30 5 8 17 9 11 11 39 19 24 25 38 15 2 26 5 43 6 12 9 37 11 22 12 26 13 28 15 35 16 42 17 12 18 20 20 25 21 28 23 11 25 41
6 3 6 38 14 18 21 37 3 4 10 17 25 18 43 4 1 48 10 41 11 10 20 39 13 2 26 3 46 4 36 5 26 7 50 10 47 15 27 17 44 18 47 19 40 20 12 22 48 23 36 14 1 15 2 31 4 23 6 27 8 43 9 28 10 18 11 47 12 45 13 14 16 29 17 45 19 47 24 41 11 1 18 4 48 8 11 15 21 18 42 19 12 20 17 21 24 22 25 23 18 24 40
5 11 1 23 3 32 4 37 7 41 8 14 10 49 15 28 17 48 19 31 20 31 23 36 11 1 44 2 41 3 30 4 23 6 33 10 46 14 34 18 34 19 19 20 22 23 30 7 7 38 8 41 12 48 13 18 15 46 18 31 20 40 7 2 10 7 19 11 45 13 44 15 33 19 33 23 19 12 1 18 2 31 3 45 5 10 9 26 10 42 13 26 17 46 21 33 23 17 24 17 25 10
5 8 5 26 12 14 13 43 16 33 17 34 18 39 19 43 22 42 9 4 32 5 41 6 21 7 26 13 26 14 26 23 22 24 42 25 13 10 2 48 3 26 6 39 9 36 10 28 11 29 15 16 20 32 24 13 25 41 12 3 45 5 40 7 15 11 37 12 48 13 28 14 26 17 26 18 20 20 50 22 26 24 48 11 2 22 3 43 8 26 10 30 11 15 13 22 14 10 16 18 17 48 19 49 25 46
3 3 1 40 7 18 8 11 12 1 40 4 26 5 18 6 14 10 13 12 37 14 37 16 27 17 34 20 39 22 37 25 24 10 1 19 2 21 5 32 10 44 13 43 14 33 15 18 18 50 24 24 25 45
7 7 4 45 10 29 13 40 15 50 19 26 21 11 23 17 11 1 34 2 15 3 26 4 48 6 50 8 50 14 26 16 48 17 20 19 22 20 35 4 4 41 14 26 15 38 21 39 6 3 16 4 40 7 12 8 19 9 39 21 18 12 5 40 8 14 9 40 11 41 12 30 13 13 14 21 16 27 19 42 23 22 24 48 25 47 4 2 14 5 31 13 31 22 48 11 5 22 6 32 7 34 12 32 15 32 17 15 19 30 20 17 23 46 24 19 25 41
3 13 1 24 4 27 9 34 11 19 12 30 13 44 14 13 15 28 16 17 17 47 18 14 23 14 24 17 15 1 50 3 25 4 29 5 28 6 18 11 37 12 18 13 11 15 27 17 41 18 15 21 28 22 44 23 46 24 12 11 2 25 7 13 8 34 9 35 10 37 12 35 14 12 15 27 19 31 22 19 23 24
4 9 2 33 5 10 6 21 7 32 18 44 19 13 23 19 24 45 25 49 7 1 40 7 44 8 49 11 29 14 11 18 47 24 43 15 4 30 5 46 7 22 9 33 11 20 12 25 13 43 14 33 17 40 18 16 19 20 20 17 23 19 24 20 25 41 3 4 50 5 24 19 31
3 10 2 48 3 21 6 20 7 40 8 16 12 46 16 37 20 40 22 10 25 24 4 1 41 7 17 11 43 24 12 12 1 43 2 27 3 38 5 48 7 26 8 25 11 24 15 15 16 33 17 50 21 19 22 15
3 9 1 21 9 14 10 40 11 43 14 41 15 43 22 24 23 11 24 13 8 6 34 7 28 11 48 12 18 16 45 17 48 24 35 25 35 15 1 25 2 31 3 24 6 44 7 20 8 17 9 43 14 16 16 11 17 44 18 45 19 36 22 28 23 18 25 49
6 7 3 47 6 24 8 30 9 26 10 46 15 29 22 17 3 16 33 20 43 24 40 14 1 47 8 49 9 23 10 33 13 27 14 20 16 38 17 37 18 18 19 48 21 23 22 15 24 39 25 50 10 2 37 4 21 5 12 8 25 10 17 14 32 15 47 16 17 19 31 25 39 6 1 35 4 17 7 34 10 11 12 33 20 11 8 1 35 3 12 7 28 8 11 11 11 17 45 20 16 22 46
8 15 1 20 5 27 6 30 7 43 8 14 14 48 15 38 17 20 18 25 20 46 21 35 22 16 23 19 24 28 25 20 13 4 12 5 33 6 22 7 43 8 47 13 27 14 26 15 30 17 20 18 28 19 49 21 11 25 50 8 3 32 6 25 7 33 8 39 10 48 15 31 23 24 24 48 14 2 30 4 29 5 40 10 25 11 34 12 33 15 22 16 15 18 46 20 25 21 22 22 35 23 34 24 31 5 1 35 8 15 9 19 11 42 22 10 8 4 33 5 50 6 31 7 37 8 11 10 13 19 16 21 13 4 10 45 11 25 16 37 22 27 6 5 23 9 19 13 46 15 45 17 36 22 16
5 11 3 26 5 38 7 10 12 27 13 22 17 16 20 50 22 19 23 26 24 12 25 18 13 2 16 3 11 4 15 5 48 8 15 9 30 10 28 14 13 19 20 20 19 23 27 24 44 25 13 9 1 20 6 11 7 13 9 21 10 37 14 42 18 23 20 47 21 39 3 1 27 7 46 15 31 6 1 37 4 15 8 15 18 32 22 12 23 35
7 7 4 49 7 36 12 14 13 15 15 13 22 40 23 35 15 1 35 2 16 4 27 5 44 8 30 9 27 10 37 11 12 13 13 14 42 15 16 21 14 23 42 24 28 25 35 8 1 15 5 31 6 37 7 44 13 27 15 49 16 24 25 25 4 10 43 13 27 15 35 21 24 15 1 20 3 33 5 19 6 45 7 27 8 24 10 17 11 19 12 46 14 33 18 27 21 24 22 17 24 24 25 12 6 6 50 10 22 12 46 15 11 19 10 24 34 10 6 25 7 15 9 15 10 23 11 21 17 38 20 40 22 23 23 27 25 18
3 4 14 39 15 46 19 40 24 13 15 1 43 5 44 6 27 8 33 9 30 10 29 12 20 14 40 18 24 19 10 20 32 21 43 22 17 23 36 25 24 14 1 21 3 37 4 38 6 37 8 43 10 40 15 46 17 45 18 39 19 35 20 12 21 31 23 48 25 15
7 14 4 32 5 45 7 32 9 48 13 23 14 19 15 14 16 13 17 49 18 45 19 31 20 32 21 34 25 30 10 1 15 4 32 5 32 6 50 12 16 13 47 14 35 16 31 18 38 24 45 4 4 39 14 19 20 22 21 17 7 1 29 4 43 8 16 9 22 11 40 12 12 23 21 9 1 13 2 49 6 25 11 32 17 38 19 28 21 28 22 14 25 43 4 10 31 14 50 19 12 22 40 14 2 45 3 38 8 19 9 42 10 44 12 26 13 23 14 31 17 49 19 39 21 49 22 13 23 22 25 33
8 9 1 41 3 41 4 43 12 29 14 11 17 24 20 17 21 11 22 33 14 1 38 3 19 5 37 6 47 7 36 8 34 11 45 12 18 17 29 19 47 20 27 22 39 23 27 25 34 12 5 13 6 23 9 31 11 19 14 36 15 18 18 14 19 20 20 13 21 28 23 10 24 40 11 1 49 2 15 3 19 4 13 8 26 9 12 10 45 11 12 16 35 21 22 23 38 9 1 15 3 25 8 20 10 49 11 23 12 17 14 15 17 25 20 39 4 8 45 10 25 18 12 22 42 9 2 11 4 38 5 48 8 27 14 14 16 27 18 18 23 43 24 21 7 3 44 8 21 9 13 10 27 14 11 18 15 25 44
8 3 16 27 20 48 22 42 3 1 36 21 32 22 49 8 8 14 9 23 11 48 12 37 13 13 16 16 19 23 23 16 6 1 24 3 20 5 28 16 39 21 18 23 39 14 2 42 4 37 5 49 8 24 9 30 10 10 13 19 16 44 17 33 18 10 21 16 22 26 23 37 24 43 12 7 48 12 36 13 14 14 38 15 50 17 12 18 21 19 40 20 39 22 32 23 46 25 14 4 1 26 6 43 15 23 23 30 4 14 40 23 10 24 16 25 11
3 6 11 43 12 37 14 49 15 30 16 47 22 27 9 4 47 6 38 7 37 11 35 16 27 18 33 19 45 21 13 23 39 4 2 27 14 31 20 39 25 13
4 3 5 19 9 47 13 33 13 1 47 3 28 6 42 10 38 11 40 12 34 13 17 15 20 17 37 18 42 19 31 23 24 24 14 7 1 24 2 40 6 37 22 40 23 23 24 37 25 11 8 3 48 8 21 9 25 10 37 11 26 13 46 15 48 25 41
3 14 3 36 5 48 6 21 10 25 11 14 12 43 13 24 15 17 17 27 18 21 19 33 20 34 22 12 23 22 8 4 42 7 26 8 43 16 36 18 11 22 37 24 14 25 31 13 1 13 2 42 3 48 7 16 9 26 10 13 12 47 16 36 17 27 21 35 22 34 23 27 25 21
6 7 3 28 6 23 10 12 11 39 16 17 18 29 19 50 4 10 16 15 33 16 39 21 27 12 2 39 3 35 6 14 7 27 9 41 12 10 13 20 14 38 15 49 19 26 23 13 24 26 12 3 45 4 49 6 17 9 26 11 36 12 32 13 25 15 27 17 34 19 15 21 49 22 21 7 1 42 2 47 3 50 5 32 19 32 22 29 25 43 4 6 24 13 14 15 19 16 46
5 6 2 14 3 40 6 26 9 33 10 50 15 37 15 1 22 2 14 3 38 5 45 7 34 10 26 11 45 12 48 13 38 14 16 16 26 20 25 23 48 24 37 25 36 15 1 22 2 12 4 22 11 28 13 49 14 10 15 21 16 32 17 40 19 31 21 15 22 13 23 45 24 15 25 47 15 1 47 2 33 3 16 4 46 6 41 7 30 10 23 11 48 12 44 13 46 17 32 19 28 20 38 21 36 24 48 13 1 25 3 31 4 41 8 47 9 13 10 36 11 21 12 20 13 27 14 45 17 14 19 25 25 46
4 13 2 17 5 29 6 12 9 20 12 12 14 11 16 41 17 22 19 17 21 50 22 11 24 34 25 33 5 8 46 13 17 14 39 15 14 16 11 7 2 42 3 35 5 26 8 41 9 50 13 48 22 21 6 3 26 4 38 13 50 16 43 23 42 25 18
3 7 4 35 5 28 9 22 11 49 14 37 18 49 25 27 8 3 16 4 28 8 42 12 49 13 38 20 14 21 46 24 31 8 1 41 4 17 6 45 7 48 8 22 9 19 13 39 25 35
7 9 1 29 5 12 8 16 10 27 12 22 14 35 15 37 17 26 25 26 14 1 39 3 14 6 42 9 46 10 24 12 25 13 17 14 48 19 26 20 38 21 18 23 25 24 31 25 20 14 2 31 3 14 4 34 8 42 9 34 10 19 13 17 16 19 17 29 21 24 22 46 23 13 24 50 25 43 4 12 22 15 19 20 27 22 45 13 3 48 4 28 6 32 7 41 9 18 10 47 11 49 17 42 20 38 21 20 22 35 23 11 25 41 4 1 48 16 38 17 31 24 18 15 1 44 3 27 4 48 5 30 7 43 8 22 9 26 11 25 12 30 15 45 16 28 17 48 18 41 20 21 24 40
4 10 2 34 3 14 5 35 7 40 8 34 10 26 12 31 19 36 22 44 25 40 15 1 32 4 44 5 19 10 49 12 12 13 49 15 39 17 13 18 29 19 50 20 37 21 43 22 23 24 21 25 19 10 3 25 7 50 10 29 11 12 12 17 16 13 19 46 21 46 22 45 23 35 14 1 27 7 22 8 27 9 42 12 38 13 32 14 12 15 11 16 21 19 46 20 42 21 13 22 48 24 36
4 8 2 30 3 15 6 37 10 22 11 32 13 41 17 41 19 19 3 15 49 17 16 19 42 11 3 15 5 17 7 48 8 46 10 31 12 43 13 43 14 20 23 27 24 18 25 38 13 1 40 2 15 3 28 4 20 6 20 8 40 14 35 16 48 18 12 19 25 22 37 24 20 25 35
3 15 3 34 5 19 8 41 9 39 10 38 11 23 12 11 15 18 17 22 18 37 19 12 21 25 22 16 23 37 25 33 3 15 33 17 32 25 14 10 2 15 3 42 5 45 8 45 11 39 15 26 16 48 19 26 20 26 21 21
4 6 2 40 3 25 4 16 9 49 17 16 25 47 14 1 45 6 38 7 36 8 23 9 28 10 43 12 35 13 31 14 26 15 39 16 18 17 18 20 23 24 13 6 1 45 8 41 11 12 17 32 18 37 20 41 9 1 25 2 15 6 18 7 20 8 38 9 45 15 13 17 42 23 15
7 3 15 13 17 22 18 29 7 2 42 7 24 10 28 15 32 16 22 17 35 21 30 6 11 42 13 22 18 44 19 46 23 10 25 32 3 6 42 11 36 13 36 15 1 11 4 50 5 37 7 24 8 49 9 18 12 27 13 48 14 27 15 45 16 27 17 13 18 24 20 16 24 24 13 6 15 7 38 8 50 9 41 13 33 15 37 16 31 17 35 18 31 19 44 20 43 22 26 24 36 12 3 13 4 32 8 20 9 26 11 30 12 38 13 48 14 31 18 15 19 38 21 12 23 34
8 13 3 21 4 50 5 35 6 37 10 26 12 21 13 37 16 31 18 14 19 47 21 39 23 37 24 18 4 5 36 13 25 23 30 24 10 8 1 36 4 36 11 50 16 23 17 29 19 21 20 45 25 24 6 5 32 7 37 8 20 17 41 22 23 23 40 4 3 19 17 10 19 35 22 10 7 1 23 6 13 10 14 12 15 14 23 17 28 20 44 5 3 18 11 44 12 38 14 45 24 22 7 3 16 11 29 16 35 17 24 19 48 21 40 24 11
4 12 1 15 2 39 6 40 7 19 11 41 12 25 13 23 15 43 19 23 20 20 22 47 25 40 13 4 45 6 48 7 27 8 19 12 38 14 42 17 25 18 45 19 15 20 36 21 29 22 32 23 24 10 2 29 3 21 4 33 8 44 9 41 13 15 14 16 16 36 18 41 23 16 7 4 13 5 47 6 30 10 49 12 38 15 30 23 36
8 11 1 49 4 27 5 27 6 24 10 29 11 42 13 30 14 26 15 19 22 11 23 46 11 1 46 7 22 9 46 14 21 16 29 17 20 18 42 19 14 21 15 22 18 25 22 13 5 41 6 22 7 17 8 24 9 30 12 10 14 24 15 32 17 40 18 26 19 25 21 25 23 47 14 1 28 5 16 7 48 8 42 11 42 13 42 15 43 16 35 17 35 19 25 20 16 21 43 23 23 24 35 10 2 39 7 12 8 18 9 41 10 34 13 45 14 10 21 50 22 36 25 40 3 2 22 9 44 18 23 7 1 30 7 32 8 34 14 27 20 14 23 34 25 38 5 1 17 2 19 14 20 19 16 20 45
7 12 1 25 3 42 5 45 7 13 13 45 14 36 17 20 18 48 20 34 22 50 23 36 24 20 12 4 32 5 24 6 44 7 22 13 40 14 23 15 30 16 40 19 48 20 49 22 42 23 41 13 2 26 4 39 5 46 8 30 10 48 11 46 12 22 13 45 18 36 20 47 22 23 24 45 25 23 13 2 17 3 27 5 31 8 42 9 32 12 34 13 17 15 46 17 41 18 42 21 11 22 28 25 45 14 1 39 2 18 3 46 4 27 5 45 9 44 17 23 18 14 19 43 20 14 21 10 22 12 23 41 25 11 15 1 35 2 14 5 47 7 43 8 28 10 25 11 21 12 21 15 11 16 22 17 20 21 33 22 29 23 28 24 12 11 4 30 6 14 8 25 11 36 14 35 16 33 17 16 21 25 23 11 24 37 25 40
3 12 2 43 3 28 7 38 8 34 9 17 10 20 11 29 13 12 18 34 19 19 22 48 25 23 10 2 47 9 25 10 20 11 13 16 42 17 18 18 44 19 29 22 16 25 43 13 4 43 7 36 9 26 11 50 13 22 14 36 16 45 17 17 18 19 19 43 23 14 24 15 25 40
5 6 1 31 3 36 6 21 11 41 22 45 24 23 4 5 50 8 48 9 20 20 34 7 2 25 11 10 13 14 14 43 16 31 20 11 21 38 13 1 37 4 46 7 16 9 38 11 14 12 30 13 48 15 15 16 18 17 13 20 28 22 34 25 29 7 3 48 5 41 7 29 9 36 10 35 13 49 16 46
4 15 1 45 2 36 3 22 5 16 8 14 10 25 11 27 12 22 14 24 15 50 17 45 20 15 23 22 24 19 25 10 13 1 11 4 23 5 36 11 44 13 29 14 10 16 35 19 47 20 38 21 20 22 20 23 32 24 39 5 3 12 4 38 5 21 8 34 21 29 5 3 12 6 48 11 36 13 26 16 39
5 10 3 43 7 10 8 30 9 41 10 14 11 42 12 15 13 45 14 41 20 43 4 2 40 15 35 16 22 20 21 12 3 24 4 30 5 29 7 28 10 25 12 21 13 28 15 10 21 43 23 35 24 25 25 18 11 4 10 5 42 6 36 7 33 13 12 14 20 16 14 17 24 18 37 20 13 22 42 3 2 24 13 50 18 15
7 14 4 45 5 25 7 29 9 42 10 28 12 20 14 36 16 21 17 33 19 11 21 28 23 14 24 17 25 45 8 1 20 4 43 12 43 13 25 14 26 16 37 18 46 25 13 12 1 30 3 21 6 36 7 14 9 30 11 46 12 45 13 21 17 34 20 42 22 16 24 13 8 2 12 5 22 11 50 13 34 14 13 18 20 21 36 24 30 4 8 23 11 40 13 22 24 18 6 1 26 2 41 6 36 10 35 20 49 21 26 8 1 12 6 46 8 12 14 46 15 50 17 30 18 20 20 23
4 6 4 50 7 36 9 15 11 33 13 21 22 21 14 2 42 4 13 5 27 7 20 11 50 12 17 13 10 15 11 16 50 17 10 19 37 21 18 23 17 25 45 5 7 23 12 35 14 25 17 44 25 38 11 2 36 3 34 7 34 9 27 10 33 11 39 17 13 19 19 21 36 22 48 23 17
8 7 1 16 2 19 9 41 12 24 17 23 22 28 24 33 3 12 34 23 22 25 33 6 10 21 14 23 16 35 17 19 21 19 25 43 11 2 40 4 48 5 34 8 36 11 48 13 49 14 28 15 25 20 30 21 35 22 48 15 4 39 5 45 7 40 8 24 10 39 11 14 12 33 15 21 16 41 19 22 20 24 21 13 22 13 23 37 24 18 10 3 41 5 14 8 20 9 37 11 41 13 24 15 36 21 31 23 13 25 40 14 1 20 4 37 7 19 8 12 9 21 11 16 16 20 17 24 18 11 20 47 21 10 22 43 23 37 25 17 5 1 13 7 34 11 31 17 35 18 25
6 6 7 22 12 12 13 18 17 26 23 14 24 44 9 1 34 5 41 7 30 8 13 10 49 11 48 14 16 16 46 19 38 8 1 34 10 50 11 37 16 24 20 47 21 12 22 32 25 37 8 2 27 5 22 6 27 7 18 11 11 12 39 13 32 19 38 10 1 47 3 30 4 34 8 38 13 41 14 22 19 15 21 44 22 45 25 27 5 5 48 9 22 16 13 18 34 25 46
5 13 1 44 3 21 5 47 6 27 7 23 9 44 10 12 11 10 12 21 16 29 17 16 20 20 21 35 14 2 34 3 27 4 29 6 41 7 23 10 47 11 45 12 26 14 40 16 11 18 49 20 40 23 28 25 43 15 3 22 4 34 6 35 7 21 8 32 10 29 12 42 14 10 15 17 16 50 17 13 18 24 21 15 22 39 23 26 13 1 42 3 14 8 43 10 11 13 34 15 31 16 47 17 39 19 24 20 23 23 50 24 43 25 15 7 7 23 8 32 11 15 15 15 20 31 22 33 25 19
4 7 3 44 6 50 11 30 12 23 15 11 16 46 20 19 5 12 18 13 50 14 25 17 42 21 17 15 1 23 4 40 6 45 7 30 9 17 10 20 11 19 12 21 15 46 16 33 18 50 20 49 21 23 23 31 25 37 7 1 15 2 12 4 27 10 45 12 42 14 34 25 42
5 12 3 35 6 24 9 10 10 44 11 17 13 18 14 15 15 47 16 37 17 38 18 50 21 25 13 1 16 4 28 5 11 6 43 7 33 8 11 13 41 15 12 16 42 20 31 21 15 23 39 24 35 10 1 47 3 45 5 42 11 31 13 25 15 24 16 50 22 47 23 37 24 15 12 2 48 3 36 5 17 7 18 8 10 16 41 17 46 18 33 20 46 22 41 23 11 25 49 6 3 44 4 28 6 24 9 48 18 40 24 49
130 54 101 69 127 87 72 77 42 100 55 53 51 46 84 110 91 94 42 97 109 158 41 55 51 76 71 77 47 134 70 79 50 77 97 152 64 119 95 46 74 75 98 124 67 111 107 60 60 78
1 2 1 3 1 3 3 3 3 1 1 2 3 1 1 1 3 1 3 3 2 1 2 3 3
# Instance ID: 63
# Total operations: 261
# Actual flexibility: 0.363
# Generated: 2026-02-14 14:26:22
# Format: Extended Brandimarte for MOFJSP (Comparison Dataset)