30 20
8 10 1 23 2 34 3 34 5 24 7 20 8 32 11 34 12 39 16 23 19 21 5 7 46 9 23 10 48 15 14 17 37 9 1 35 2 11 4 38 5 23 7 19 9 36 14 29 19 29 20 38 11 2 37 5 13 6 49 7 11 8 48 10 22 11 41 12 16 16 36 17 28 19 33 11 1 46 4 29 5 26 7 41 10 23 11 24 12 44 14 38 16 45 17 13 20 30 5 1 37 11 32 13 15 17 45 19 22 10 3 25 9 38 10 27 12 25 13 26 14 32 15 12 18 48 19 35 20 42 8 2 13 3 19 6 25 7 12 12 42 13 46 17 47 20 34
6 7 6 24 8 32 9 26 10 43 13 35 14 48 20 31 5 4 12 6 25 12 42 13 38 20 14 3 2 23 17 31 18 29 9 1 23 5 40 10 35 13 26 14 38 15 27 16 39 19 37 20 47 4 3 21 6 17 14 31 20 12 6 11 42 12 14 13 50 14 46 17 50 19 12
6 3 4 43 10 48 11 24 6 1 16 5 24 7 42 12 30 13 30 14 10 3 6 40 11 22 19 43 3 1 21 3 28 4 32 10 2 28 3 48 4 46 7 47 10 17 11 22 12 35 16 50 17 33 18 12 8 2 42 4 37 8 41 9 14 11 40 14 10 17 44 19 10
7 7 1 16 5 48 6 37 7 15 8 19 12 47 20 24 6 3 18 5 12 7 46 9 26 12 12 19 13 6 3 45 9 32 12 34 16 19 18 38 20 26 11 1 24 3 13 4 34 7 47 12 33 13 14 14 37 15 30 16 41 19 15 20 20 4 2 14 4 44 14 15 18 17 5 2 30 6 32 7 47 8 42 20 41 12 2 45 5 42 6 48 7 16 8 11 10 47 11 34 13 50 14 16 17 46 19 35 20 45
4 3 1 32 10 20 12 15 4 2 10 5 43 7 17 14 35 7 1 36 4 12 9 44 12 14 13 49 17 41 18 16 7 2 26 6 27 8 46 9 32 10 11 14 35 18 10
6 12 2 24 5 49 6 50 7 44 8 32 9 46 11 12 12 41 14 26 16 19 17 48 20 27 4 1 49 5 32 10 39 20 38 9 6 15 7 48 10 32 11 22 13 12 15 16 16 35 17 28 18 41 5 4 34 10 43 13 30 16 47 17 10 5 3 17 5 34 13 34 15 18 20 44 9 1 48 5 50 7 36 9 40 10 12 13 17 14 35 16 33 18 34
6 5 2 14 6 33 10 41 16 18 20 23 4 5 21 9 22 11 31 20 19 8 1 49 2 29 9 48 11 34 12 14 13 38 14 21 17 16 8 1 31 2 22 4 15 5 22 11 17 12 42 15 27 16 33 9 1 17 3 10 4 48 5 15 8 19 10 47 11 27 12 26 14 24 4 1 44 3 41 9 42 20 24
4 7 1 19 5 16 7 17 10 37 13 43 15 19 16 24 4 3 42 7 16 16 10 17 12 12 4 33 5 42 6 40 7 38 8 28 9 32 10 18 13 36 14 23 15 29 17 42 18 43 11 3 22 5 30 6 17 7 14 11 39 12 43 13 45 15 21 16 45 17 11 20 31
4 3 8 33 9 24 11 45 11 1 34 5 12 6 44 7 18 8 44 11 44 13 41 14 29 16 30 17 42 20 38 4 2 23 5 14 11 23 16 34 11 1 40 2 28 3 15 4 26 5 26 7 24 11 10 12 50 17 17 19 10 20 34
6 4 5 47 9 48 10 34 12 29 8 2 49 7 40 9 16 10 17 13 33 15 24 17 24 19 25 7 1 11 2 12 6 23 14 50 15 29 19 24 20 28 7 2 43 11 43 12 42 14 15 16 40 18 42 20 35 3 4 46 5 47 12 19 10 3 28 4 47 7 12 8 23 9 23 14 17 15 20 17 20 19 21 20 24
4 12 1 43 2 23 4 35 5 45 8 39 9 29 11 39 14 40 15 41 17 26 18 10 20 39 3 8 36 13 32 19 35 3 1 18 13 20 15 45 5 4 47 5 23 6 42 18 36 20 44
6 5 5 37 9 26 15 23 16 48 18 23 6 1 12 6 35 10 35 11 35 12 12 14 27 11 4 27 5 47 6 45 7 15 8 17 9 43 11 29 12 37 15 32 17 16 18 19 7 1 15 4 40 6 11 8 29 9 45 13 24 16 34 7 3 33 4 45 6 50 10 33 11 46 14 26 17 20 4 7 16 8 23 16 36 20 22
6 9 6 41 7 40 8 41 9 33 11 46 15 23 16 33 18 45 19 37 4 3 26 7 48 10 14 16 47 8 1 18 6 22 7 22 8 48 10 48 13 10 18 41 20 35 4 1 14 2 15 4 24 12 49 4 1 29 10 28 11 21 17 22 9 1 10 2 43 3 35 6 16 9 34 10 26 15 39 16 48 20 11
7 7 3 11 4 34 9 39 11 49 16 46 19 34 20 39 6 2 12 6 21 13 22 15 39 17 21 20 37 7 2 38 6 20 8 27 10 33 12 49 13 40 15 16 8 1 17 2 31 6 29 7 49 8 16 12 39 15 41 16 23 5 1 36 11 42 14 45 17 44 20 45 9 2 40 3 47 4 28 6 23 7 22 9 36 11 27 16 27 17 41 3 6 19 7 41 13 35
3 10 7 34 8 49 9 26 11 47 12 50 13 26 14 38 16 15 17 32 19 32 6 2 50 9 18 11 26 12 11 15 33 20 25 10 1 31 4 11 5 25 6 38 9 32 10 27 11 45 13 12 16 40 19 43
6 3 8 23 12 22 18 44 8 4 34 6 29 7 43 10 12 13 27 16 11 18 40 19 24 10 1 26 2 11 3 30 4 16 7 12 9 19 12 36 16 33 17 43 20 24 11 5 27 7 35 8 37 13 12 14 25 15 23 16 18 17 41 18 22 19 46 20 49 10 2 13 4 15 5 11 9 21 10 50 11 41 12 37 13 12 16 40 17 44 4 4 29 11 43 13 26 20 47
5 10 1 26 2 26 4 23 7 30 14 38 16 33 17 27 18 40 19 43 20 47 6 1 21 6 39 11 11 12 35 14 43 19 40 8 2 44 3 17 11 20 12 48 14 21 16 25 19 35 20 16 6 4 26 5 33 7 48 8 47 16 43 19 29 4 7 42 8 38 14 10 16 31
8 11 1 27 2 12 3 41 6 12 7 39 11 43 13 23 14 44 16 29 17 38 20 43 7 1 32 7 39 8 23 9 37 14 31 16 28 17 10 7 1 22 2 17 5 38 6 45 9 42 10 25 16 34 7 3 42 8 27 10 26 11 27 12 12 14 45 16 45 12 1 10 3 31 6 19 7 37 8 49 11 49 14 13 16 17 17 33 18 20 19 23 20 12 5 7 11 8 48 13 20 19 25 20 32 9 1 17 8 32 9 27 10 13 11 21 12 39 14 23 17 20 18 11 4 3 45 5 30 7 10 12 11
3 7 2 34 3 43 5 18 7 13 12 29 13 43 20 17 3 2 32 8 29 19 43 7 7 41 12 48 13 38 14 23 15 47 17 43 20 19
3 7 4 15 6 44 8 20 11 41 14 19 17 22 20 42 5 4 42 5 31 9 21 12 33 14 33 10 1 13 3 42 4 17 6 46 10 37 11 49 14 31 15 29 17 26 19 42
3 10 1 30 2 11 4 42 5 46 9 18 10 26 11 28 13 36 15 28 16 12 6 1 32 6 48 11 23 12 33 14 31 15 42 11 2 38 3 50 5 41 6 41 8 27 13 33 14 46 15 21 16 33 17 28 18 17
7 5 5 47 7 25 10 40 15 48 17 40 12 1 46 2 36 5 39 6 26 9 16 10 37 11 37 14 18 15 22 16 46 18 31 20 36 10 1 38 3 26 4 49 5 11 6 34 7 29 8 17 11 19 12 19 16 41 5 3 28 7 33 12 17 13 50 16 22 7 2 31 4 45 5 25 6 28 11 32 16 32 18 49 8 4 23 6 33 9 40 11 36 12 36 14 42 17 13 19 45 12 1 15 3 40 4 15 5 33 7 31 9 40 10 45 12 30 13 20 16 15 19 50 20 47
6 10 1 25 8 14 10 36 11 12 13 43 15 46 16 43 17 42 19 44 20 32 3 2 33 3 45 12 22 12 1 49 3 22 4 25 5 23 7 46 10 37 12 25 14 41 15 47 16 12 19 21 20 10 6 6 14 11 45 15 44 17 49 18 23 20 43 7 4 37 8 35 10 25 13 27 14 18 15 10 17 44 6 3 35 6 37 10 28 17 40 18 27 20 19
7 9 1 20 4 41 9 48 10 37 11 36 15 25 16 38 17 48 19 30 11 3 43 5 38 7 15 10 29 14 26 15 34 16 49 17 23 18 46 19 49 20 31 6 3 19 5 22 11 49 13 27 14 10 19 19 9 1 36 7 43 9 14 10 17 13 44 15 21 17 18 18 46 19 19 6 3 13 5 24 9 39 13 23 16 24 20 41 11 2 41 3 42 5 25 6 13 7 26 8 31 9 30 13 47 15 34 16 30 20 38 9 1 18 2 35 6 50 12 40 13 37 14 26 15 50 16 26 17 48
6 7 1 36 6 16 7 26 8 37 14 32 15 22 17 26 7 2 42 5 37 6 38 10 26 11 39 18 16 19 33 5 2 46 3 43 8 32 11 11 17 31 9 4 13 6 44 8 15 9 50 11 26 12 22 14 21 15 21 18 46 11 1 18 5 23 6 23 7 45 8 16 10 10 11 35 14 12 16 42 18 49 19 14 10 2 39 5 28 6 47 9 36 10 33 12 49 16 48 17 11 19 31 20 18
7 10 1 42 2 22 4 12 5 29 6 10 12 50 13 40 14 40 16 33 19 17 6 1 18 2 16 3 35 5 45 14 47 15 39 7 4 19 7 12 8 28 10 25 11 15 15 49 17 18 10 1 21 3 24 6 22 7 35 8 15 10 36 14 32 15 31 16 42 17 11 9 3 18 5 13 6 25 7 35 8 50 9 40 11 13 15 19 17 39 8 1 37 4 47 8 10 9 30 12 39 14 14 18 14 19 21 4 3 48 13 22 15 21 17 25
7 8 1 27 6 43 7 28 8 47 11 30 14 15 18 36 19 31 10 2 12 4 19 5 27 7 21 9 35 10 26 12 36 14 43 15 31 20 50 8 1 14 2 30 4 29 5 44 13 42 16 12 17 30 19 16 3 7 28 8 35 20 33 6 1 40 6 33 7 29 8 22 14 39 20 13 3 10 17 18 35 19 26 6 2 39 4 10 5 27 13 38 15 13 20 17
8 5 6 50 7 46 8 40 11 15 18 38 11 1 48 4 16 6 41 7 25 8 46 10 25 12 11 13 14 15 13 17 32 20 33 12 2 28 3 41 4 11 7 43 8 48 10 26 11 29 12 12 13 34 16 32 17 50 18 28 8 1 34 5 33 7 10 8 46 11 26 12 35 15 21 19 10 10 2 36 3 11 5 18 6 50 8 34 10 14 11 17 14 45 18 37 19 42 3 1 37 4 10 8 47 4 1 39 3 13 9 13 19 22 5 1 32 6 43 13 39 16 39 17 41
5 10 2 16 3 46 5 31 7 37 9 48 12 35 15 29 18 37 19 11 20 41 10 1 32 3 17 4 23 7 33 10 35 11 25 12 46 13 39 14 28 17 43 12 2 50 5 40 6 22 7 33 8 44 9 17 12 45 13 18 16 17 17 41 18 41 20 26 11 6 45 8 29 10 23 11 44 13 25 14 33 15 34 16 48 17 47 19 47 20 40 4 2 15 5 49 6 22 12 13
7 9 2 15 4 46 5 36 8 47 9 46 10 22 13 23 14 33 16 25 3 3 45 7 40 8 45 6 2 40 5 33 9 24 11 25 13 31 17 31 5 2 45 5 41 6 26 9 40 14 42 4 4 35 6 47 18 47 19 22 7 3 18 4 47 6 24 8 15 12 38 13 39 15 42 9 1 13 6 30 8 30 9 40 11 41 13 40 14 46 15 15 20 39
152 72 97 94 52 94 80 51 59 108 55 104 86 116 59 82 84 135 58 42 40 115 87 125 91 108 121 119 62 87
1 1 1 1 1 1 2 2 3 1 1 2 3 1 3 1 2 2 3 1
# Instance ID: 42
# Total operations: 171
# Actual flexibility: 0.360
# Generated: 2026-02-14 14:26:22
# Format: Extended Brandimarte for MOFJSP (Comparison Dataset)