30 20
8 12 2 37 7 27 8 10 10 25 11 19 13 24 14 46 15 14 16 46 17 24 18 21 20 31 5 4 21 5 34 13 48 15 25 18 39 12 3 43 5 27 6 25 7 50 9 37 10 44 11 37 13 42 16 17 17 17 18 14 19 29 6 1 43 2 11 8 30 9 45 10 41 14 40 4 2 50 11 34 12 20 20 40 11 1 25 2 39 3 20 4 17 5 36 6 21 7 35 12 35 15 11 16 23 17 19 6 1 49 3 30 10 32 11 49 17 47 19 46 10 6 14 7 46 8 19 10 26 12 38 14 27 15 15 16 14 19 14 20 40
4 6 1 32 3 35 7 39 13 37 14 16 15 16 5 6 23 7 11 10 10 12 44 18 12 8 2 26 3 50 5 45 8 18 10 42 11 39 13 24 17 20 4 2 22 16 15 17 20 18 50
6 10 1 10 3 14 8 49 10 38 12 11 14 45 15 28 18 18 19 44 20 40 7 3 50 4 35 6 30 13 14 14 20 16 49 19 30 8 1 42 2 17 3 49 11 29 12 44 15 26 17 18 18 18 9 1 18 2 25 3 30 6 12 7 19 8 43 16 24 17 10 19 22 7 4 46 5 17 7 37 9 46 11 19 13 45 15 11 12 4 40 7 29 8 10 9 25 10 23 12 10 13 26 14 33 15 27 18 26 19 14 20 11
7 9 1 28 4 28 9 31 11 45 13 11 14 16 15 31 16 16 17 41 9 1 17 2 32 3 10 5 30 6 11 10 49 14 36 19 49 20 46 9 3 25 4 20 6 18 7 45 11 13 12 30 14 42 16 45 20 22 10 1 41 5 35 8 21 9 31 10 22 12 48 13 33 15 12 17 16 20 15 4 6 42 11 37 18 21 20 39 10 1 44 2 47 4 11 5 25 6 11 8 26 13 32 18 44 19 42 20 10 12 3 33 4 31 5 28 10 33 12 48 13 21 14 12 16 30 17 32 18 46 19 36 20 38
7 8 3 45 4 24 7 11 8 29 10 31 13 39 15 36 16 19 10 1 46 3 39 4 12 6 16 9 32 10 20 11 21 13 17 14 23 20 22 9 1 14 2 18 5 42 7 50 8 46 11 43 13 47 16 49 17 24 3 9 16 13 17 16 25 12 1 43 4 41 5 44 6 43 7 32 10 19 11 42 12 33 15 45 16 49 19 42 20 35 11 1 10 4 40 7 25 8 41 9 47 10 28 12 49 14 47 15 49 18 29 20 27 8 1 35 4 47 8 20 9 37 10 18 14 34 15 50 19 31
7 7 4 11 7 26 8 25 10 31 12 47 15 42 17 23 12 2 31 4 36 6 45 8 14 9 34 11 40 12 43 14 29 15 23 16 29 17 12 20 41 6 2 16 4 50 7 22 15 30 17 11 19 50 3 16 23 17 34 18 47 5 5 28 7 10 11 25 17 22 19 36 12 2 22 3 20 4 39 5 25 6 30 7 31 11 17 12 28 14 49 16 38 19 19 20 26 12 2 12 5 47 6 25 7 32 8 30 14 33 15 32 16 38 17 12 18 19 19 12 20 12
7 9 3 46 4 27 5 40 6 35 7 17 9 20 14 16 16 45 19 46 6 1 36 3 30 5 11 14 38 16 35 20 16 5 1 33 5 34 6 28 8 28 18 36 11 1 13 6 18 8 36 9 23 10 31 12 37 13 10 14 41 15 41 16 41 20 44 12 1 36 4 12 5 11 7 43 8 21 10 25 12 35 14 46 16 34 17 19 19 37 20 46 3 5 13 6 46 20 38 8 1 37 4 39 10 11 11 14 13 31 15 16 18 21 19 12
8 3 7 26 19 29 20 49 3 14 20 15 17 16 34 5 3 47 7 50 8 14 17 48 18 20 12 1 12 2 13 3 45 4 18 5 19 7 42 8 24 11 39 13 38 16 27 17 21 18 39 3 10 30 11 41 18 44 11 2 11 3 15 4 20 5 36 6 46 7 45 9 13 11 28 13 26 15 36 18 36 8 1 46 5 36 7 11 8 37 9 26 11 38 17 19 19 50 7 6 39 7 26 8 40 9 41 11 45 12 44 15 26
7 3 1 36 9 30 15 40 10 2 39 3 19 5 44 9 29 10 19 13 35 14 43 15 13 18 48 20 18 11 1 41 2 14 3 43 4 37 5 12 6 31 8 34 9 35 13 44 17 42 19 10 6 3 46 10 33 13 50 14 14 16 19 19 39 12 3 15 4 35 5 11 6 15 7 46 9 48 11 15 12 49 16 45 17 26 18 45 20 11 11 1 41 4 16 7 33 9 20 11 12 12 40 13 39 15 16 16 13 19 40 20 28 3 8 37 10 45 19 47
5 8 2 13 5 30 7 14 10 15 11 12 13 46 15 10 20 13 10 1 19 2 32 3 28 4 46 6 40 12 20 13 50 16 24 17 49 18 21 3 1 49 3 40 6 33 12 4 29 6 26 7 20 8 32 9 19 10 34 11 49 13 26 15 20 16 13 19 28 20 15 9 1 33 4 15 5 22 7 25 10 39 11 49 12 24 13 38 15 37
6 9 1 31 4 41 6 15 9 39 13 29 15 48 16 12 18 33 19 43 7 3 47 5 49 13 12 15 42 17 13 18 23 20 31 11 1 49 2 46 5 45 6 37 8 23 10 21 12 26 13 33 14 25 18 30 19 19 10 1 14 3 44 4 26 6 36 9 37 12 42 15 49 18 45 19 30 20 48 6 2 42 3 23 6 13 8 39 12 22 14 27 11 1 10 2 31 3 31 5 28 6 44 8 20 10 46 14 43 16 40 17 45 18 16
7 12 3 10 5 28 7 21 8 47 9 25 10 39 12 16 14 40 16 45 17 26 18 40 20 21 4 3 21 9 41 14 31 15 44 3 5 49 9 21 12 37 10 5 42 6 26 8 38 13 28 14 14 15 25 17 27 18 10 19 17 20 49 5 1 48 7 37 11 21 14 39 19 31 4 7 25 9 43 13 48 19 11 4 5 28 9 40 10 48 17 25
6 9 3 18 4 18 7 25 9 13 12 39 13 11 14 36 15 31 20 49 7 1 18 4 18 7 38 8 50 11 29 17 25 19 25 3 6 41 7 14 15 44 9 2 18 4 50 6 14 7 23 10 44 12 10 13 41 15 44 19 21 11 2 42 5 31 6 42 10 35 12 34 13 24 14 32 16 37 18 30 19 28 20 15 11 1 44 2 34 3 37 6 47 9 12 11 30 14 49 16 27 17 34 18 47 19 48
5 11 1 31 5 19 6 12 8 25 9 15 10 24 12 20 14 49 17 44 18 45 19 39 4 1 23 6 37 7 34 20 43 9 3 31 5 21 7 40 9 19 10 43 12 39 13 34 15 11 16 25 5 1 27 8 38 15 15 16 10 17 36 5 8 50 9 33 12 40 18 25 19 31
5 9 1 13 5 26 6 31 7 23 11 31 12 43 13 32 15 47 16 40 6 2 45 3 32 5 38 8 11 15 29 19 20 7 2 43 5 48 7 24 11 47 17 38 18 39 19 12 7 3 47 4 36 6 50 13 28 14 35 16 39 20 24 11 1 41 5 24 7 23 9 21 10 21 11 49 13 14 15 20 18 28 19 44 20 48
6 8 1 20 7 25 11 49 12 26 15 30 16 47 18 47 19 27 5 2 11 9 50 14 45 16 48 20 30 6 2 25 3 46 5 42 8 11 14 17 20 25 11 1 30 3 45 4 14 5 12 6 44 7 11 8 17 9 33 10 23 13 23 16 39 7 1 38 3 41 7 20 11 42 13 39 15 14 19 30 9 6 31 8 49 10 46 12 33 14 33 15 11 16 31 17 30 20 25
3 9 3 14 4 45 5 24 6 49 9 32 15 20 17 30 19 18 20 33 5 2 14 6 35 15 30 17 16 18 14 12 1 12 3 18 4 40 5 50 6 34 10 49 12 26 15 39 16 22 17 11 19 42 20 45
4 5 2 21 7 15 8 20 10 28 12 28 3 6 37 7 24 19 28 3 3 21 9 15 19 45 3 6 40 12 46 20 30
3 12 1 30 2 29 3 36 4 10 5 15 10 45 11 48 12 15 16 17 17 23 19 29 20 24 7 3 49 4 37 7 21 10 39 12 37 16 44 17 36 4 6 18 8 17 10 17 16 19
3 3 3 42 6 15 7 24 3 3 45 10 12 19 20 12 2 22 3 17 5 46 6 16 7 46 10 47 11 12 14 42 16 19 17 14 18 23 20 22
8 8 3 37 4 50 7 35 13 41 15 13 17 29 18 14 20 40 4 1 49 3 17 7 42 18 40 7 1 20 2 11 4 25 8 27 11 26 12 47 17 33 9 1 41 3 39 6 32 7 19 9 32 13 39 16 19 19 24 20 14 9 1 14 4 15 7 13 8 30 9 38 11 11 13 22 15 46 20 49 9 1 48 2 27 6 35 7 48 10 35 13 35 14 48 15 25 16 18 6 1 30 2 43 7 10 15 11 16 47 18 41 4 2 22 9 25 14 21 18 23
3 7 1 44 5 43 7 45 11 22 13 49 15 20 16 25 10 1 33 3 45 5 31 6 27 9 32 11 30 14 17 15 23 16 49 17 17 12 1 23 4 45 6 41 7 22 8 35 9 46 10 50 13 22 14 19 15 25 17 44 18 11
7 3 8 26 9 38 14 33 11 2 24 5 41 7 15 8 18 9 12 10 35 12 24 14 16 15 39 18 31 19 32 5 2 17 13 26 15 32 16 42 19 29 3 4 27 17 26 19 15 8 4 34 6 14 10 14 12 36 15 44 17 34 18 17 20 16 7 1 48 2 20 3 35 7 11 9 31 13 31 20 31 7 4 34 6 42 9 26 12 24 13 41 18 38 20 15
8 7 1 46 5 32 6 36 7 37 9 11 10 10 11 24 3 3 18 14 19 20 41 5 8 18 9 16 13 38 16 23 17 34 11 1 22 2 26 8 11 10 48 11 46 12 15 14 36 15 33 16 12 18 44 20 17 4 1 25 7 27 9 43 14 50 7 1 36 7 21 9 41 15 46 16 31 17 46 18 31 4 6 28 9 49 10 34 12 37 12 3 31 5 20 6 42 7 10 8 10 10 17 11 36 12 14 14 38 15 23 16 27 17 29
8 10 2 45 4 24 6 20 7 37 8 27 10 42 11 48 17 41 18 15 19 12 3 1 39 3 45 15 16 5 10 14 11 25 13 12 15 27 20 46 7 3 50 6 25 10 30 11 32 12 19 18 44 19 22 6 6 35 12 41 14 46 16 45 18 17 20 23 3 5 34 11 27 14 50 10 2 39 3 12 4 43 5 48 9 27 11 14 12 10 14 41 15 46 16 17 4 3 35 4 26 10 26 14 34
5 4 4 13 8 46 17 39 19 33 7 3 25 6 41 7 40 10 28 11 45 12 41 16 39 3 2 45 16 17 18 50 5 4 20 6 15 8 45 11 11 20 45 5 2 35 6 36 13 11 14 19 16 44
3 9 2 35 5 43 7 18 8 16 12 10 17 10 18 22 19 40 20 10 12 1 37 2 47 7 24 8 20 9 12 11 41 12 12 13 46 15 42 16 25 19 27 20 42 7 5 36 8 21 9 49 10 36 14 32 16 13 20 40
5 7 3 40 7 35 9 33 11 27 13 15 15 48 19 42 5 4 40 9 46 15 32 16 10 17 12 6 2 37 3 21 5 35 10 49 11 24 18 13 6 5 33 6 38 9 24 12 25 13 10 15 49 3 2 34 9 24 15 31
6 4 5 19 11 27 14 39 17 35 10 4 11 5 13 7 32 8 23 10 35 11 36 12 48 13 23 17 22 20 18 10 3 20 5 43 6 24 7 39 8 18 9 24 12 41 14 21 17 21 18 31 12 1 47 2 29 4 19 7 23 8 26 9 12 11 23 12 38 13 10 15 27 16 22 17 22 6 4 27 7 33 9 35 17 50 18 15 20 18 8 1 47 2 43 4 50 8 33 9 17 15 40 16 36 18 46
4 9 1 29 5 19 6 16 10 33 12 41 13 44 14 24 16 39 18 49 5 1 19 7 50 10 38 11 22 14 48 9 3 23 7 50 9 46 12 12 13 24 16 48 17 39 18 49 20 48 10 1 42 2 33 3 47 4 36 7 32 10 33 12 15 17 11 19 18 20 31
125 68 102 107 134 104 101 122 117 65 75 139 98 95 60 82 37 71 45 42 126 37 119 158 110 61 40 70 77 68
1 2 3 3 2 2 3 2 2 3 2 2 3 3 2 2 1 2 2 2
# Instance ID: 41
# Total operations: 171
# Actual flexibility: 0.370
# Generated: 2026-02-14 14:26:22
# Format: Extended Brandimarte for MOFJSP (Comparison Dataset)