50 25
7 10 1 45 2 39 3 23 9 27 10 23 11 18 12 28 13 48 14 21 18 25 11 1 23 6 36 7 39 10 15 12 27 17 31 18 41 19 42 20 50 22 47 23 35 6 2 33 4 11 6 27 14 14 15 36 16 18 9 5 14 6 32 7 10 8 12 11 40 17 50 20 40 21 34 23 23 4 1 20 6 43 9 32 13 39 6 9 48 11 35 13 18 14 32 15 15 17 21 4 2 28 5 10 17 30 21 14
5 9 4 18 5 45 6 17 7 46 8 11 10 27 12 35 15 36 22 13 5 16 47 17 11 22 19 23 24 24 17 7 4 34 12 33 15 40 16 11 19 18 20 25 23 15 9 4 21 6 25 8 31 18 45 20 32 22 18 23 13 24 44 25 14 4 15 31 16 11 19 41 20 30
5 11 1 27 5 50 8 28 12 16 16 37 17 40 20 18 21 47 22 42 23 14 25 24 14 2 19 5 22 6 35 8 38 9 33 11 42 12 11 13 32 15 30 16 20 17 12 20 26 24 16 25 47 15 1 14 3 46 4 28 6 34 9 50 11 30 14 48 15 29 16 10 17 19 19 14 20 34 21 14 24 27 25 50 6 1 33 4 34 6 47 16 33 19 19 23 30 12 2 26 3 43 4 24 7 16 10 31 13 39 14 42 15 15 16 32 21 18 22 36 25 13
4 9 2 38 4 49 8 28 9 26 10 34 18 38 20 49 21 33 22 49 9 3 46 10 10 14 19 15 25 16 25 18 10 21 32 24 20 25 15 10 1 38 5 28 7 42 12 18 15 14 16 18 18 33 19 41 20 12 21 20 9 1 23 4 43 10 38 12 43 14 31 15 22 18 48 22 44 24 50
6 3 13 18 15 26 19 44 4 10 19 14 48 18 19 20 25 12 2 33 3 48 6 41 7 47 11 11 13 35 16 23 20 42 21 12 22 35 23 14 25 38 6 3 22 4 24 7 21 17 29 19 43 24 19 6 3 42 5 42 7 21 14 47 17 43 18 25 13 1 37 2 44 5 49 7 37 9 45 10 24 15 48 16 20 17 46 18 19 22 34 23 41 25 17
8 14 3 20 4 19 5 23 7 44 9 47 10 22 13 36 17 40 18 13 19 10 20 22 22 36 23 46 24 11 7 2 40 6 20 11 31 12 15 13 36 22 42 23 27 7 3 45 8 20 9 32 14 41 15 13 22 37 25 30 9 1 13 5 49 6 50 7 16 8 27 10 41 12 47 15 13 23 45 4 12 48 17 23 21 46 25 18 13 2 18 3 25 4 33 6 50 9 49 10 20 15 38 19 46 20 14 21 34 22 12 23 13 24 32 6 1 24 2 13 7 21 11 22 12 43 13 30 13 1 39 2 44 3 45 5 13 11 37 13 19 14 30 15 21 17 46 19 15 20 42 23 38 24 38
5 6 2 41 5 12 6 25 7 19 9 46 16 32 4 1 36 16 38 22 39 23 32 12 1 22 4 18 6 25 7 38 8 25 10 49 11 14 12 21 15 35 16 37 17 19 25 34 13 2 29 4 26 6 28 7 27 11 27 12 32 13 19 14 50 16 22 19 38 20 50 22 37 24 29 9 4 16 5 35 8 33 12 37 16 32 18 24 19 29 23 26 25 26
7 3 5 10 7 17 19 24 5 1 47 16 50 17 23 22 12 23 12 10 3 11 4 26 5 30 10 44 13 36 15 33 17 49 20 50 22 21 24 26 13 1 22 2 23 3 26 5 40 7 10 9 44 13 28 16 40 19 27 20 45 23 25 24 29 25 46 4 9 38 16 27 17 39 18 27 12 2 33 4 40 6 14 8 42 9 24 14 29 15 20 17 29 18 15 23 14 24 12 25 33 11 1 36 5 32 6 35 9 36 14 41 16 36 17 45 18 28 23 11 24 46 25 24
4 11 1 29 3 13 4 49 5 22 6 20 7 32 14 14 17 28 21 33 22 11 25 18 3 1 33 20 28 22 21 7 1 17 2 18 4 38 8 42 9 11 15 46 24 40 5 2 34 4 21 17 10 20 25 25 20
4 10 2 22 5 47 7 28 8 44 9 17 14 16 21 15 22 20 23 46 24 40 9 1 24 2 23 4 14 5 30 9 28 11 15 12 46 15 26 20 28 9 1 24 2 13 3 43 4 36 7 44 17 48 18 46 21 13 25 25 9 1 19 3 24 5 31 7 46 14 25 15 37 20 35 21 19 25 46
8 6 16 27 18 10 19 50 20 44 21 11 22 18 15 2 48 5 16 6 40 8 20 9 39 10 43 11 11 12 21 14 39 16 20 17 26 18 14 21 47 22 43 23 39 8 5 18 8 15 10 27 11 19 13 34 14 40 16 41 24 28 14 1 33 3 45 4 20 8 27 9 24 11 12 12 30 13 33 15 42 16 15 17 43 20 35 22 22 23 42 5 7 40 10 33 12 17 13 10 19 40 8 5 29 6 19 13 11 18 48 20 19 23 21 24 15 25 24 9 2 18 6 24 11 41 15 50 16 18 20 49 22 30 23 22 25 26 6 1 39 5 36 6 24 9 49 23 27 25 27
7 8 4 40 5 47 6 35 13 41 14 49 15 20 17 41 18 18 8 1 15 10 41 13 40 17 32 18 33 19 37 20 19 25 20 14 1 22 3 44 4 48 6 17 9 27 10 35 14 20 15 16 16 42 18 49 19 28 23 16 24 40 25 46 8 3 24 4 37 12 48 13 11 16 39 17 35 18 36 21 46 12 4 23 5 46 6 15 7 44 9 39 10 24 14 19 15 30 16 14 22 27 24 30 25 28 9 1 40 2 46 8 14 9 43 14 48 15 29 22 29 24 48 25 49 10 1 30 2 28 4 47 6 40 8 32 9 46 10 47 11 22 15 33 18 22
6 11 2 29 3 35 6 22 10 18 11 44 14 40 17 44 19 17 20 14 21 37 24 18 8 4 32 7 13 8 42 18 25 19 20 20 22 21 19 25 24 13 2 26 3 23 4 49 5 49 7 18 10 10 11 37 13 17 14 14 15 13 19 27 20 45 21 35 8 6 40 11 31 15 30 16 10 18 39 20 16 24 42 25 14 13 1 47 2 39 4 20 5 41 6 32 8 33 10 30 11 37 12 38 14 13 18 40 21 13 24 47 4 3 40 14 12 21 44 23 27
7 9 1 47 10 29 12 44 13 23 16 11 18 14 20 22 22 22 25 48 8 2 45 3 22 10 19 11 28 15 17 19 11 22 18 25 27 9 1 14 2 48 8 12 9 18 10 33 13 15 17 16 20 46 25 10 5 3 15 7 36 9 39 10 18 13 37 11 1 44 5 23 6 32 8 36 10 17 15 16 16 34 18 50 21 17 23 38 24 24 6 3 43 4 25 15 42 17 39 19 45 21 25 6 6 38 7 39 14 25 16 13 17 35 24 12
6 14 1 39 4 25 5 18 7 41 8 32 11 21 13 43 14 50 16 43 17 19 18 10 19 47 20 32 23 13 12 1 48 2 14 8 48 10 15 11 50 15 32 16 43 17 45 18 23 19 26 20 32 22 21 7 5 15 9 10 11 43 14 21 15 16 16 47 25 16 7 1 44 6 49 7 36 18 40 21 17 22 49 24 16 15 2 30 4 23 5 18 6 20 10 40 13 11 14 45 15 37 16 32 17 42 19 20 20 39 23 15 24 23 25 25 9 4 28 10 50 12 43 14 17 16 49 19 17 21 50 23 30 24 48
7 10 3 32 7 12 9 39 12 11 13 10 15 40 16 43 17 21 18 43 19 17 12 1 44 5 42 6 37 7 23 9 46 11 25 12 15 14 21 16 29 19 44 20 38 24 11 14 2 22 3 16 5 21 6 35 9 28 10 40 13 25 14 45 15 37 16 43 17 42 18 10 20 45 25 16 5 3 10 14 39 17 46 22 12 24 12 10 2 37 3 39 4 34 10 45 11 25 12 28 15 18 17 34 21 49 25 10 6 2 27 3 15 12 30 19 20 22 10 23 24 11 2 23 4 10 5 26 6 28 11 13 13 28 14 42 15 45 17 50 19 38 24 28
7 9 1 25 3 41 4 36 6 40 11 40 14 18 19 41 20 12 21 30 10 1 39 5 29 7 35 9 48 11 12 12 37 14 29 17 41 21 36 24 26 3 1 50 12 28 20 26 3 8 22 18 34 23 47 5 3 12 5 35 11 29 14 29 22 16 9 1 43 5 47 6 31 7 26 8 41 9 38 10 14 13 34 18 12 7 1 42 8 26 11 26 12 32 15 26 17 45 18 17
3 5 4 39 10 12 11 47 13 44 22 18 10 1 45 4 44 5 16 6 22 7 33 17 33 19 44 21 16 23 11 24 24 15 1 50 2 26 3 26 5 49 6 28 7 40 8 35 9 37 10 15 12 28 17 21 18 31 19 43 21 31 25 41
4 12 2 38 3 48 5 29 8 21 9 28 10 31 11 12 12 47 15 18 19 12 22 25 23 13 4 5 44 6 31 12 10 20 19 15 1 45 4 47 6 10 8 28 9 32 10 12 12 44 13 22 14 49 15 26 16 40 17 21 18 13 19 39 25 36 12 4 21 5 34 6 47 7 40 9 12 12 24 13 35 15 39 17 32 18 42 19 43 20 14
7 6 6 11 12 40 18 36 20 32 22 48 25 32 8 2 28 7 48 12 40 17 10 19 28 22 40 24 13 25 24 14 1 49 3 38 4 11 5 44 9 20 10 12 11 36 13 45 17 12 19 43 20 35 21 23 23 35 25 37 5 2 39 4 14 8 36 21 48 23 32 5 1 32 3 34 12 47 13 44 22 40 6 2 46 5 12 11 14 14 29 19 42 22 49 13 3 25 4 42 7 38 9 47 10 24 11 23 12 21 13 24 16 32 17 35 19 49 23 47 25 16
8 14 2 16 3 18 4 18 5 15 7 13 9 35 10 49 12 28 14 23 15 39 16 49 18 34 24 18 25 38 3 9 41 14 43 17 18 10 6 34 7 22 8 12 11 36 12 18 14 38 15 39 17 39 18 50 21 42 12 3 16 4 15 5 34 6 33 7 37 11 48 13 33 18 13 20 18 21 18 22 36 24 41 12 3 48 7 28 9 44 13 41 14 16 15 15 19 21 20 30 21 35 22 38 24 25 25 44 9 5 49 7 24 10 46 11 50 12 36 14 19 15 15 16 42 24 24 8 3 15 4 21 5 35 9 36 13 43 19 15 20 43 25 18 6 6 29 9 47 12 20 13 50 15 21 20 48
7 5 2 25 13 44 15 33 20 41 25 22 8 2 37 8 31 10 32 11 31 18 17 20 10 21 35 25 16 4 8 28 14 27 18 47 19 29 4 1 28 6 48 8 23 21 39 14 3 36 4 20 5 35 6 14 13 21 14 12 16 30 17 37 18 47 19 13 21 38 22 35 23 29 25 39 9 5 29 6 35 10 37 12 22 15 11 17 44 20 29 21 42 22 24 3 3 22 22 19 23 15
5 7 5 41 7 33 8 10 9 19 11 16 22 49 24 10 6 4 19 5 50 8 21 9 26 21 30 24 40 10 1 42 7 19 8 47 13 44 16 44 18 32 19 18 22 28 23 46 24 35 10 1 26 3 19 4 35 6 47 7 32 11 11 21 10 23 14 24 49 25 37 11 3 45 8 17 10 29 11 22 14 50 15 39 16 32 18 26 22 39 23 27 24 10
4 4 2 18 10 31 12 26 23 24 5 2 49 8 21 12 37 13 23 25 35 12 1 24 2 21 8 41 12 17 13 43 15 26 16 23 18 44 22 25 23 19 24 39 25 32 14 1 10 2 23 3 26 7 37 8 16 10 14 14 41 15 25 16 44 17 35 18 23 21 32 22 31 25 36
5 6 4 11 7 29 11 14 12 43 20 34 21 15 15 1 38 2 14 4 14 5 19 6 47 9 12 11 34 13 25 15 17 16 27 17 39 21 46 22 14 23 29 25 24 12 3 28 5 28 6 29 7 20 9 49 11 24 12 26 14 30 16 26 17 36 22 20 23 36 13 1 28 3 10 5 25 6 13 10 19 11 11 12 30 14 32 15 48 16 28 19 18 20 17 25 29 4 1 47 14 26 16 24 22 22
4 5 1 11 2 35 4 30 8 19 21 22 5 1 28 3 20 4 29 6 29 8 14 7 4 50 6 22 15 25 16 48 19 24 24 49 25 47 5 7 16 12 35 18 16 24 47 25 20
5 3 7 45 12 27 14 17 14 2 15 3 24 5 18 7 20 8 22 12 22 14 15 15 37 17 42 19 44 20 43 21 33 22 17 25 17 9 4 50 5 30 7 17 10 35 12 12 14 23 15 32 16 11 24 13 11 5 30 7 22 10 18 12 12 13 23 14 43 16 27 19 23 20 31 23 27 25 11 12 1 41 3 14 8 48 9 21 10 14 14 11 15 38 16 16 17 26 18 49 22 14 25 44
7 5 7 12 14 26 18 19 22 13 24 14 14 1 37 2 29 7 43 8 17 10 42 11 42 14 47 15 42 16 39 19 27 20 24 23 16 24 30 25 40 10 3 48 5 14 6 12 7 35 12 35 18 49 21 48 22 29 23 40 25 31 12 2 34 6 19 7 14 8 10 10 26 12 40 15 40 16 16 21 37 22 41 23 20 24 36 14 2 22 4 13 5 42 6 18 7 35 8 12 9 16 10 32 14 32 16 33 18 12 20 15 23 33 25 30 15 4 34 5 49 7 35 8 25 10 27 11 17 12 38 13 21 14 16 17 48 20 14 22 31 23 44 24 38 25 48 5 1 20 14 35 15 26 17 17 18 48
7 14 2 40 3 16 4 29 6 33 7 48 9 15 10 49 13 22 14 19 15 21 16 39 19 47 22 42 24 30 12 3 16 6 12 10 50 11 45 13 31 14 16 15 15 20 49 21 38 23 37 24 36 25 27 12 2 34 3 42 4 15 5 31 6 38 10 50 13 29 14 24 16 35 17 39 19 17 22 31 5 5 37 7 28 17 20 21 37 24 49 5 1 12 6 48 10 14 13 26 14 16 10 1 47 3 12 5 48 6 27 7 31 12 48 13 34 14 41 18 34 19 33 12 4 29 5 31 7 41 9 28 13 46 15 26 16 17 17 18 19 32 20 17 22 39 23 24
3 3 3 41 16 45 22 32 6 1 48 7 42 8 12 12 10 13 21 21 34 14 2 49 3 36 6 24 9 32 10 32 11 22 12 43 16 38 17 50 18 21 19 16 20 28 23 39 25 38
8 3 1 42 24 18 25 43 14 1 20 5 14 7 18 8 19 9 41 14 47 16 39 18 37 19 30 21 23 22 12 23 17 24 41 25 40 3 2 24 20 27 22 33 14 2 24 6 24 7 22 8 25 9 34 11 33 14 40 16 37 17 14 18 12 19 27 21 11 22 31 25 44 10 3 42 4 37 5 44 7 37 8 38 10 27 11 21 19 26 21 30 25 47 15 2 24 3 40 5 26 8 42 10 22 11 21 12 19 13 50 14 31 17 27 18 31 19 24 21 42 24 10 25 10 9 1 31 10 39 13 15 14 45 16 43 19 37 20 35 22 43 24 48 5 12 31 14 15 17 41 20 20 21 30
5 5 2 37 6 16 7 47 13 16 22 21 5 14 21 17 37 18 26 20 22 21 13 13 3 39 4 20 5 19 6 24 7 31 8 22 15 24 16 48 21 20 22 44 23 18 24 43 25 44 6 7 35 10 13 11 25 16 18 18 49 19 47 4 2 19 9 27 17 19 20 23
6 14 3 24 4 34 5 31 6 41 11 14 12 35 13 40 15 23 16 12 17 50 19 25 20 20 24 41 25 24 6 3 21 10 35 15 11 18 29 23 43 25 31 15 2 36 4 38 6 48 7 17 8 12 10 34 13 21 14 11 15 25 19 36 21 28 22 35 23 12 24 12 25 46 14 8 50 9 44 11 49 12 47 14 49 15 33 16 42 17 43 18 36 20 13 21 25 23 46 24 50 25 38 12 1 43 2 26 5 40 9 27 12 30 13 17 14 33 15 36 19 36 22 13 23 13 24 47 10 7 13 8 30 11 39 12 45 15 34 16 26 20 44 21 17 23 11 25 40
3 6 8 45 14 34 16 47 18 14 22 11 25 12 8 8 14 9 17 10 27 14 24 15 25 18 40 20 37 22 36 9 3 27 5 22 14 49 15 40 18 36 19 20 23 25 24 48 25 40
5 11 1 29 3 28 4 34 5 38 8 33 9 25 11 23 21 26 22 12 24 28 25 27 3 4 45 6 30 22 12 10 1 28 3 46 9 21 13 44 14 28 15 34 19 14 21 41 24 44 25 45 15 1 13 2 47 4 31 6 27 7 29 8 31 9 29 10 46 12 47 13 31 14 19 16 30 17 47 18 44 23 34 7 5 48 9 45 19 22 20 48 22 18 23 18 24 47
5 6 9 38 13 30 14 12 16 22 18 21 24 33 12 2 16 4 22 6 17 9 21 10 43 11 12 12 16 13 32 15 17 16 16 19 30 21 23 11 2 38 7 27 10 50 11 17 12 47 13 21 14 26 16 34 18 32 24 49 25 26 4 3 19 5 20 11 18 17 46 3 11 33 16 13 20 20
3 5 3 31 15 36 16 10 20 49 25 23 6 6 29 8 38 14 43 15 50 17 34 25 21 15 1 25 3 18 5 40 6 20 9 48 11 40 13 10 14 21 15 40 17 44 19 35 20 27 21 47 23 17 24 24
7 13 2 31 3 42 4 49 6 47 7 21 8 32 9 27 10 13 12 21 13 37 15 28 18 19 25 39 13 3 34 4 13 7 20 8 12 9 26 10 10 12 18 14 32 16 14 17 25 21 27 22 32 24 39 14 1 15 2 27 4 30 9 10 12 37 13 15 15 35 17 14 18 31 19 12 21 41 22 21 23 46 25 16 12 1 19 2 40 3 39 4 33 5 26 9 27 10 16 14 12 17 47 19 46 21 25 25 31 11 3 48 4 21 5 15 9 18 10 42 12 14 13 50 15 43 16 31 21 41 24 15 9 1 46 2 47 3 41 4 10 7 24 8 31 18 16 23 33 25 33 10 3 17 5 30 7 34 8 47 9 48 11 38 13 15 16 33 19 12 20 45
5 15 2 25 4 42 5 10 7 23 8 36 9 50 11 39 14 19 15 22 16 13 17 12 20 39 21 49 22 16 23 31 7 1 31 4 28 13 42 14 20 21 38 22 20 23 21 3 1 49 14 39 22 42 15 2 12 3 39 6 30 7 28 8 21 9 11 10 16 13 29 16 21 17 47 18 36 19 46 20 47 21 43 25 44 8 4 24 7 45 8 17 9 24 15 49 18 17 19 28 21 11
7 8 4 13 6 17 9 44 11 48 12 42 14 11 18 33 25 23 11 2 45 3 31 5 39 7 41 14 41 16 47 17 30 19 16 22 20 24 28 25 15 10 4 12 6 29 7 17 9 46 18 20 20 20 22 27 23 33 24 10 25 35 7 4 45 6 38 8 12 9 20 10 42 14 16 21 14 9 1 26 2 35 5 13 6 39 11 36 16 21 20 37 21 23 22 19 10 4 47 5 25 6 23 8 17 9 16 11 25 12 21 13 13 18 12 19 45 5 2 45 12 16 23 11 24 38 25 34
3 12 2 16 3 43 4 30 5 39 7 34 8 19 13 29 14 41 18 19 19 40 22 31 25 45 14 1 13 2 45 3 20 4 38 10 38 11 25 16 17 17 34 18 28 20 11 22 47 23 41 24 30 25 33 9 1 42 7 42 9 29 10 29 21 44 22 47 23 26 24 50 25 38
7 6 3 45 15 30 16 23 17 22 19 46 22 32 9 3 35 6 24 8 47 12 33 15 23 16 19 17 15 19 16 21 30 14 2 46 3 30 5 49 7 30 9 36 10 19 13 42 14 39 16 33 17 14 18 26 20 24 21 27 24 19 11 1 18 3 19 4 49 5 22 6 30 8 31 11 22 14 22 20 36 24 10 25 31 6 12 12 13 28 16 25 17 10 20 18 21 50 15 3 18 4 17 5 37 7 10 8 50 10 12 11 46 12 12 17 13 18 13 19 23 20 39 22 41 23 25 24 11 11 3 37 5 46 6 33 7 48 8 37 9 18 12 25 15 41 16 30 23 33 24 43
4 5 2 25 6 34 7 26 9 45 10 24 3 5 25 10 48 22 12 12 1 16 5 42 7 46 8 11 9 21 10 18 12 28 13 45 15 28 19 46 21 24 22 41 3 15 27 16 27 23 18
6 13 1 24 2 41 3 46 7 31 9 50 10 39 12 15 14 20 15 44 18 19 22 14 23 40 25 23 15 3 13 7 44 8 17 9 11 10 34 11 29 12 24 13 46 14 30 17 49 18 31 19 16 20 18 21 24 25 36 9 2 46 6 29 8 30 9 40 13 31 16 50 20 39 21 14 23 32 13 1 16 2 21 4 35 5 44 7 25 8 14 12 42 13 50 15 21 17 19 18 25 21 48 23 46 8 3 45 4 30 6 31 7 41 12 38 18 33 21 14 23 31 7 5 27 7 23 9 32 15 43 17 12 18 41 21 19
5 6 1 26 3 12 12 16 16 19 21 43 25 13 12 1 38 3 43 5 30 8 21 9 34 10 22 11 39 12 25 16 13 19 19 21 24 22 31 8 3 12 5 21 7 48 11 42 16 26 23 15 24 30 25 10 12 4 19 5 10 7 16 8 37 10 11 14 16 15 26 16 11 19 29 21 24 24 13 25 26 7 5 23 7 20 12 34 13 11 15 48 21 14 22 38
8 6 2 33 4 13 10 18 17 33 19 27 24 45 5 10 50 14 15 16 33 19 30 21 24 10 1 19 2 39 4 50 5 14 7 33 8 48 10 32 11 41 20 35 24 48 9 1 12 6 44 7 48 8 37 10 20 11 24 13 11 22 21 24 39 15 1 48 2 15 3 21 4 47 5 43 6 40 8 23 9 43 14 27 16 28 17 31 18 15 20 27 23 48 25 25 4 11 15 14 34 17 48 18 40 15 4 21 5 35 6 21 8 39 9 14 10 31 14 44 15 45 16 19 18 48 20 36 21 17 22 15 23 43 24 32 3 4 41 6 13 15 24
6 3 9 32 12 46 25 28 3 10 17 12 18 13 30 11 2 11 4 29 5 10 6 17 8 14 9 50 10 23 11 29 19 48 21 49 23 41 9 4 11 5 30 6 28 9 11 12 28 13 38 16 42 17 47 18 29 13 1 23 5 41 6 30 7 10 8 39 9 40 11 20 16 41 17 47 19 47 20 10 22 45 25 42 13 1 49 4 21 5 50 8 10 9 12 12 16 13 10 15 48 16 15 19 47 22 29 23 11 25 47
7 15 3 46 4 29 5 26 6 36 7 26 8 23 9 47 10 48 11 27 14 28 16 49 17 48 20 40 21 43 24 12 7 1 32 2 29 3 34 12 24 14 36 18 26 20 15 12 7 41 8 17 9 13 10 41 11 40 12 10 14 17 19 40 20 38 21 13 23 15 24 42 4 6 29 8 36 9 34 24 31 11 3 35 6 48 7 39 8 35 15 40 16 43 18 27 19 17 21 19 23 25 24 17 8 3 29 4 35 8 24 9 38 13 13 18 12 20 27 21 26 14 1 20 3 16 4 16 5 47 9 21 10 16 12 23 13 24 14 13 17 49 18 17 19 49 23 13 25 34
5 10 1 17 2 15 7 24 9 42 12 50 13 46 14 12 15 29 16 13 17 36 5 10 15 14 38 16 27 19 33 25 30 7 3 35 11 49 14 36 15 20 17 32 20 42 22 34 9 2 44 4 50 7 13 9 24 13 19 14 11 19 32 22 23 24 13 9 2 29 3 42 9 12 10 11 11 43 15 23 17 11 19 19 22 50
7 7 10 15 13 15 14 24 15 20 18 46 23 43 25 45 6 4 47 7 13 8 11 14 40 15 50 23 14 4 15 31 16 42 23 11 24 20 14 1 15 2 22 4 15 6 48 7 17 9 15 10 41 13 35 17 48 18 24 19 16 20 17 22 12 23 24 4 1 40 6 48 13 46 21 22 8 2 47 3 40 4 36 7 14 14 22 15 43 23 35 24 46 3 1 17 13 41 24 29
98 88 60 78 82 137 86 102 57 65 116 112 99 138 83 85 122 55 57 122 145 85 99 70 60 51 70 90 85 44 145 61 100 43 84 84 55 119 90 99 44 121 75 105 72 159 101 119 89 88
1 1 3 2 2 1 3 1 1 2 1 1 1 2 2 2 1 1 2 3 1 1 1 1 2
# Instance ID: 67
# Total operations: 284
# Actual flexibility: 0.355
# Generated: 2026-02-14 14:26:22
# Format: Extended Brandimarte for MOFJSP (Comparison Dataset)