10 5
4 1 5 34 3 2 18 3 15 5 42 3 1 37 3 24 4 14 2 4 30 5 11
7 3 2 24 3 32 4 45 2 2 47 4 34 1 5 28 1 1 15 2 2 50 4 19 3 2 16 3 15 4 10 2 3 27 4 16
4 1 1 21 2 4 16 5 11 1 3 45 1 5 48
3 2 1 28 4 36 2 1 46 2 43 1 4 20
6 1 3 29 2 2 14 4 20 2 3 29 4 40 1 3 26 1 4 48 3 1 18 2 29 4 10
6 2 3 31 4 38 2 2 29 4 30 3 2 21 4 35 5 30 2 2 30 4 34 2 3 17 4 46 1 5 44
6 1 5 11 3 2 28 4 14 5 36 3 2 29 3 25 4 26 3 2 14 4 38 5 48 2 4 44 5 42 3 1 44 2 48 4 50
7 1 1 25 3 2 49 3 12 5 46 3 2 16 3 10 4 16 2 2 38 5 33 2 2 32 4 11 2 1 36 3 15 1 2 32
3 2 3 23 4 43 2 3 16 4 38 3 1 29 3 12 4 17
7 1 3 16 3 2 21 3 45 5 20 2 4 39 5 24 2 2 50 5 37 2 1 38 2 47 2 1 23 4 23 2 1 44 5 21
49 136 58 59 100 108 106 106 37 93
2 1 1 3 2
# Instance ID: 10
# Total operations: 53
# Actual flexibility: 0.396
# Generated: 2026-02-14 14:26:22
# Format: Extended Brandimarte for MOFJSP (Comparison Dataset)