100 30
5 4 20 19 22 40 24 32 30 32 13 2 32 7 19 8 47 9 20 16 14 17 29 19 13 21 27 24 31 26 28 28 30 29 38 30 34 10 3 10 4 14 5 18 6 39 12 29 16 11 17 21 19 21 20 49 28 38 9 3 46 4 18 5 11 8 30 10 11 14 25 17 49 18 12 29 43 6 6 36 8 15 9 13 12 48 19 18 21 30
6 15 2 21 9 35 10 21 11 17 12 24 13 29 17 28 19 36 20 21 21 19 22 12 23 10 26 34 28 48 30 50 9 1 20 3 14 4 38 11 10 13 13 15 49 19 48 20 28 26 30 13 1 48 2 32 3 41 5 25 6 43 7 21 11 49 13 25 16 22 17 42 18 34 24 39 25 33 17 1 37 2 43 6 22 7 12 8 44 9 17 10 34 11 44 12 32 14 21 15 41 16 40 17 22 18 20 21 13 26 41 27 29 12 2 43 7 14 8 27 9 40 11 25 16 42 19 43 21 32 22 10 23 40 24 14 28 13 13 3 39 5 47 8 38 11 24 13 26 14 22 17 20 18 13 20 50 21 49 23 20 26 49 28 45
3 5 3 44 10 17 12 40 22 10 30 39 16 1 18 4 14 5 40 8 37 9 26 10 41 12 34 13 11 14 44 15 36 16 36 17 32 18 48 24 16 26 30 28 29 6 1 23 3 42 7 34 13 43 16 25 17 12
4 11 1 28 2 45 4 19 9 26 13 36 17 37 22 12 25 10 26 15 28 29 29 30 17 1 31 2 45 3 45 4 11 7 39 10 22 11 45 12 37 14 22 15 26 16 24 18 45 21 11 24 30 25 34 27 44 30 23 18 1 46 2 42 3 34 6 37 8 26 9 24 12 12 13 41 14 14 16 36 18 49 20 24 22 19 24 44 26 40 27 42 28 14 29 33 10 1 18 2 34 11 42 12 14 14 20 16 20 18 21 19 40 20 29 27 11
6 17 2 21 5 11 7 17 10 25 11 41 13 23 15 43 16 27 18 15 20 30 22 26 23 26 24 38 25 17 26 30 27 11 28 15 18 1 49 2 15 3 46 4 37 7 16 9 20 11 36 12 13 16 24 17 26 19 36 20 30 22 11 24 40 25 32 27 28 29 24 30 21 12 1 18 2 20 4 44 6 33 9 46 11 34 13 27 19 41 21 24 23 44 26 16 29 39 18 1 10 2 34 3 11 5 30 7 10 8 31 10 19 11 14 12 15 15 14 16 45 17 35 19 25 20 28 21 15 28 49 29 15 30 20 14 2 33 3 49 4 25 5 45 6 41 7 50 8 45 10 22 13 13 14 13 18 46 19 18 20 40 21 49 10 3 35 6 22 9 10 11 43 13 18 15 44 19 35 21 21 27 32 29 11
5 8 12 11 15 23 16 30 17 31 19 36 21 43 22 44 28 10 16 3 48 4 12 5 38 6 14 7 43 8 10 11 10 12 24 14 27 19 21 20 29 21 22 22 26 23 30 26 32 29 36 11 1 48 3 24 5 20 6 21 7 41 12 19 17 14 25 32 27 45 28 49 30 16 8 2 34 3 42 4 46 6 43 12 34 13 16 16 23 18 34 13 1 20 4 10 10 37 13 44 14 47 16 31 18 15 19 33 20 20 22 49 24 15 26 17 29 10
8 13 5 45 7 39 8 45 12 36 13 49 14 11 15 39 20 20 21 18 27 48 28 10 29 22 30 50 7 6 45 8 42 10 18 15 43 21 50 25 20 30 45 12 4 36 5 38 8 15 13 25 15 46 16 45 18 19 21 16 22 21 23 37 24 36 30 14 16 5 17 6 17 7 29 8 30 9 47 10 47 11 26 12 12 14 41 15 43 16 34 18 24 19 27 21 28 24 33 25 16 18 1 23 2 45 3 43 4 48 10 10 11 42 12 34 14 26 15 23 16 13 19 34 20 30 22 46 23 11 24 47 25 43 26 40 28 19 16 2 20 3 18 9 20 10 43 11 26 13 48 15 49 16 35 17 24 18 38 21 49 22 18 23 18 25 40 27 39 29 19 8 1 26 2 14 9 42 11 17 15 33 18 30 20 43 25 36 7 5 11 6 10 10 20 11 26 19 20 24 43 28 50
6 12 3 35 6 12 7 16 9 19 10 18 12 45 13 45 16 41 17 50 18 49 26 41 27 27 17 2 29 3 46 4 11 6 13 7 42 10 18 11 11 14 37 15 39 16 21 17 39 18 14 20 37 23 14 27 43 28 16 30 12 6 7 43 8 18 10 15 13 46 26 32 27 36 7 4 12 5 33 6 20 7 34 9 23 12 35 17 50 11 1 47 4 10 9 39 13 30 14 27 16 44 18 28 22 38 23 16 25 49 29 40 12 5 10 6 23 7 12 10 43 12 37 13 19 17 29 18 32 19 19 22 26 23 17 26 23
3 18 5 46 6 50 8 31 9 12 12 48 13 10 14 42 16 21 17 18 18 46 19 20 20 35 23 40 25 46 26 50 27 24 28 43 30 37 17 1 30 2 36 4 28 5 42 6 16 7 23 8 25 9 45 12 10 13 24 15 16 17 20 19 49 21 32 26 18 27 40 30 11 4 2 26 14 49 23 10 28 35
5 12 2 20 3 47 4 18 7 28 8 16 9 23 10 17 11 11 14 43 24 48 27 18 28 35 13 2 12 3 29 8 29 14 31 16 10 18 49 20 10 21 14 24 21 25 41 26 50 28 49 30 40 8 4 12 6 15 7 25 10 40 11 42 14 29 21 38 30 28 18 1 49 2 20 3 31 8 31 9 31 10 46 11 26 13 40 14 29 16 44 18 41 19 12 21 25 22 26 23 29 26 39 27 17 29 40 17 3 26 4 32 5 45 7 43 9 24 10 16 11 30 14 46 15 43 17 39 20 15 22 26 23 29 24 26 25 12 29 12 30 43
4 18 1 49 2 23 3 48 4 33 5 24 6 38 8 42 9 22 10 18 11 25 17 24 18 23 19 14 21 14 22 29 23 40 24 33 30 32 11 2 14 7 33 9 33 11 27 12 21 13 10 18 12 19 26 21 40 23 25 26 27 15 2 33 5 25 6 25 7 23 8 44 9 39 12 14 13 24 16 30 21 28 22 48 24 13 25 32 27 24 30 34 18 2 34 4 27 5 46 6 50 7 31 8 14 9 36 12 25 14 27 16 44 17 49 19 30 20 42 22 12 24 33 26 23 27 23 29 15
5 9 1 48 6 12 7 12 8 28 10 12 15 21 16 20 22 22 23 14 4 1 34 13 29 17 43 19 35 8 9 16 12 21 19 46 21 10 25 32 26 34 27 30 30 20 4 10 14 15 19 18 40 23 15 18 2 23 3 23 4 43 7 11 8 23 9 28 10 29 12 24 16 21 17 45 19 23 20 36 21 48 22 21 23 22 25 29 26 11 30 19
5 6 10 30 11 24 14 45 18 49 26 28 30 22 6 2 25 4 38 5 47 18 39 22 31 24 14 5 2 43 12 17 15 10 18 49 23 41 17 1 38 4 14 7 36 8 41 9 44 10 32 12 12 14 13 17 13 19 16 20 24 21 33 22 18 24 29 27 26 28 35 29 14 16 4 43 5 27 6 25 7 13 8 25 9 11 11 41 12 42 15 36 16 47 17 31 21 12 22 46 23 50 28 16 30 37
7 5 9 31 21 19 23 41 25 37 28 23 14 2 49 3 46 4 50 9 50 12 10 14 22 16 46 19 42 21 18 22 14 24 50 27 48 28 12 30 46 5 2 37 4 48 11 25 13 15 27 42 15 1 27 3 32 4 18 7 46 10 16 14 33 15 42 17 31 18 43 22 42 23 19 24 25 28 47 29 42 30 31 14 2 38 3 31 5 10 6 35 8 42 9 24 10 22 12 33 15 48 20 23 25 45 27 21 29 36 30 48 5 3 31 7 12 9 28 23 36 28 19 14 3 19 4 42 8 36 10 46 12 16 16 50 17 34 19 42 20 47 21 29 23 36 24 28 26 24 29 42
5 16 1 25 2 36 3 23 4 46 5 26 7 44 13 23 15 45 17 17 22 44 23 13 24 35 25 27 27 32 28 46 30 32 16 1 33 3 39 5 48 6 48 7 48 8 30 9 45 10 45 12 43 14 24 17 34 19 23 20 12 24 33 26 36 30 41 16 3 19 6 36 7 12 8 37 9 16 11 13 12 41 13 50 14 31 15 44 16 15 18 16 23 24 24 28 25 42 30 12 10 4 42 6 44 11 28 12 23 16 45 17 14 18 44 19 27 26 43 28 25 9 1 41 4 48 6 39 15 46 20 44 21 15 27 28 28 23 30 37
5 9 3 50 4 42 6 50 8 13 18 17 19 15 22 15 26 14 28 45 16 1 24 4 42 6 12 10 46 12 11 14 34 15 24 16 50 17 29 19 22 21 35 22 23 23 12 24 20 27 15 28 37 8 2 34 3 19 9 37 11 47 12 38 17 14 24 45 28 33 11 3 24 5 36 6 43 11 44 12 16 14 11 17 46 20 40 22 33 24 10 28 23 5 4 45 20 11 24 24 27 21 29 11
6 4 1 37 9 41 28 46 29 46 17 2 22 5 37 6 47 7 50 13 11 14 13 15 10 16 21 17 27 18 40 19 14 20 15 24 47 25 39 26 32 27 31 29 38 13 1 11 6 13 10 40 13 17 16 16 17 44 20 18 22 37 23 14 24 11 26 16 28 28 29 14 16 3 35 4 29 5 44 9 35 13 41 14 10 15 21 17 42 19 34 20 50 23 13 25 20 26 15 27 21 28 13 29 27 7 8 36 11 43 15 13 23 47 25 36 27 47 29 46 16 4 47 6 46 7 39 9 44 11 14 13 38 14 29 15 35 16 49 18 31 20 36 22 23 24 10 25 48 29 39 30 14
4 11 1 15 3 16 4 33 7 46 10 50 12 33 16 14 19 31 20 41 26 34 30 16 13 1 38 2 28 5 43 6 15 7 11 9 32 11 18 15 40 17 13 22 29 24 15 28 38 30 36 18 1 35 3 11 5 20 8 13 9 25 10 29 13 33 14 38 18 11 19 45 21 12 23 36 24 48 26 47 27 29 28 31 29 23 30 18 5 5 44 9 28 15 31 22 48 23 32
6 5 2 46 5 16 9 43 10 25 13 38 16 3 27 6 44 10 16 11 16 12 33 17 45 19 28 22 28 23 46 24 46 25 25 26 18 27 25 28 19 29 29 30 12 8 4 40 5 41 6 50 10 39 17 10 18 12 27 44 28 18 18 1 22 2 18 3 34 7 13 12 27 15 48 16 26 17 13 18 47 19 45 20 38 22 41 23 16 24 21 25 33 26 48 28 14 30 30 17 1 14 2 11 3 20 4 17 8 41 10 22 12 26 13 34 14 43 16 50 17 36 18 14 19 38 22 42 25 38 26 48 29 40 16 1 25 2 20 3 32 6 47 7 13 8 46 11 41 13 40 14 45 16 15 17 49 20 20 22 41 25 27 26 19 27 22
6 10 2 37 5 36 6 11 8 28 9 43 12 44 14 17 17 33 18 28 22 30 16 1 44 3 48 5 33 6 36 7 43 8 29 9 35 10 50 12 36 14 37 15 45 17 10 18 33 21 48 22 48 29 37 5 8 42 24 19 26 50 27 49 28 11 11 2 15 6 37 7 19 8 22 14 42 15 35 16 20 22 40 24 45 26 31 28 23 13 1 34 3 32 5 49 8 48 10 11 15 24 19 41 21 13 23 15 25 21 26 29 29 10 30 10 4 6 39 8 47 16 13 21 43
3 5 2 26 4 13 7 13 11 47 20 37 15 1 19 6 15 7 38 8 50 12 12 13 25 14 40 15 43 18 30 20 20 23 43 24 33 27 30 28 27 30 46 8 8 40 14 12 16 15 22 42 24 10 27 11 28 15 30 38
6 18 1 15 3 14 4 10 5 11 9 22 10 18 12 20 13 15 14 47 15 41 16 28 20 45 21 36 24 16 25 20 27 15 29 31 30 40 14 2 39 4 48 5 31 9 46 11 27 13 21 15 34 19 25 20 46 23 27 25 33 26 46 28 14 29 27 6 2 10 4 42 7 41 12 16 20 10 29 19 12 1 19 2 41 3 39 13 10 14 32 15 42 17 21 18 19 19 40 26 10 27 12 30 39 16 1 35 2 36 5 12 8 45 11 43 14 28 17 15 18 16 19 33 20 13 21 26 22 20 24 25 25 24 27 24 28 37 8 2 16 5 42 10 15 13 41 20 46 23 40 24 50 28 14
7 5 2 34 16 42 23 30 28 39 30 46 12 1 17 6 25 8 44 9 49 10 17 11 39 12 21 14 14 16 43 18 18 20 50 29 32 5 3 43 6 49 14 27 18 27 30 42 6 3 50 10 49 20 16 26 42 27 29 28 38 17 2 34 4 38 8 36 10 22 12 23 14 14 15 20 17 45 18 11 19 37 20 20 22 19 23 30 25 10 26 12 28 10 29 48 12 1 33 4 41 7 13 9 29 12 24 19 40 21 33 25 43 26 14 28 18 29 25 30 39 11 5 13 7 33 9 30 10 47 11 15 14 39 16 22 21 47 23 34 29 31 30 19
7 18 1 34 2 22 3 23 4 31 7 33 8 29 12 41 15 40 16 39 19 49 20 28 21 42 22 10 23 29 24 17 27 11 28 16 29 43 18 2 33 3 20 4 16 5 35 8 31 9 40 11 28 12 16 13 49 14 31 16 47 17 20 21 33 22 43 25 16 26 42 29 35 30 29 9 2 23 5 41 14 30 21 22 22 18 24 15 27 43 29 41 30 43 8 4 13 8 34 10 20 13 31 20 14 23 18 26 46 28 41 7 5 45 9 24 14 25 17 12 20 34 21 39 23 24 17 2 35 7 44 9 31 10 21 11 46 13 39 16 15 17 44 18 44 19 34 21 20 24 24 26 39 27 37 28 42 29 26 30 34 16 1 50 3 26 4 21 5 12 8 21 10 44 13 48 16 23 17 26 18 16 19 17 22 14 23 15 25 42 28 24 30 16
3 10 3 27 7 33 11 15 12 24 21 27 22 19 25 49 26 15 28 23 29 15 11 1 20 4 19 7 50 8 27 11 39 13 48 14 49 22 28 23 28 28 12 30 48 6 2 35 6 40 9 10 11 29 20 12 29 45
8 13 1 16 6 30 8 47 9 22 12 36 15 31 17 26 20 44 21 44 23 26 24 19 27 41 29 19 6 2 47 8 10 13 29 18 10 20 45 30 19 17 1 44 2 48 4 41 5 43 7 45 9 30 15 48 17 20 19 19 20 41 21 15 22 35 23 39 24 41 26 13 29 42 30 30 16 2 27 4 26 5 19 7 45 13 37 14 35 15 16 16 49 17 23 18 28 19 10 21 23 22 25 24 36 25 18 28 37 11 3 21 5 33 6 22 8 24 9 29 11 40 12 32 14 45 20 28 22 29 26 45 14 1 45 5 21 8 43 9 45 10 12 11 14 13 24 15 16 18 35 20 30 23 44 27 40 28 40 29 47 17 3 17 5 15 6 24 7 38 9 29 12 39 14 49 15 46 17 18 20 13 21 20 23 47 24 35 25 30 28 48 29 39 30 32 11 1 13 7 30 9 37 11 26 13 38 14 13 20 21 21 41 23 27 26 14 27 14
4 12 2 40 3 27 4 19 5 50 8 39 11 30 14 48 17 21 18 21 22 49 23 36 25 40 5 8 36 12 34 23 24 25 16 28 16 4 8 48 14 17 15 11 21 19 10 2 26 12 28 16 35 18 33 21 14 22 31 23 34 25 28 26 24 27 43
4 4 16 30 17 48 22 48 24 32 15 2 23 5 34 7 47 8 28 11 33 13 18 15 38 16 44 19 36 20 50 23 37 24 18 25 43 26 38 29 14 7 4 42 11 36 16 24 17 43 21 37 22 22 29 12 10 3 16 4 24 7 34 8 47 9 31 12 11 17 14 22 36 26 20 30 10
6 13 4 19 8 13 10 23 13 26 16 13 17 33 18 15 19 28 20 21 21 41 25 48 29 30 30 47 14 1 25 3 24 4 27 5 30 8 45 9 15 11 41 16 21 17 39 23 39 24 10 25 43 28 34 29 18 5 13 29 16 23 19 41 20 34 23 13 15 2 15 4 23 5 20 7 45 10 38 12 20 15 33 16 31 17 22 18 33 20 50 23 44 24 14 25 45 29 29 10 4 45 5 32 8 47 10 20 11 17 12 28 13 50 20 26 22 40 25 31 13 1 38 2 16 4 37 6 23 7 19 12 14 13 11 14 10 16 31 17 35 22 26 29 11 30 34
6 17 3 31 4 31 8 37 9 25 10 10 13 15 15 48 16 34 17 10 18 13 19 14 22 21 24 36 25 27 28 16 29 43 30 14 13 3 49 5 18 7 35 9 44 10 33 12 25 13 16 15 22 16 19 19 19 20 50 23 43 30 49 18 2 50 4 30 7 40 8 27 9 16 11 48 12 30 13 31 15 40 16 16 17 28 18 16 19 44 25 16 26 21 28 47 29 38 30 15 11 2 39 3 23 8 36 12 49 16 44 18 41 19 39 20 19 23 41 24 23 25 30 10 1 15 2 30 10 42 11 20 12 20 13 46 17 20 21 34 25 29 27 42 11 1 23 6 40 10 39 13 12 14 32 15 34 16 37 25 18 28 22 29 48 30 17
8 16 2 14 5 40 7 48 9 35 10 18 13 29 14 43 16 34 17 46 18 40 19 34 20 20 21 47 22 25 26 44 28 36 11 2 44 3 25 5 33 6 25 8 45 13 42 17 15 19 28 20 19 22 37 24 50 5 2 21 4 49 11 48 15 22 18 47 18 2 43 5 20 9 18 10 25 11 13 12 43 13 41 14 23 15 35 17 37 18 19 19 28 20 32 21 34 24 28 25 17 28 20 30 27 17 2 23 3 48 4 40 5 32 6 35 8 27 9 38 10 22 11 19 12 33 18 34 19 42 20 39 22 41 24 36 27 46 29 21 12 1 21 2 39 3 42 4 47 5 27 15 34 17 41 19 45 25 46 26 35 27 43 30 21 6 3 49 6 26 8 33 13 39 24 11 29 43 16 4 29 5 30 7 26 8 39 10 33 11 31 12 49 17 24 18 25 19 22 20 16 21 42 24 20 25 39 27 47 30 31
6 15 1 16 2 26 3 28 4 34 5 17 8 40 13 13 14 44 16 13 18 41 19 17 23 12 25 16 27 43 30 38 8 4 47 5 22 7 22 18 36 21 28 25 19 28 41 29 15 10 1 19 2 24 11 42 12 19 14 14 15 50 18 41 19 36 22 26 26 47 9 3 24 4 21 6 48 13 18 14 46 16 22 17 16 27 46 28 44 8 2 10 10 32 12 49 15 31 16 12 18 34 23 21 27 15 12 1 42 5 38 8 17 9 33 11 43 18 45 19 16 22 15 23 49 24 23 28 43 30 29
4 16 2 37 3 11 4 33 6 26 9 21 10 12 11 33 12 47 15 35 19 43 23 16 24 30 26 18 27 49 28 44 30 36 10 1 40 5 37 17 19 20 20 22 48 23 13 24 30 25 47 27 30 28 15 5 1 30 3 30 5 10 10 36 18 27 7 4 45 7 16 10 16 21 44 24 26 25 37 30 11
5 4 4 43 10 16 11 35 27 16 6 1 29 12 46 14 35 17 32 19 32 27 34 16 1 38 2 36 4 17 5 38 6 31 7 27 8 44 9 35 10 32 11 44 12 13 13 39 17 43 21 42 26 39 30 43 7 1 32 8 43 18 31 22 40 24 32 26 25 28 42 4 3 11 6 13 9 40 15 26
7 8 10 10 12 12 14 47 19 32 20 28 21 15 23 43 28 39 12 1 29 2 10 6 16 12 28 13 28 20 42 21 44 23 30 24 18 25 42 26 48 27 35 4 4 29 11 44 14 14 20 44 13 4 16 5 33 6 23 8 48 9 44 11 29 12 39 17 41 18 37 21 46 23 38 28 42 29 22 5 18 11 20 15 24 23 26 46 27 24 10 3 33 5 10 7 30 8 27 15 17 17 21 24 26 27 19 28 49 30 29 6 5 12 11 40 15 26 17 38 22 14 26 21
5 6 9 21 21 24 22 17 27 38 28 26 30 35 16 2 50 4 12 6 14 7 26 9 18 10 17 11 11 14 34 17 24 18 14 19 18 23 13 26 43 28 24 29 39 30 16 7 8 28 10 48 12 29 14 18 23 20 24 39 25 28 12 2 36 6 32 8 14 12 23 13 16 14 30 15 48 18 38 19 28 24 26 27 13 28 29 11 3 37 10 22 15 50 16 20 18 40 20 21 22 33 27 13 28 45 29 37 30 25
5 12 7 49 8 37 9 16 10 47 12 42 13 45 16 46 17 28 20 40 23 50 25 47 28 22 7 1 47 6 10 15 27 19 32 26 50 28 22 29 38 9 1 39 6 27 7 31 9 38 11 27 12 31 13 12 15 17 28 22 16 1 48 4 23 5 28 8 41 9 33 10 22 15 33 16 18 17 29 18 26 20 15 23 41 24 37 26 34 28 41 30 47 13 1 42 2 10 5 49 7 26 8 33 10 14 11 43 13 26 17 44 20 38 24 16 25 43 29 35
4 16 4 41 5 17 7 27 12 45 13 10 15 10 17 37 18 18 20 48 21 28 22 28 23 10 24 49 27 26 29 48 30 25 8 3 18 13 10 15 27 19 30 21 36 22 43 24 30 30 42 13 2 11 4 26 5 29 6 33 7 40 9 20 12 14 14 44 16 18 20 27 24 43 25 40 29 45 11 2 42 3 43 5 10 6 49 8 46 13 16 22 32 23 38 24 50 26 11 27 19
5 13 2 24 4 10 5 33 6 28 9 23 13 23 15 13 17 24 20 16 22 38 23 47 26 45 29 36 16 4 29 6 18 8 31 13 38 14 34 15 28 16 18 17 45 18 29 19 25 20 29 21 22 25 27 26 10 27 39 30 33 16 1 45 3 24 5 23 8 32 12 22 13 42 15 38 17 50 19 30 20 19 21 11 22 33 25 19 26 19 28 41 30 33 10 1 32 2 48 11 23 16 18 17 38 19 29 20 34 21 17 26 27 27 38 7 2 46 3 43 5 41 11 41 14 30 17 47 30 47
8 4 10 36 12 15 23 50 29 41 12 3 28 7 27 8 43 11 32 14 15 15 24 17 39 18 49 19 36 22 50 27 28 28 23 13 1 28 2 50 3 25 4 15 7 13 11 33 15 26 17 28 18 47 20 26 21 24 25 41 30 37 5 3 45 9 28 15 24 21 35 23 19 12 3 12 4 36 6 32 8 21 13 29 14 49 15 50 17 38 18 12 25 41 27 41 28 44 10 3 26 8 35 10 12 12 31 14 43 17 34 18 15 21 19 27 35 28 32 18 1 12 2 29 4 41 5 20 6 30 7 48 9 11 10 37 11 23 13 15 14 16 17 42 18 19 19 27 23 21 24 20 25 25 28 11 4 9 31 10 16 13 21 17 41
3 11 5 16 9 45 10 27 13 46 18 50 20 18 21 49 23 49 26 43 27 44 28 21 5 9 46 14 28 19 39 21 40 23 24 11 4 28 8 33 10 18 16 45 17 19 19 47 20 42 22 21 25 16 28 12 30 14
6 12 5 17 6 45 13 26 14 37 15 24 16 32 20 21 21 46 23 22 24 44 25 16 28 24 16 4 13 5 24 8 29 9 40 10 34 11 26 13 17 14 30 17 39 19 43 20 26 21 42 22 47 26 14 27 47 30 48 17 2 30 3 14 5 39 7 39 9 29 10 30 12 48 15 19 16 34 17 14 18 25 20 35 21 43 23 45 24 29 25 11 29 50 17 3 11 4 10 5 24 7 24 11 47 12 21 13 27 14 47 15 43 17 17 19 43 21 18 25 32 26 28 27 10 28 39 30 29 9 2 49 5 16 6 33 14 34 16 27 17 39 21 16 27 48 28 39 13 1 17 4 26 7 18 8 44 9 44 10 35 11 32 12 27 14 27 15 22 16 50 21 12 24 27
3 14 5 14 6 33 8 16 10 13 11 50 12 27 13 37 20 29 22 24 23 14 24 40 25 41 27 15 29 17 4 3 34 14 21 16 29 29 24 5 1 36 2 48 6 34 18 44 20 41
7 16 1 24 2 11 3 20 4 45 7 21 8 41 9 14 12 24 13 36 14 27 15 31 17 11 20 15 25 23 26 45 28 47 17 1 18 2 14 3 49 4 23 5 40 6 10 8 16 12 44 15 50 18 21 19 50 21 43 22 42 24 40 25 38 26 34 30 26 9 11 19 12 47 14 31 15 25 17 39 21 39 23 49 26 43 30 41 18 2 50 3 30 4 33 8 49 9 33 10 38 11 17 12 11 13 46 14 24 15 45 16 45 17 28 18 49 21 32 23 30 24 24 25 48 7 4 18 9 27 18 20 21 40 22 36 25 34 27 33 6 4 49 12 30 13 41 18 29 22 11 23 42 18 1 10 4 15 5 30 6 21 8 39 10 40 11 22 13 20 14 17 16 45 18 33 19 13 22 16 23 20 24 35 27 42 28 30 30 43
6 17 2 17 5 19 8 15 9 40 11 18 12 44 14 10 16 46 18 46 19 42 21 13 22 46 24 24 25 45 27 19 29 46 30 35 11 3 37 5 11 6 33 8 10 10 49 13 24 14 45 17 20 21 40 24 22 28 10 10 2 39 3 25 5 15 6 34 9 47 11 24 12 10 26 34 27 11 30 18 5 13 13 18 46 19 19 27 42 29 19 16 1 11 6 48 8 13 11 35 12 30 14 48 15 42 18 46 19 49 20 16 21 31 22 49 24 13 25 45 26 31 28 43 9 3 42 4 30 10 24 14 21 17 33 18 44 20 44 28 26 30 10
5 4 3 43 5 49 7 17 26 19 6 3 19 14 34 16 16 17 26 22 21 25 50 17 1 27 4 49 5 12 6 49 7 14 9 13 11 28 14 19 15 36 17 37 18 45 20 13 21 31 22 41 23 32 24 30 29 20 6 3 43 10 39 14 40 25 37 27 18 30 12 8 5 33 8 24 10 12 18 20 19 21 20 28 22 44 25 27
7 5 8 13 10 33 14 40 18 34 30 20 9 1 48 2 14 8 33 10 38 16 41 23 19 26 49 28 17 30 45 7 5 10 7 42 20 17 24 43 26 28 29 28 30 20 7 10 47 15 26 16 48 22 13 24 36 26 44 30 41 15 1 50 2 29 6 13 8 42 10 43 13 12 14 22 16 27 18 30 20 18 22 16 23 32 26 47 27 15 30 32 5 5 16 16 15 18 36 19 38 27 43 10 1 24 4 31 10 29 14 49 19 46 21 50 24 36 26 44 28 28 30 14
6 4 4 46 8 37 9 27 30 16 17 1 34 4 47 6 47 7 25 8 19 10 27 12 24 18 38 19 31 20 23 21 19 22 45 23 12 26 25 27 26 28 42 29 10 18 1 11 2 39 3 17 4 26 10 34 13 20 14 19 15 15 17 34 18 32 20 50 21 41 22 29 23 30 25 27 26 17 27 14 28 22 16 1 37 2 36 4 41 5 25 9 20 10 47 12 41 13 42 14 21 15 36 22 19 23 23 24 41 25 46 28 27 30 46 5 3 14 4 38 5 19 19 27 26 49 9 4 41 9 49 12 43 15 24 17 31 18 14 19 19 21 27 26 33
8 14 2 18 7 10 11 12 12 15 16 50 18 24 19 12 20 38 21 38 23 17 25 34 27 12 29 41 30 49 10 2 39 3 17 9 36 10 36 12 47 13 23 14 16 17 14 23 14 27 36 6 8 37 9 24 10 15 16 25 17 40 23 17 7 2 36 9 36 14 34 15 30 18 45 21 22 24 36 18 1 33 2 13 3 23 5 37 7 22 9 23 11 10 13 38 14 26 15 48 17 44 18 50 21 41 22 44 24 44 28 50 29 50 30 23 10 1 42 5 49 6 21 7 33 12 27 14 40 15 41 21 16 22 14 25 13 4 3 27 8 50 12 13 30 10 10 4 13 8 31 9 12 10 25 11 45 13 27 16 24 20 36 28 28 29 35
8 18 2 46 3 44 4 10 5 40 6 40 8 49 13 41 14 10 15 34 16 38 19 15 21 36 22 35 25 12 26 16 27 13 28 27 29 14 9 2 38 5 43 6 21 8 30 20 28 23 32 24 22 25 28 28 23 14 1 22 3 19 5 32 6 13 9 32 11 36 12 35 13 45 15 16 16 31 19 38 20 17 23 18 26 31 10 1 34 5 29 8 41 11 24 14 19 15 30 17 46 18 39 19 31 20 18 5 6 30 9 35 11 25 14 33 22 30 13 1 10 2 12 4 15 7 40 12 46 17 31 18 13 19 30 20 20 21 48 23 12 25 16 29 45 18 1 14 4 22 5 12 6 34 8 49 12 10 13 40 15 17 16 12 17 18 18 11 20 16 22 28 23 29 24 43 25 38 28 41 29 14 11 1 21 6 50 7 33 10 33 11 30 12 19 13 11 17 38 19 12 20 21 21 48
8 12 1 47 4 48 7 26 8 49 9 11 10 29 12 17 13 11 15 18 23 19 24 45 30 26 11 2 11 3 40 9 28 12 24 13 37 17 32 19 46 20 23 21 46 22 32 28 42 18 2 49 3 48 4 16 5 20 6 50 7 19 8 34 9 12 10 39 11 18 13 47 15 27 17 30 19 31 21 40 22 46 26 33 27 34 13 2 24 4 23 5 40 6 46 7 18 8 10 11 38 14 20 16 24 19 46 24 21 25 33 28 45 11 5 29 7 13 10 36 12 44 14 19 15 46 17 15 20 49 21 16 26 40 29 43 5 4 28 12 19 23 16 27 44 30 19 11 4 21 5 18 14 22 15 22 16 29 17 28 19 49 22 46 24 11 26 41 30 20 5 8 49 13 42 17 22 24 40 27 31
8 8 1 35 2 50 9 46 17 46 19 25 22 18 25 27 27 46 16 1 36 4 12 5 33 7 29 8 30 9 33 11 49 13 42 15 30 17 24 18 31 21 41 22 30 25 15 28 44 29 20 13 3 33 4 39 5 17 6 44 7 35 8 22 10 27 11 27 12 41 19 35 22 36 23 34 25 36 4 7 39 22 30 23 36 30 50 17 2 12 3 18 4 14 5 16 6 17 9 22 11 14 12 47 14 13 15 17 16 46 19 42 20 46 24 32 25 20 26 22 28 44 5 3 47 4 20 11 49 14 47 29 34 4 2 30 3 15 6 36 27 42 6 4 33 15 15 16 37 17 14 21 21 25 21
5 8 8 18 9 49 10 35 18 39 24 23 26 33 27 11 29 42 12 6 18 10 36 11 11 12 21 16 12 17 24 19 36 21 34 22 46 23 37 25 19 28 45 6 5 33 11 50 13 50 17 17 22 17 26 32 4 6 27 14 24 27 39 30 36 10 2 27 5 28 6 33 14 18 15 21 18 49 19 22 20 20 23 18 25 28
3 7 1 39 2 32 5 50 6 14 11 36 25 23 28 34 7 11 28 15 44 17 11 19 39 24 43 27 42 30 13 4 19 26 25 15 29 18 30 11
6 15 3 15 4 34 5 35 6 31 8 31 10 40 14 39 15 27 17 37 18 39 19 47 20 24 24 46 29 30 30 47 17 2 46 3 16 5 46 9 12 11 25 13 13 14 18 16 18 19 42 20 26 22 39 24 18 26 18 27 43 28 11 29 24 30 41 13 3 39 5 42 6 46 9 30 12 28 14 42 17 14 20 21 21 24 24 36 25 35 27 37 30 40 10 1 13 3 17 4 12 5 12 10 43 14 42 18 47 23 44 26 50 30 16 15 2 41 5 25 6 39 7 13 8 20 10 34 13 40 15 47 19 19 22 32 23 31 25 18 26 16 27 15 28 36 18 1 11 3 10 4 46 6 11 8 12 11 24 12 42 13 18 14 29 17 18 18 32 20 43 22 44 23 27 24 43 25 17 26 10 30 10
5 17 2 16 3 45 4 28 9 33 10 23 12 45 14 31 16 19 17 10 20 42 21 36 22 47 24 50 25 25 27 10 29 50 30 46 14 2 37 3 41 6 16 8 25 10 47 11 34 12 36 15 31 18 46 20 44 23 41 26 49 27 50 30 14 10 2 36 3 15 11 22 12 46 13 16 15 10 23 31 24 14 26 39 28 27 11 4 20 5 40 9 33 10 49 11 41 12 36 16 19 18 46 21 42 22 33 26 25 10 2 41 5 17 7 30 10 32 14 24 15 14 20 20 22 37 25 23 29 10
8 14 1 35 4 41 6 12 13 43 14 36 15 29 16 13 17 26 19 28 20 36 22 35 24 15 26 33 27 10 15 3 50 5 16 6 42 9 26 11 33 13 26 14 35 15 44 16 37 18 15 20 43 21 50 22 47 25 31 28 43 6 10 13 18 24 23 50 24 36 26 25 27 32 18 2 44 4 18 6 30 7 49 8 37 12 45 13 21 14 46 15 10 16 27 18 47 20 13 22 38 23 25 25 42 27 50 28 21 30 33 10 1 15 3 12 4 37 6 17 12 14 17 21 18 44 23 49 26 39 27 12 10 6 21 7 30 12 11 13 15 15 30 18 22 24 27 25 29 27 28 28 24 15 3 21 6 15 7 23 8 34 10 24 14 11 16 41 17 10 18 45 23 46 24 30 27 49 28 40 29 26 30 22 9 7 46 14 35 16 41 19 50 20 29 22 45 23 50 27 17 30 30
3 15 1 48 4 26 5 10 7 36 12 11 13 30 14 19 16 43 17 19 19 49 21 32 24 12 25 31 28 49 30 40 12 1 41 2 28 3 34 6 36 10 46 13 40 14 23 16 43 21 46 25 49 27 39 28 31 5 14 22 16 41 22 18 24 30 28 49
7 5 5 23 8 32 11 37 26 27 28 13 17 1 24 2 23 3 37 4 28 6 33 7 40 8 46 13 13 16 14 17 25 18 37 21 20 24 33 25 21 26 12 27 10 30 38 6 1 14 11 13 12 29 20 18 21 36 26 17 15 1 26 2 42 5 45 8 46 9 25 11 23 13 19 14 23 19 25 20 20 21 18 22 49 23 49 25 50 27 22 9 3 16 8 21 10 18 12 25 19 49 20 14 25 35 29 24 30 31 17 2 48 5 17 7 25 8 27 10 27 11 44 13 29 15 43 17 34 18 22 22 50 23 48 24 44 27 23 28 11 29 21 30 22 14 2 48 3 46 4 41 7 15 8 33 9 28 12 33 14 45 17 12 19 48 20 22 23 33 28 40 30 13
7 5 1 41 6 17 9 24 12 12 22 25 16 1 44 2 27 5 27 7 30 9 15 10 33 11 27 15 24 18 22 19 44 20 14 21 24 22 20 25 16 27 34 30 40 7 1 23 4 50 7 30 11 41 13 41 14 34 29 15 17 1 42 2 39 3 15 5 18 6 24 8 41 11 35 12 38 16 37 19 44 20 18 22 30 23 23 24 13 25 36 26 34 29 12 18 1 32 2 33 3 36 4 23 5 35 9 44 10 49 12 38 15 34 16 10 17 27 18 16 19 36 23 37 26 44 28 38 29 34 30 31 17 1 20 3 11 4 12 6 50 7 47 9 20 12 46 15 43 18 15 19 24 20 18 21 25 25 19 27 11 28 13 29 35 30 34 8 3 39 4 34 7 48 9 35 11 38 19 21 22 22 25 10
7 12 2 34 3 14 4 42 7 46 11 43 12 26 15 15 17 34 20 49 23 25 27 37 30 48 7 3 24 6 32 18 43 20 25 22 35 23 41 26 42 6 2 46 8 25 9 38 13 11 20 38 23 28 17 1 18 3 44 4 37 7 36 8 37 9 46 11 17 13 12 14 17 16 29 19 34 20 24 22 15 24 13 27 47 28 46 30 13 8 2 30 6 44 8 38 11 44 14 25 19 48 20 39 23 22 4 5 34 13 18 16 10 25 17 4 1 14 3 47 9 44 12 36
8 15 2 45 3 30 4 46 5 25 6 20 7 15 12 38 17 11 19 28 20 16 22 47 25 18 26 28 27 28 30 18 12 2 40 4 18 6 49 7 10 8 10 11 43 14 42 15 28 16 40 18 31 24 39 28 22 6 2 20 4 11 11 16 13 37 17 30 30 38 8 4 26 6 41 11 47 13 17 15 38 19 33 22 11 24 39 8 12 34 15 10 16 23 17 40 18 14 22 12 24 43 30 41 9 3 28 6 11 7 13 8 20 16 49 17 27 26 22 27 14 29 24 8 2 19 3 41 5 36 9 35 11 42 15 43 23 41 27 34 11 7 40 8 39 9 39 16 20 21 14 23 15 24 24 26 35 28 28 29 36 30 10
7 8 4 10 14 48 18 27 21 38 22 24 23 22 26 39 28 21 8 5 10 8 36 12 32 13 37 15 18 16 17 21 19 22 45 12 1 43 4 47 9 39 10 14 11 19 15 30 18 13 19 42 21 40 26 24 27 13 29 49 8 3 45 6 16 17 50 18 30 22 31 24 34 25 15 26 48 8 5 32 8 30 11 40 12 32 14 27 18 28 26 35 28 22 5 4 27 11 20 16 50 21 13 26 19 18 3 38 4 46 5 21 7 46 8 20 10 12 11 21 13 20 16 43 18 48 21 33 22 35 23 43 24 43 26 13 27 12 28 50 29 32
4 13 3 20 6 19 7 26 9 38 10 41 12 17 13 50 16 43 25 50 26 31 27 45 28 44 29 47 9 3 50 5 10 13 32 14 37 16 50 19 38 20 25 26 16 29 41 13 3 31 4 15 5 46 8 27 9 42 11 13 13 28 15 46 16 49 19 50 20 12 29 26 30 13 13 1 13 2 36 5 15 6 13 10 22 12 23 14 12 15 49 18 23 27 49 28 44 29 32 30 50
6 15 5 42 6 31 8 32 9 36 10 32 15 23 16 22 19 39 20 11 21 45 22 32 24 27 25 26 26 48 29 35 16 2 30 3 12 5 17 6 18 7 11 8 19 10 49 11 26 12 17 14 10 15 17 16 42 19 25 25 23 27 18 29 38 18 1 31 2 32 4 17 5 38 6 16 7 18 8 48 9 40 11 44 12 17 13 13 18 10 19 11 21 10 24 29 25 18 28 11 29 38 11 3 45 5 42 6 22 12 20 13 22 15 27 16 38 20 39 24 27 28 31 29 24 18 1 46 2 46 5 41 7 42 8 28 9 13 10 17 11 27 14 48 19 25 22 30 23 36 24 47 25 43 26 40 28 49 29 42 30 43 13 2 12 3 35 5 38 8 31 9 27 14 38 15 31 16 44 20 32 23 41 24 13 25 18 28 16
6 11 3 33 7 42 9 39 12 28 17 41 19 40 21 26 23 38 24 21 28 23 29 17 10 6 17 8 38 11 22 18 35 19 34 20 20 24 38 26 31 29 44 30 49 4 1 14 20 45 22 30 25 19 5 14 20 23 35 25 10 29 22 30 34 4 5 48 14 37 20 14 30 17 13 1 14 4 28 7 36 8 31 10 19 12 19 14 28 19 21 20 31 21 29 22 24 23 34 27 29
8 17 1 16 2 40 3 15 5 36 9 49 10 32 11 41 12 24 13 33 17 37 18 46 19 28 20 10 22 34 23 24 25 43 29 26 6 5 12 10 47 14 49 20 42 24 17 27 21 7 2 29 6 40 11 28 13 43 15 36 28 49 30 43 11 1 28 9 34 10 10 11 47 12 26 14 45 19 30 20 46 21 23 24 16 29 37 6 3 44 17 34 20 48 21 23 23 27 29 11 5 2 29 5 30 15 41 19 18 22 42 9 4 28 5 35 6 25 7 21 11 21 17 18 22 12 26 10 30 40 7 5 48 6 18 12 43 14 36 18 21 21 14 22 23
4 8 2 28 4 21 5 26 15 26 17 28 21 16 25 45 29 37 18 1 14 2 50 4 27 5 23 7 13 8 41 11 25 13 20 14 21 15 33 16 49 19 19 20 33 21 25 22 24 25 24 26 45 28 46 15 1 22 4 23 5 10 6 45 7 22 9 50 12 25 13 27 14 44 21 35 22 49 23 46 24 26 26 30 27 41 12 1 13 4 47 6 28 9 15 10 41 12 22 15 50 16 28 18 42 20 22 26 15 30 47
5 15 2 13 6 35 7 38 8 32 9 12 10 39 11 13 12 27 14 13 15 29 18 19 19 45 21 33 23 25 29 32 5 1 30 12 31 16 40 22 25 30 39 16 5 38 6 18 7 45 9 15 11 14 13 48 14 36 19 37 20 14 22 11 23 12 24 34 26 11 27 10 28 35 30 18 16 2 24 3 31 4 50 5 12 6 50 12 11 13 19 16 15 19 20 21 36 22 50 23 26 24 16 25 34 29 23 30 37 12 1 40 2 50 3 42 4 42 5 24 6 22 12 49 16 49 17 33 21 46 22 31 30 13
5 17 1 31 2 21 3 29 4 47 5 13 6 13 8 12 10 46 11 37 12 43 15 11 16 17 19 50 23 15 26 39 27 37 28 35 10 3 24 4 17 6 35 8 27 10 32 12 14 13 31 15 19 21 47 29 46 12 2 16 3 25 4 47 5 37 12 41 15 19 16 40 19 22 20 44 22 44 29 11 30 23 13 2 10 3 10 4 10 10 49 12 10 19 48 21 20 23 47 24 33 25 35 28 29 29 40 30 28 7 2 30 8 14 15 17 19 20 21 26 26 24 30 44
7 15 1 41 3 43 4 42 6 22 12 34 13 32 17 23 18 24 20 48 22 10 23 48 24 24 25 50 26 42 30 12 16 3 41 4 22 5 21 11 25 15 28 16 38 17 14 18 49 19 48 20 42 21 32 22 25 24 19 26 23 27 44 30 22 9 1 43 2 34 4 33 12 27 13 20 26 40 27 27 29 26 30 22 5 1 29 6 43 16 38 23 30 29 17 9 2 38 4 15 7 37 9 24 11 33 13 43 19 49 20 16 29 14 12 1 35 3 38 5 40 7 50 8 33 9 35 15 16 16 21 17 42 19 12 26 31 30 34 11 4 33 6 32 7 49 13 46 15 10 19 44 20 24 21 29 25 33 27 23 29 50
3 11 5 22 10 41 11 18 12 41 14 31 17 42 20 38 24 36 27 38 28 43 30 21 8 3 13 11 27 13 41 16 22 18 27 19 32 20 36 22 25 6 3 37 4 38 5 19 12 22 20 23 29 28
5 14 3 23 4 40 6 27 7 36 14 14 15 28 17 38 18 23 20 13 22 48 23 33 24 26 25 47 26 35 15 2 26 4 16 8 12 10 31 14 45 16 27 19 26 20 34 21 27 23 45 24 42 25 12 27 40 29 48 30 37 12 3 16 5 27 8 33 11 10 13 45 14 33 15 47 16 23 21 43 28 36 29 26 30 24 15 1 13 4 34 5 40 7 24 9 21 11 37 12 33 13 19 15 28 17 26 18 23 20 41 26 21 27 39 30 36 8 4 10 8 21 14 10 16 36 18 12 20 32 26 30 29 49
3 9 4 19 5 42 7 11 11 28 14 39 19 48 21 35 25 34 26 44 8 3 43 6 38 9 46 14 19 15 50 19 32 24 15 27 45 13 4 13 7 40 8 35 10 42 15 45 20 30 22 29 24 34 25 24 26 11 28 27 29 31 30 25
6 13 1 28 3 17 9 38 10 27 12 26 13 16 15 18 16 18 17 45 20 35 27 15 29 11 30 20 13 2 22 3 37 5 13 7 42 8 11 9 49 10 45 13 18 15 28 19 16 20 41 22 18 26 27 9 6 10 12 19 17 33 22 42 25 10 26 44 27 29 28 34 29 33 10 5 36 6 10 7 38 8 36 11 22 18 31 24 28 25 45 26 12 29 40 17 1 27 3 24 4 34 6 18 7 44 10 19 11 22 12 41 14 44 15 25 17 33 18 43 19 26 25 43 26 26 29 37 30 46 11 2 33 4 43 5 20 6 38 8 24 10 40 16 11 22 37 26 22 28 13 29 38
3 10 7 33 8 36 9 34 11 29 14 16 21 14 23 23 24 41 28 26 29 32 8 1 35 2 21 15 30 17 44 19 25 20 27 22 13 23 16 17 1 37 4 24 7 32 8 37 9 21 11 27 13 27 17 13 18 47 20 40 21 28 23 14 24 31 25 43 26 21 27 20 30 15
6 11 2 44 3 23 8 39 10 24 11 38 12 25 13 47 18 17 19 19 22 30 29 34 12 1 46 2 17 3 24 5 47 9 49 12 24 14 40 17 28 20 14 27 25 29 45 30 48 8 3 50 13 41 14 34 19 28 21 30 26 36 27 46 29 15 12 1 41 4 44 5 31 8 29 9 38 10 31 14 15 15 42 18 21 22 38 23 10 25 19 16 2 21 4 41 8 32 10 24 11 30 13 36 14 35 15 40 17 19 19 44 21 38 22 29 23 10 24 37 25 21 30 35 12 5 36 6 36 8 10 10 49 14 12 16 18 17 13 18 41 20 39 22 29 26 27 30 19
4 16 1 49 2 46 3 48 4 15 5 44 7 23 11 47 12 39 16 39 18 29 19 21 21 27 23 49 24 14 29 30 30 28 5 11 17 14 41 20 12 24 43 30 49 7 14 29 19 36 21 44 26 41 27 32 28 35 30 35 8 4 32 6 49 10 38 11 22 16 13 19 30 25 19 29 46
4 15 4 26 5 18 7 43 10 14 11 39 13 35 14 19 15 10 16 11 19 18 22 14 23 32 24 14 25 12 29 50 4 7 20 12 11 17 30 29 21 4 1 42 18 10 22 26 27 36 6 3 17 9 41 11 24 22 32 26 21 28 26
8 7 5 20 11 37 13 34 14 21 19 17 21 43 27 24 12 3 18 6 30 8 17 9 12 10 27 18 25 21 48 22 18 23 47 25 10 27 18 29 12 7 1 12 3 28 6 30 8 33 13 14 23 28 30 38 15 3 35 4 47 5 10 6 13 7 28 8 43 11 25 12 23 13 24 15 34 18 27 19 39 23 17 25 10 26 16 13 2 33 3 19 7 32 8 25 12 22 13 41 14 26 15 36 16 40 18 10 23 41 25 39 28 50 17 4 32 5 50 6 50 7 39 8 25 9 39 10 27 12 14 13 14 14 22 16 29 18 44 20 45 25 30 28 14 29 26 30 15 16 3 48 4 41 9 20 10 20 12 22 14 25 17 29 18 45 20 35 21 11 23 25 24 42 25 32 27 49 29 29 30 15 8 2 10 7 34 8 22 13 30 17 21 20 13 26 10 30 33
8 7 3 44 7 49 9 29 10 12 13 25 25 10 29 30 11 1 19 4 32 8 17 10 22 12 35 14 41 15 14 17 16 22 50 25 41 26 50 16 1 50 2 47 5 38 6 44 7 19 8 15 9 16 11 44 14 29 18 48 20 46 22 16 23 47 25 34 28 31 30 48 5 3 47 18 36 20 49 27 46 30 17 14 1 47 4 40 6 38 7 36 8 40 10 25 11 25 14 49 15 24 20 46 23 22 24 38 26 18 28 45 7 1 20 13 47 16 14 20 44 21 37 23 36 27 33 14 1 29 3 22 4 12 5 22 6 44 7 14 10 22 13 31 19 35 23 33 24 17 26 11 28 24 29 22 7 3 40 11 25 18 30 20 28 21 17 24 35 26 34
7 14 2 32 5 14 7 32 8 14 10 41 17 24 19 45 20 12 21 36 23 41 25 38 26 36 28 50 30 26 5 6 20 12 26 17 32 24 22 29 38 13 4 20 6 39 7 20 8 36 9 46 10 41 17 28 18 38 19 47 21 18 24 28 26 23 27 49 4 1 12 2 20 20 22 23 20 7 7 35 9 46 10 34 18 15 24 17 27 42 28 19 8 2 27 3 29 17 26 18 50 20 32 21 49 27 32 28 30 18 1 30 3 44 4 21 5 27 6 25 8 10 10 38 11 19 14 33 15 42 16 34 18 41 21 11 23 33 26 22 28 28 29 28 30 43
5 10 8 39 9 15 12 46 13 22 19 26 20 36 21 37 24 14 29 10 30 48 8 6 43 8 37 14 50 23 38 25 38 27 21 28 34 30 19 5 4 48 12 31 17 45 20 42 21 46 10 1 10 2 30 6 29 12 21 18 45 20 31 21 38 23 25 28 29 30 42 13 1 26 4 32 5 35 7 42 10 31 11 11 12 38 17 12 20 34 21 25 22 22 24 42 29 34
7 18 1 21 5 11 9 31 10 45 11 17 13 24 14 35 15 37 17 21 18 44 21 27 22 34 24 48 25 17 26 11 27 20 29 41 30 36 9 4 12 5 44 6 18 7 36 8 34 9 16 12 48 20 24 30 14 8 8 12 9 21 12 26 16 17 20 48 23 48 24 22 25 36 14 3 40 4 32 8 49 10 16 11 27 12 38 13 11 15 18 16 32 18 14 21 12 22 43 23 30 25 27 11 3 31 7 45 10 43 14 20 16 41 19 25 22 23 23 36 26 23 27 32 29 30 6 1 26 4 10 6 28 17 48 25 41 26 15 9 1 20 4 50 15 27 19 29 20 46 23 33 25 26 26 22 27 24
6 9 3 39 5 30 6 14 7 48 9 45 10 34 15 29 21 19 24 32 6 2 32 8 24 13 30 17 50 19 43 27 38 7 2 37 6 37 7 43 18 28 23 33 26 41 28 26 15 2 19 4 50 5 49 9 18 10 24 11 28 12 35 13 32 15 18 18 10 24 49 27 37 28 13 29 29 30 10 9 11 28 12 26 13 28 18 14 19 23 23 39 25 44 29 46 30 14 9 5 30 9 14 10 33 12 23 13 36 21 28 22 21 24 41 30 49
7 10 2 45 4 29 6 34 12 37 15 17 18 13 19 14 26 13 27 45 29 26 7 4 39 7 29 9 37 12 27 20 29 23 16 27 18 14 2 48 6 48 7 18 9 23 12 21 16 32 18 17 20 36 23 45 24 32 26 21 27 28 28 37 30 26 8 2 49 3 41 4 26 7 49 10 31 20 36 24 15 26 20 5 1 18 7 35 16 44 25 15 26 38 6 1 11 6 36 8 40 12 48 17 21 19 16 18 2 20 3 13 4 35 5 31 9 21 11 24 12 21 13 13 14 45 16 17 17 43 18 28 19 16 20 13 22 26 24 23 25 18 27 35
3 11 2 28 3 37 5 47 12 20 17 34 18 47 21 29 23 41 24 37 29 29 30 17 5 1 15 10 33 13 34 14 49 20 11 5 7 26 8 45 11 15 14 24 30 29
6 17 2 29 4 27 5 26 8 28 11 42 12 40 13 37 14 22 16 42 18 33 19 26 21 18 22 10 23 30 24 32 27 23 29 25 18 1 41 4 35 5 34 6 22 7 49 9 19 10 40 11 48 17 24 18 17 19 38 20 43 21 18 24 21 26 46 27 20 28 39 30 33 18 3 16 4 23 6 15 8 43 9 33 11 25 13 10 15 30 17 44 18 49 20 36 21 32 22 40 25 33 26 18 27 27 28 21 29 48 4 1 18 19 49 23 34 26 28 9 3 33 12 43 13 39 20 10 22 46 25 36 26 46 28 29 30 21 10 5 37 13 50 14 34 15 41 16 49 22 16 23 34 24 34 27 26 30 13
8 18 2 11 3 12 7 25 10 28 12 37 14 24 16 47 20 37 21 45 22 31 23 48 24 12 25 18 26 45 27 46 28 50 29 14 30 50 12 3 21 5 27 6 42 10 14 12 38 13 21 15 35 19 35 26 44 27 37 28 25 30 33 18 3 39 6 15 8 15 12 36 13 50 15 20 16 16 17 37 18 10 20 49 21 43 22 18 23 19 24 46 26 41 27 46 28 49 29 34 18 2 12 3 17 5 36 6 41 7 38 8 40 9 10 10 14 13 33 14 37 15 35 17 37 18 37 23 32 24 31 25 23 27 22 28 28 14 2 28 3 23 6 35 9 40 10 37 15 27 16 16 17 49 19 43 20 15 24 21 26 43 27 44 29 38 12 1 23 6 38 7 29 11 21 13 23 17 12 19 44 20 32 23 49 25 43 26 10 29 38 5 11 17 18 14 19 19 21 41 27 20 17 1 22 3 12 4 35 7 34 8 25 10 40 11 20 12 47 13 25 15 24 20 18 22 15 23 17 25 46 26 47 27 23 28 18
4 16 2 36 3 28 4 21 8 37 10 13 11 26 13 37 15 30 18 35 20 27 21 14 24 27 25 17 27 26 28 21 30 42 14 4 20 6 48 12 10 13 23 16 15 17 28 20 18 21 46 23 22 24 47 25 17 27 50 29 11 30 34 18 3 21 7 35 8 26 9 25 11 48 13 49 14 33 15 42 16 20 18 24 19 42 20 29 22 12 24 40 26 35 27 48 29 39 30 18 11 1 17 6 22 8 40 10 35 11 10 16 12 17 33 21 32 22 14 24 43 28 39
8 14 3 33 4 31 5 20 6 40 7 46 8 40 10 47 14 42 18 15 24 29 25 11 27 13 28 16 29 32 10 5 43 7 38 9 15 12 31 15 25 16 29 20 14 21 19 28 19 29 20 9 2 37 8 44 12 43 14 11 20 21 22 36 23 35 25 42 26 23 5 2 37 3 25 17 41 22 28 25 21 18 2 41 3 11 4 30 5 31 6 27 7 43 8 33 9 32 12 44 14 16 15 44 16 16 18 13 20 20 22 33 23 29 28 35 30 10 5 12 23 13 40 25 27 28 31 29 12 11 5 49 6 27 9 42 10 33 13 23 15 28 18 23 19 39 22 45 27 44 30 50 12 3 12 5 34 11 36 15 14 18 16 19 32 21 45 24 25 25 43 26 39 29 50 30 44
5 7 4 41 6 10 14 36 16 29 21 49 24 20 28 39 9 2 27 9 24 16 21 19 12 23 44 25 20 26 28 29 36 30 22 7 5 47 9 10 17 47 23 15 24 42 25 11 28 13 12 1 42 4 25 5 30 8 30 9 24 10 18 11 44 14 35 15 50 21 48 24 13 25 15 14 1 22 6 50 7 40 8 33 9 42 10 26 12 35 15 15 16 39 17 17 19 24 22 13 28 37 30 27
6 10 2 42 5 29 6 28 12 28 15 22 20 26 22 28 23 47 24 30 27 12 17 1 19 2 24 4 26 5 45 6 13 12 19 14 28 15 26 16 27 17 36 19 10 21 14 22 17 24 10 25 21 26 19 30 27 9 2 13 3 31 7 27 8 50 11 13 12 47 15 37 16 19 19 45 7 4 26 8 18 9 22 21 42 22 45 24 39 29 30 15 1 26 2 50 3 12 5 49 7 28 8 15 11 50 12 23 18 33 19 10 21 44 25 33 26 39 27 48 30 38 6 1 23 3 47 6 19 10 49 14 30 25 41
6 13 1 19 4 25 5 27 6 45 7 11 10 50 11 39 16 26 21 19 22 23 23 50 26 27 27 25 10 1 13 6 32 9 42 13 29 15 15 21 39 22 33 25 39 28 38 29 42 4 1 48 2 29 6 34 19 47 12 1 29 6 30 10 29 11 27 12 34 16 36 18 14 22 47 23 40 26 10 27 14 28 18 15 2 14 3 32 4 14 10 23 13 25 15 48 16 10 18 15 19 38 20 44 23 29 24 22 25 10 27 36 29 15 7 1 39 3 35 7 28 12 47 19 24 21 46 27 16
3 6 1 26 8 29 13 36 21 31 24 46 25 12 18 1 46 2 45 6 21 7 49 8 46 11 17 12 18 15 44 16 35 17 12 18 31 20 33 21 28 25 11 27 34 28 50 29 15 30 46 16 1 24 2 22 7 11 8 34 10 43 11 15 14 17 16 41 17 35 18 36 19 22 20 34 21 19 22 22 24 11 25 27
5 10 6 11 11 37 12 37 15 33 16 22 18 34 24 14 26 36 28 16 29 32 17 2 50 3 13 7 32 8 39 10 10 11 41 12 19 14 19 15 28 17 43 18 26 19 23 21 17 27 43 28 45 29 38 30 49 18 1 39 4 49 6 27 7 26 10 24 11 26 12 31 14 39 15 29 17 11 18 33 19 41 23 30 25 45 26 42 27 46 28 34 30 20 5 5 39 14 37 20 14 21 39 25 48 17 2 14 6 28 10 50 11 43 13 16 15 34 16 19 17 40 19 28 20 47 21 20 22 40 24 13 26 23 28 44 29 33 30 12
4 5 1 21 7 23 10 50 25 48 26 18 9 1 17 4 12 5 42 11 28 13 10 18 31 19 39 22 39 30 32 11 1 43 7 35 10 46 12 37 13 38 15 11 18 38 25 33 26 18 27 27 30 18 16 2 48 3 30 5 30 6 14 8 34 10 37 12 43 14 46 17 27 20 40 22 32 23 50 24 21 25 49 28 27 29 24
6 6 3 21 8 25 9 17 11 43 23 23 24 42 4 21 21 22 34 23 36 30 44 6 3 23 10 21 15 23 18 50 24 48 26 16 9 5 24 10 14 18 23 19 47 20 50 21 45 24 44 28 17 29 38 18 1 15 2 10 4 27 5 40 8 16 9 43 11 31 14 33 16 44 18 26 19 44 21 50 23 30 24 18 25 33 27 44 28 16 29 24 14 3 41 4 37 5 27 6 40 10 39 11 50 12 13 15 40 17 40 18 41 20 39 23 48 24 34 29 38
6 12 4 14 7 19 12 46 14 45 15 43 20 38 21 17 22 48 23 45 24 33 28 33 30 37 9 1 42 3 17 5 30 12 35 14 40 17 13 18 19 19 43 21 32 10 1 18 3 50 14 25 15 26 17 48 21 19 22 23 26 10 27 37 29 49 9 4 13 11 36 12 15 15 43 19 43 21 20 25 22 26 38 30 37 7 1 26 5 16 9 19 10 31 11 30 22 11 23 38 12 2 35 3 21 8 16 9 19 10 48 15 43 19 19 23 22 24 21 25 50 27 43 28 17
3 5 8 32 10 36 17 24 24 11 29 32 10 3 44 10 46 12 13 17 21 20 38 22 22 23 34 24 13 25 20 29 28 9 4 34 5 48 7 10 8 11 11 10 14 31 15 40 22 48 28 23
69 90 55 59 91 97 131 86 57 89 75 71 65 87 77 86 118 59 82 98 45 114 108 107 38 152 58 53 79 80 103 99 72 68 131 61 86 56 73 155 51 81 36 84 105 81 126 103 145 153 104 96 91 39 116 86 153 38 85 136 89 108 139 70 82 113 150 64 74 85 104 41 93 59 106 47 82 63 72 107 129 127 92 99 97 122 55 92 128 76 128 67 109 104 59 68 76 112 110 55
1 3 1 2 2 1 2 3 3 2 3 1 1 1 3 3 3 1 3 2 2 1 3 3 1 3 3 2 1 2
# Instance ID: 86
# Total operations: 556
# Actual flexibility: 0.366
# Generated: 2026-02-14 14:26:23
# Format: Extended Brandimarte for MOFJSP (Comparison Dataset)