100 30
5 13 1 38 3 23 4 45 5 44 6 41 10 28 12 15 13 30 17 21 22 47 23 19 28 33 30 48 5 1 15 2 18 7 50 8 25 24 26 7 2 21 7 35 10 27 12 13 17 46 21 49 24 17 16 1 45 7 40 9 19 10 49 11 41 12 40 13 18 14 48 15 23 16 15 19 46 20 18 25 47 27 14 29 42 30 18 18 2 30 3 37 4 41 5 30 6 38 7 30 8 15 10 35 11 22 15 43 16 49 17 45 21 24 22 45 24 31 25 45 27 16 29 14
6 4 3 23 4 17 17 22 21 15 13 2 20 3 17 4 10 5 27 6 24 7 26 11 37 15 47 17 30 18 47 19 14 23 43 28 18 7 4 43 10 48 11 24 14 17 15 28 23 10 30 43 11 4 11 7 20 10 25 11 26 12 34 16 28 18 50 20 19 27 18 28 47 29 34 5 2 10 7 49 15 15 16 10 25 26 11 3 16 4 43 14 37 16 40 17 19 21 43 22 29 23 11 24 32 25 13 27 26
5 18 2 26 3 42 5 48 6 24 9 29 10 40 11 39 13 47 14 34 15 14 18 35 19 49 21 20 24 11 25 45 26 40 27 47 29 34 9 5 39 6 11 9 40 12 19 13 45 16 47 19 47 24 34 27 35 9 2 30 4 16 6 38 8 28 9 19 14 45 16 21 28 20 30 17 13 3 41 4 49 16 36 17 37 18 45 21 44 22 21 24 12 25 31 27 41 28 18 29 41 30 17 8 1 27 2 12 4 13 7 19 8 15 15 43 26 12 30 19
5 8 1 17 2 32 8 37 11 42 12 50 17 48 24 19 28 24 16 1 31 2 36 3 12 4 12 6 29 10 36 12 22 13 22 14 17 15 40 18 29 19 28 21 32 23 48 24 49 26 29 8 1 30 4 29 13 19 15 21 24 48 28 22 29 15 30 41 17 6 35 7 19 8 50 10 28 11 28 12 24 14 42 16 36 17 24 18 24 20 21 21 29 22 20 24 33 25 14 27 41 30 10 4 8 46 13 48 25 29 28 44
3 17 2 37 3 22 5 29 6 33 7 40 8 12 9 28 10 42 12 29 14 12 15 49 17 47 21 42 23 14 27 28 29 45 30 28 15 1 21 3 43 6 33 7 42 15 10 16 17 17 38 18 21 19 28 20 29 22 45 24 15 25 10 26 31 28 20 7 7 21 8 12 16 44 20 32 24 15 25 36 30 20
6 14 1 49 3 42 5 22 6 49 7 49 9 24 17 38 18 12 19 39 20 26 21 21 24 47 27 36 29 37 10 2 16 4 30 8 33 12 40 15 47 17 43 18 24 19 28 23 28 24 40 13 7 29 8 16 14 18 16 37 17 19 18 44 19 22 20 42 21 30 24 40 27 48 28 29 30 25 17 1 37 2 42 3 20 4 27 6 23 8 32 9 11 10 48 18 27 19 38 20 26 22 36 23 11 25 40 26 22 28 11 29 24 18 1 35 2 48 4 18 7 19 9 18 10 44 11 36 12 21 13 36 14 19 15 38 18 34 19 28 20 26 24 26 26 48 27 11 30 35 17 1 10 2 50 7 44 8 32 9 43 11 46 12 41 14 40 15 50 17 29 19 17 21 34 22 30 23 40 25 35 26 46 28 47
8 9 1 49 6 41 9 48 10 40 15 40 23 24 25 15 27 13 28 13 4 4 21 9 35 11 11 27 30 7 1 20 3 47 4 37 6 17 11 23 17 28 28 21 10 2 21 4 29 6 13 8 11 11 33 12 37 14 33 18 35 25 41 29 36 15 2 24 4 36 7 26 13 45 14 27 15 50 18 34 19 24 20 46 21 17 23 40 25 47 28 32 29 40 30 50 12 2 38 6 18 9 24 10 39 13 23 19 23 20 45 24 50 25 32 26 28 27 18 29 19 12 1 38 2 34 7 46 12 25 14 29 15 43 19 12 20 27 23 39 24 18 26 20 30 25 16 6 27 7 20 9 15 10 45 13 36 16 47 18 43 19 12 21 50 22 42 25 47 26 33 27 47 28 27 29 45 30 34
7 5 5 32 6 29 23 29 25 22 29 43 15 2 29 3 19 4 27 6 21 10 27 11 33 18 47 19 23 21 41 22 24 23 22 24 12 25 10 27 33 28 34 12 2 44 3 28 7 14 8 24 12 44 14 37 15 24 23 25 24 34 25 50 26 12 28 11 6 3 37 5 41 8 45 10 37 12 38 20 45 17 2 23 3 27 4 24 5 50 6 35 8 39 12 20 13 39 15 37 17 41 18 34 19 40 25 41 26 37 27 47 28 19 29 18 12 1 20 2 15 4 14 5 31 9 21 11 23 16 20 17 29 19 36 22 21 26 23 29 49 15 3 21 8 43 10 13 12 28 16 26 18 13 19 18 23 42 24 35 25 43 26 17 27 37 28 31 29 33 30 25
3 7 1 28 9 13 11 15 12 43 14 44 17 34 27 17 4 10 50 12 49 24 50 30 32 5 3 42 6 37 15 30 17 20 22 24
3 14 4 23 5 37 7 33 8 40 9 39 15 13 17 18 18 49 19 36 23 44 24 29 25 28 27 17 28 50 5 5 33 9 35 27 31 29 24 30 43 14 1 12 6 35 8 28 9 46 11 32 13 41 14 28 15 47 16 32 17 46 21 20 27 12 28 39 29 41
8 4 7 41 12 20 25 11 28 34 11 3 25 4 31 11 16 12 24 13 50 14 28 22 10 24 44 26 23 27 48 28 34 17 3 17 4 41 7 20 9 14 10 11 11 35 12 21 14 13 16 44 18 43 19 25 21 13 24 49 27 41 28 17 29 45 30 41 4 8 41 15 41 21 42 29 10 4 8 32 12 39 21 27 23 12 10 5 12 11 34 14 16 15 18 19 28 21 19 22 28 23 23 24 21 30 27 11 3 34 4 19 6 36 13 29 14 37 15 37 18 30 19 11 22 41 29 36 30 47 4 10 50 13 25 21 23 23 30
6 15 1 46 4 32 6 20 7 17 11 46 15 40 17 42 19 28 24 43 25 17 26 44 27 11 28 19 29 49 30 25 5 16 42 19 34 22 38 26 36 30 21 8 8 45 10 46 11 33 12 16 17 48 18 20 24 16 25 34 16 1 31 2 36 5 16 6 13 7 16 10 16 12 23 13 49 14 16 16 50 17 48 19 30 21 25 22 33 25 10 28 50 13 4 19 5 18 6 35 8 20 9 11 10 46 11 44 12 41 13 37 19 27 25 39 26 23 29 32 14 1 26 2 14 8 42 9 27 10 39 13 11 15 22 16 37 20 39 23 43 25 23 26 43 27 44 28 34
6 12 1 14 2 14 4 20 7 33 12 19 13 30 15 41 18 45 20 46 21 38 22 22 24 31 10 4 46 7 38 14 20 16 27 17 31 18 43 27 21 28 25 29 34 30 26 6 4 47 12 40 17 15 20 46 22 16 24 40 8 5 10 7 49 10 46 12 33 19 39 21 33 24 41 28 26 9 2 42 6 25 7 28 9 42 14 32 16 29 18 42 20 40 21 10 15 6 45 7 18 8 24 11 50 13 32 14 46 16 18 17 27 18 48 19 38 21 22 23 11 24 41 28 30 29 11
5 13 2 29 4 30 6 24 10 44 12 25 13 46 15 43 16 31 21 40 24 31 25 39 26 13 30 19 16 1 44 2 18 4 41 6 31 7 42 8 29 9 43 11 20 13 40 15 23 20 43 21 23 23 33 24 20 27 28 29 42 8 1 33 2 37 5 12 7 50 17 46 18 21 22 38 26 44 9 2 38 5 28 6 47 12 16 20 20 22 47 24 39 25 42 30 26 8 7 28 10 44 12 41 14 21 19 48 26 22 29 43 30 19
8 5 18 35 22 40 24 31 25 10 28 46 7 7 38 16 30 18 32 24 48 26 36 28 12 29 18 9 3 49 5 19 8 17 9 19 10 22 20 48 21 49 23 35 29 45 6 2 10 12 20 17 50 21 17 23 13 25 26 6 2 19 7 45 9 11 13 31 29 49 30 49 15 1 18 2 47 3 38 4 15 8 26 13 27 14 30 15 13 17 30 18 12 20 24 21 16 22 50 26 10 27 46 14 2 18 3 20 4 19 7 12 9 31 11 50 16 49 18 42 19 41 22 20 23 37 24 33 27 37 30 24 11 7 39 8 40 11 12 12 38 13 12 14 28 19 45 23 19 24 28 27 39 29 18
8 18 1 47 2 45 3 20 7 30 8 29 10 12 13 19 15 46 16 18 17 35 19 29 22 28 23 45 24 43 26 12 28 50 29 46 30 21 5 10 38 18 24 21 45 24 35 30 27 13 1 43 3 18 8 23 9 19 12 34 16 50 18 35 20 36 22 44 23 26 26 24 29 40 30 27 6 3 15 6 29 10 27 18 50 22 25 25 33 11 2 21 4 11 5 33 9 47 10 17 13 31 15 26 16 17 18 11 20 44 23 15 12 2 18 3 33 4 23 11 48 16 29 18 42 20 11 23 37 25 36 26 26 27 35 28 23 8 2 27 5 18 6 16 9 17 11 48 15 31 17 29 21 47 7 1 26 4 25 5 27 7 29 14 42 16 21 25 43
6 16 1 30 4 46 5 13 8 48 9 13 11 40 12 28 14 21 15 31 17 35 18 41 20 22 25 22 26 18 29 43 30 22 15 1 37 3 10 5 49 6 23 10 19 11 14 12 32 13 26 14 16 18 46 19 40 24 42 26 25 28 47 29 32 13 1 31 2 31 6 29 11 42 16 40 17 49 18 16 19 40 20 12 22 21 23 13 25 23 27 17 18 1 16 5 45 7 13 8 47 9 30 10 18 11 23 12 11 14 25 15 12 16 16 17 14 21 29 23 27 24 49 25 24 27 37 29 10 16 3 44 4 19 5 36 6 44 10 14 11 47 13 34 14 34 16 39 19 12 23 17 24 37 25 34 27 29 29 24 30 10 15 2 36 4 36 7 19 8 11 12 24 13 16 15 48 17 31 18 25 19 49 21 49 22 14 25 38 28 10 30 31
5 17 1 31 2 41 3 50 5 17 7 17 10 48 12 20 14 19 16 30 19 31 20 29 21 15 24 23 25 41 27 24 28 13 29 35 12 2 43 4 49 7 17 8 12 9 25 11 27 13 32 14 47 15 48 16 36 18 20 19 29 12 3 15 7 24 11 49 12 18 18 17 19 42 20 35 22 16 23 43 27 17 29 35 30 10 5 4 16 12 32 24 18 25 13 29 21 18 1 38 3 22 4 19 6 49 9 28 11 47 12 17 13 34 14 47 16 41 17 12 18 12 19 19 20 40 22 41 26 31 29 47 30 32
3 5 3 17 5 40 13 36 19 11 20 12 8 3 21 4 46 6 17 7 24 10 39 11 18 12 19 20 35 4 5 24 8 14 16 35 25 49
4 13 4 26 6 38 10 40 11 32 13 47 14 26 18 21 19 12 20 25 26 33 27 11 28 40 29 24 5 1 35 2 32 6 29 7 30 15 10 10 2 36 4 44 6 25 7 16 8 38 11 43 14 15 18 38 24 41 30 16 14 2 44 6 13 7 47 8 12 10 27 11 28 12 48 14 37 16 20 18 20 22 14 23 19 28 13 30 24
7 6 4 42 10 35 12 40 19 24 21 36 27 50 12 4 37 7 41 8 21 10 26 12 12 16 36 20 10 21 44 22 49 24 18 27 37 28 34 7 2 49 4 15 6 36 9 10 18 23 23 50 24 29 16 1 25 4 36 6 34 7 20 9 29 10 19 13 40 14 24 15 42 16 25 20 50 21 35 24 21 26 26 29 10 30 21 5 12 41 14 43 15 39 21 46 28 29 7 10 34 11 42 14 44 20 32 21 10 28 42 29 35 15 1 12 4 14 7 21 8 39 9 34 10 16 12 45 19 11 21 28 22 19 23 37 25 17 26 25 27 36 30 22
3 8 5 45 10 35 11 39 15 14 18 33 23 34 24 10 29 21 8 7 12 10 36 13 14 22 10 23 17 24 24 25 45 30 34 12 1 32 2 22 4 36 8 42 10 29 17 26 18 43 19 22 20 46 22 11 25 44 28 44
6 7 1 43 4 10 5 49 15 24 17 37 19 28 26 13 9 6 30 8 15 9 23 11 46 12 32 17 22 20 19 22 26 29 19 16 1 12 2 28 4 10 6 43 7 26 10 43 12 23 13 37 15 44 21 24 23 16 24 33 26 44 27 26 28 28 30 26 16 1 41 3 29 5 15 6 48 8 45 11 18 12 46 13 17 14 18 16 43 18 47 20 24 26 26 27 50 28 15 30 23 12 5 40 6 32 8 24 10 16 12 25 16 27 17 46 18 46 20 37 26 34 29 39 30 26 7 1 38 13 25 15 27 23 50 24 41 27 40 29 41
7 17 1 50 6 27 7 48 8 12 11 26 12 15 13 50 14 27 17 49 18 47 19 27 21 10 23 44 27 28 28 26 29 45 30 37 15 4 10 5 13 6 27 8 19 9 29 10 23 14 28 18 12 21 23 22 20 23 23 26 16 28 37 29 42 30 43 17 1 41 2 26 6 11 7 45 10 15 11 26 12 50 13 36 14 33 15 17 16 41 17 18 20 50 21 33 22 35 23 48 29 40 12 1 41 8 41 9 27 14 20 15 47 16 47 17 48 18 33 20 30 24 15 25 36 29 11 4 1 25 13 38 19 32 29 11 17 1 17 3 37 4 27 5 30 8 25 12 27 13 24 14 28 15 13 16 23 19 24 21 34 23 28 24 38 25 27 26 41 29 33 17 2 32 3 48 6 42 7 33 10 32 11 47 13 18 15 25 16 50 17 29 21 49 22 36 26 42 27 16 28 42 29 40 30 34
4 13 1 44 6 31 7 40 8 48 9 43 14 34 17 29 19 44 22 32 23 32 27 16 28 30 29 32 8 1 40 6 21 8 23 9 35 13 17 15 19 19 38 20 46 7 3 31 7 45 9 27 14 18 15 28 23 28 30 26 7 2 14 3 40 11 46 12 45 13 42 20 47 23 47
4 7 6 34 7 47 8 21 14 32 18 38 19 11 21 39 16 1 43 2 35 4 26 7 32 8 43 11 44 15 14 16 30 17 14 20 40 21 28 22 37 24 31 25 32 26 17 28 24 9 5 27 6 31 9 10 12 26 14 43 16 36 18 14 19 37 20 28 9 2 16 5 41 10 39 14 19 15 13 18 15 24 29 27 31 30 37
5 12 1 41 3 27 5 37 7 44 9 32 11 15 13 34 15 32 17 32 18 21 20 28 26 44 6 1 20 5 46 11 30 18 21 20 16 29 21 16 1 18 2 20 3 47 5 33 6 49 8 34 9 41 11 41 16 19 17 12 20 17 21 20 22 13 25 30 27 40 30 45 18 1 40 3 23 5 21 7 23 8 13 9 34 10 14 11 12 14 27 18 40 21 26 22 25 24 45 25 32 26 25 27 23 28 29 30 12 9 2 43 3 48 7 41 8 47 12 44 14 48 20 38 22 33 28 15
7 14 2 40 3 48 4 50 10 32 11 27 16 35 18 46 19 33 21 35 24 18 26 20 28 24 29 27 30 44 4 7 44 16 17 19 42 30 37 6 3 37 10 35 18 37 19 20 26 25 27 38 8 3 16 4 24 8 11 13 25 14 13 15 25 21 21 28 38 5 3 43 11 37 15 26 20 24 21 16 7 2 13 3 43 9 40 11 47 17 41 20 45 28 45 18 1 28 4 15 5 23 6 27 7 44 8 18 11 21 13 42 14 25 16 41 20 21 22 15 23 16 24 40 26 34 27 44 28 10 29 47
5 6 6 18 13 17 17 45 23 41 29 42 30 27 6 3 48 6 24 17 22 18 11 23 17 24 41 11 1 33 3 13 5 15 9 33 12 45 13 15 15 33 19 38 25 37 26 14 28 20 12 1 49 4 27 5 41 7 45 10 17 12 37 13 28 19 44 20 20 24 17 26 20 28 36 15 1 34 4 34 6 35 7 34 8 41 9 43 11 29 12 32 14 20 15 25 16 18 22 24 23 37 29 45 30 16
3 7 2 30 5 50 9 40 17 15 20 38 21 13 27 16 9 1 43 6 13 9 12 13 44 14 49 18 30 21 10 23 35 27 28 15 1 12 2 46 3 13 4 35 6 19 7 13 9 15 15 21 19 30 20 21 21 36 24 42 26 25 27 16 28 31
8 8 2 19 9 15 12 23 17 33 24 47 25 30 28 26 29 37 11 2 38 3 39 4 40 5 23 6 15 7 32 8 34 17 39 24 20 29 13 30 49 13 1 35 2 13 6 25 9 33 14 17 15 50 17 25 21 21 23 22 24 20 28 43 29 24 30 24 9 11 45 12 20 13 14 19 35 20 40 21 29 24 32 25 25 27 23 5 1 13 7 38 19 48 24 34 27 31 18 1 11 2 19 5 28 9 12 12 36 13 14 14 43 16 43 17 12 18 19 19 38 23 14 24 45 26 26 27 44 28 39 29 28 30 44 12 1 12 3 29 5 50 8 28 10 20 12 16 16 46 17 37 24 27 25 41 26 49 28 25 6 5 34 8 31 9 24 10 47 14 24 20 36
8 14 1 14 2 15 4 50 8 16 9 31 10 46 11 23 13 18 16 44 17 24 18 33 23 30 25 38 29 38 13 4 17 5 15 8 42 10 15 11 25 12 14 15 19 16 34 18 18 22 17 24 22 25 33 29 45 6 1 13 2 19 6 20 9 22 10 46 13 16 13 1 28 6 17 9 11 12 26 13 41 15 41 16 24 17 49 18 36 21 27 25 25 26 13 30 28 12 1 12 2 31 3 22 5 39 8 32 10 23 16 29 18 19 19 44 22 26 24 13 25 12 7 2 40 12 15 15 30 18 22 20 45 28 25 30 12 9 1 44 3 31 10 28 11 15 12 43 17 44 22 12 27 25 28 16 18 1 37 3 41 4 41 6 26 7 28 8 28 10 20 11 30 12 27 13 49 16 35 17 39 20 12 21 27 23 48 24 37 28 32 29 19
8 5 8 48 10 14 14 11 23 18 27 49 13 2 14 8 42 9 50 10 20 13 37 17 15 18 25 19 20 22 45 23 30 24 48 27 14 28 41 5 6 22 8 10 13 28 18 36 20 25 11 4 10 5 29 7 30 9 36 10 17 13 10 14 18 17 45 19 14 22 49 25 16 9 1 18 3 31 10 30 14 24 15 23 20 50 22 13 26 18 29 33 11 3 42 6 10 7 30 8 42 10 21 11 21 12 19 17 34 18 23 23 10 27 16 9 4 49 7 12 10 26 11 30 15 11 16 24 24 21 25 29 30 16 7 8 14 19 28 22 11 24 30 27 13 28 23 30 37
7 16 4 13 5 23 6 27 7 20 8 31 12 19 13 25 15 42 17 49 18 47 24 41 26 38 27 10 28 15 29 22 30 48 7 13 23 15 49 16 30 26 26 27 30 28 19 30 45 4 5 26 11 24 20 12 28 35 13 4 24 7 16 8 40 12 29 13 37 14 25 15 23 18 24 19 36 20 10 21 40 26 14 28 48 13 2 38 8 33 9 35 12 44 15 46 17 18 18 39 19 12 23 37 24 50 26 38 27 44 28 33 15 1 24 4 24 6 37 12 34 13 18 16 14 17 26 18 11 19 33 21 11 24 50 27 24 28 33 29 29 30 19 16 3 22 4 20 7 50 9 10 10 15 12 26 14 48 15 46 17 25 20 13 22 31 23 27 24 22 28 29 29 25 30 40
8 9 1 50 6 30 10 12 13 21 15 38 16 43 26 32 29 39 30 50 6 8 20 13 12 18 40 24 10 27 42 29 45 12 1 46 2 29 9 40 10 36 17 15 19 25 21 42 23 46 25 42 26 11 27 11 29 19 14 3 23 5 34 7 43 9 34 12 15 13 30 17 17 19 42 20 36 23 30 24 27 26 41 29 31 30 34 4 5 26 7 21 15 10 23 47 12 1 11 2 34 8 42 9 34 10 20 12 26 21 33 22 41 25 25 26 29 27 18 28 40 6 1 49 4 41 6 25 13 14 23 14 28 17 12 3 18 5 33 8 26 12 28 14 46 16 49 20 12 21 30 22 20 23 17 24 47 27 30
3 4 4 34 7 49 24 29 26 18 14 2 22 4 24 5 11 9 26 10 30 12 17 14 37 17 37 19 24 20 15 21 15 22 48 27 39 30 35 8 2 24 3 24 7 47 14 47 22 42 24 34 25 37 28 47
5 14 1 21 3 26 7 33 8 17 9 18 11 12 15 28 16 39 19 16 21 18 25 28 26 19 27 22 28 38 12 2 26 5 29 7 41 8 23 9 19 12 17 13 26 16 35 22 14 26 43 29 48 30 12 17 1 27 2 31 5 38 6 32 7 21 8 43 9 30 10 40 12 11 17 28 19 30 21 14 22 33 23 24 27 48 29 40 30 15 7 1 22 3 45 4 16 5 40 17 39 18 22 28 50 14 1 34 2 33 3 35 4 35 12 26 14 19 17 43 23 34 24 13 25 49 26 26 27 37 29 27 30 12
7 4 4 36 15 16 17 18 23 16 8 2 40 3 22 5 28 9 27 10 30 15 11 20 48 26 22 10 2 26 4 16 9 26 13 14 14 11 16 27 17 25 20 29 28 35 29 22 14 2 39 4 43 5 36 6 28 9 19 11 21 14 12 18 20 19 44 20 17 21 24 24 12 28 36 30 18 16 2 14 5 21 6 36 9 15 10 27 12 40 13 41 14 14 15 20 20 14 21 15 24 29 27 31 28 33 29 43 30 20 6 2 37 4 25 6 49 11 41 18 38 22 24 14 2 16 6 26 8 35 9 12 12 14 13 38 14 19 17 19 18 47 20 38 22 34 24 37 29 34 30 29
5 16 2 42 3 25 8 43 13 22 15 43 18 35 19 21 20 38 21 12 22 34 23 32 24 46 27 19 28 45 29 30 30 16 8 3 26 8 12 10 10 11 11 18 39 20 33 22 36 29 28 16 3 17 5 12 7 19 10 29 11 28 14 49 17 22 18 13 20 14 22 20 23 33 24 10 26 46 27 17 29 33 30 50 6 2 18 13 46 14 19 15 49 20 42 27 30 5 2 48 10 40 11 11 12 49 29 17
7 15 1 21 2 39 3 11 4 19 5 37 6 47 10 35 12 48 14 40 17 34 21 23 22 15 23 27 28 27 29 12 12 2 25 3 10 7 23 9 35 10 17 14 34 17 27 18 50 19 11 20 21 28 12 30 35 5 4 37 9 41 10 41 21 15 29 22 8 1 50 2 17 3 33 6 31 10 21 12 35 19 46 29 41 18 1 15 3 23 7 43 8 43 11 15 13 36 14 23 15 34 19 30 20 11 21 25 22 49 23 47 25 40 26 10 27 18 29 35 30 40 9 4 24 5 43 6 26 13 34 19 44 20 47 22 44 25 32 27 44 4 8 21 13 33 25 43 28 42
5 18 1 41 2 50 4 21 5 17 11 31 12 40 13 47 15 46 16 30 17 35 18 13 20 38 21 41 22 23 23 10 26 42 27 29 29 37 5 6 16 14 18 15 29 25 48 27 43 15 1 17 2 16 5 50 6 35 9 40 10 13 12 27 14 49 17 20 20 35 21 18 23 44 24 30 25 38 28 45 9 2 47 4 17 8 46 12 30 16 43 18 45 19 26 20 21 30 22 16 2 47 4 35 5 32 11 19 12 28 15 45 16 43 17 28 19 17 22 49 23 18 24 33 26 15 27 46 28 47 30 19
4 14 1 36 3 42 6 26 8 42 9 48 11 34 15 35 16 27 21 34 23 25 24 44 26 15 27 31 28 29 8 2 22 4 46 7 14 9 27 12 45 15 49 19 45 24 29 15 1 11 2 39 3 47 4 47 6 16 7 25 9 29 10 28 14 22 17 31 20 47 22 35 25 43 26 19 28 18 5 8 36 13 13 18 19 20 25 27 31
5 16 2 50 3 44 4 14 6 13 8 11 10 15 12 38 14 40 16 24 17 11 19 26 22 11 23 46 25 32 28 17 30 41 5 10 27 13 37 17 31 25 30 27 38 7 1 15 3 36 9 28 10 21 11 18 15 32 22 13 18 1 40 3 43 4 29 5 23 6 12 7 42 10 22 13 21 15 10 16 38 17 28 18 45 19 22 21 12 23 47 25 39 27 20 29 30 18 2 46 3 25 4 49 8 18 9 45 10 37 13 23 15 10 16 36 17 43 20 45 22 47 23 37 24 13 25 43 26 28 29 10 30 32
8 16 2 33 6 13 7 31 8 48 9 38 10 16 11 22 12 46 13 44 20 37 22 24 24 41 25 13 26 14 28 13 30 39 18 1 17 3 25 4 27 8 14 10 23 11 25 12 24 15 29 17 49 18 27 19 45 21 18 22 19 23 12 25 30 26 40 27 13 30 49 18 1 31 2 38 5 38 6 38 8 41 9 15 10 30 12 23 13 13 17 22 18 21 19 43 20 46 23 12 24 47 26 35 28 15 29 20 10 3 46 6 16 10 37 11 13 12 45 17 44 22 36 26 32 28 50 29 13 18 2 33 3 40 5 13 6 22 8 21 9 41 12 34 14 20 16 40 18 36 19 21 21 14 22 33 23 16 24 22 25 28 27 26 30 38 16 2 48 3 17 5 29 7 43 10 39 11 38 12 22 13 28 15 33 16 33 20 22 22 28 23 20 24 14 29 15 30 34 11 1 48 8 19 11 36 14 41 15 35 17 20 18 14 20 19 22 35 26 20 30 19 17 2 38 5 37 6 48 8 29 9 37 10 46 12 20 14 49 19 23 21 28 23 43 24 48 25 50 26 39 27 11 29 37 30 33
4 7 1 23 4 41 10 31 12 24 17 34 18 29 21 46 7 2 36 5 10 13 21 17 15 20 43 22 35 26 37 11 2 47 3 49 5 21 11 38 15 47 18 15 22 43 24 29 25 20 27 23 28 41 9 1 36 3 39 7 31 10 34 11 47 13 23 19 22 22 43 29 29
5 17 1 31 3 17 4 40 8 42 9 18 12 24 13 36 14 20 15 27 16 46 17 10 20 36 21 29 24 39 25 32 28 10 30 44 15 1 14 2 24 3 47 4 23 5 34 8 47 11 25 12 12 13 37 14 14 17 44 20 38 25 21 27 18 30 39 17 1 41 2 14 4 18 5 13 8 13 9 35 10 45 11 22 12 22 13 49 14 31 16 25 19 33 20 49 24 42 25 39 26 43 4 6 12 24 47 25 13 28 15 9 6 38 7 15 10 23 11 15 15 15 22 46 23 36 26 22 28 18
7 12 2 43 7 42 10 16 12 15 13 42 15 11 16 15 24 14 26 30 28 46 29 19 30 16 5 3 13 8 31 16 13 18 30 24 26 12 1 21 2 42 6 14 9 19 11 38 12 10 19 25 20 26 23 36 25 39 28 16 29 33 8 3 30 7 45 15 45 24 28 25 32 26 32 28 17 29 33 5 2 28 3 26 8 50 23 49 27 31 8 2 38 10 30 13 14 15 30 16 17 18 43 23 15 28 19 18 1 23 3 14 4 16 5 39 7 11 10 45 12 29 14 40 17 47 19 13 20 23 22 11 23 40 24 49 25 16 27 39 28 38 30 23
7 4 3 15 12 24 25 44 29 29 18 1 29 3 36 5 28 6 25 8 13 9 50 10 29 11 47 12 12 13 21 14 33 16 45 18 22 21 16 22 33 27 25 29 10 30 40 10 1 10 3 43 5 22 7 14 10 41 14 36 15 49 21 22 28 10 29 20 6 6 19 12 47 14 47 15 17 21 21 28 12 4 7 27 15 48 24 28 30 21 7 2 50 3 12 7 50 12 38 15 13 26 49 30 50 14 7 38 9 33 10 15 11 29 13 11 14 17 15 50 16 30 21 31 24 20 25 12 28 30 29 35 30 23
7 10 1 45 3 17 6 40 7 39 8 24 9 41 10 29 13 34 15 45 18 20 14 4 27 6 48 7 43 9 31 13 48 15 37 17 44 20 42 21 19 22 39 23 38 26 22 28 47 29 25 6 5 37 10 47 13 41 16 42 21 30 27 48 13 4 11 5 15 7 45 8 34 9 17 15 18 16 20 17 45 20 23 22 35 24 25 26 40 27 48 15 1 35 3 34 4 15 5 41 9 50 10 20 13 41 15 11 16 20 19 23 20 39 22 14 25 46 28 29 29 28 14 1 37 4 36 6 27 7 18 9 46 13 30 14 40 15 46 16 18 20 36 21 43 22 49 25 30 30 27 9 1 47 2 17 6 31 9 26 15 39 18 20 21 12 25 49 27 48
6 14 1 19 5 18 7 28 8 33 9 49 10 11 11 42 12 19 15 18 20 34 21 28 25 40 27 50 28 38 14 2 49 3 21 5 47 8 29 10 42 11 10 13 42 16 20 18 18 19 38 24 36 26 35 29 10 30 33 10 7 39 11 43 12 38 14 23 18 48 21 15 22 28 26 43 28 33 30 33 6 1 33 4 19 14 34 17 27 20 12 22 23 16 1 19 3 29 4 26 5 14 6 26 7 49 12 44 13 30 15 19 18 35 19 40 22 22 25 28 26 21 29 37 30 11 10 6 16 10 47 13 22 18 10 19 38 25 10 26 34 27 24 28 23 29 43
3 11 1 17 5 42 7 10 9 34 11 23 12 50 14 25 17 23 20 32 24 27 25 13 4 3 17 15 48 21 29 30 14 12 1 16 5 47 9 21 13 35 14 12 16 37 19 16 20 48 22 50 23 12 27 30 29 38
7 11 3 13 6 44 8 38 9 35 11 39 13 11 14 28 17 40 18 17 19 24 23 24 10 2 16 3 21 4 49 6 31 15 17 16 16 21 37 26 45 28 13 30 12 10 2 41 5 36 8 15 9 26 17 27 21 14 22 25 26 34 28 30 29 43 9 5 35 10 29 12 38 13 50 16 43 18 42 20 18 22 44 23 27 4 1 26 6 14 8 10 9 28 7 4 44 5 25 12 13 14 43 20 42 28 37 29 38 8 2 12 8 26 9 18 10 13 11 40 14 34 21 26 22 39
4 8 1 23 5 20 13 37 15 19 16 46 18 12 23 41 24 29 4 1 23 9 10 22 31 25 27 17 1 23 2 27 4 32 6 48 9 46 10 23 11 28 13 39 15 31 18 40 19 49 21 45 22 27 23 50 25 15 27 41 28 14 16 2 20 3 20 4 42 8 48 9 34 10 21 12 19 14 41 16 29 18 48 20 40 24 10 26 17 27 37 28 27 29 10
7 8 12 33 13 33 15 28 22 25 24 22 26 30 27 31 28 49 14 6 40 7 15 8 26 10 14 11 46 13 31 17 30 18 39 22 47 23 48 24 32 25 31 26 21 27 10 6 10 32 11 18 15 17 21 21 26 47 30 14 13 1 47 3 35 4 26 6 14 8 39 10 28 11 41 15 33 16 39 20 10 22 41 26 28 29 43 6 4 47 5 41 20 41 25 34 27 38 30 47 13 2 25 5 43 6 11 8 33 11 28 12 41 17 37 19 43 20 19 24 26 26 36 28 47 30 35 10 1 16 2 18 4 35 5 18 7 42 10 29 13 19 17 20 21 11 23 43
6 10 1 27 3 20 6 40 7 48 8 27 12 21 14 13 20 48 24 18 25 31 7 2 47 7 16 8 31 12 27 22 14 26 37 29 42 8 11 38 12 20 14 11 23 22 24 41 26 32 29 31 30 44 17 1 19 2 16 3 12 6 16 7 38 9 26 11 50 14 21 16 18 17 27 18 17 19 48 21 29 24 15 26 26 27 38 30 11 9 2 26 3 24 6 47 14 12 17 49 18 21 20 36 22 34 30 19 11 3 29 4 36 8 17 9 30 18 39 20 42 24 19 26 45 27 40 29 21 30 24
8 6 3 26 6 26 17 13 18 23 26 44 28 20 18 1 47 3 17 6 38 8 35 9 41 10 36 11 42 12 21 13 23 14 47 16 49 17 29 18 32 19 49 20 47 21 20 23 23 25 21 16 3 29 5 42 6 48 7 33 9 36 11 50 12 33 14 40 15 18 17 49 18 22 20 29 24 29 26 29 27 28 29 28 8 5 40 9 17 10 46 16 36 19 18 21 23 25 11 30 13 15 2 49 3 46 4 42 6 15 7 24 9 29 10 47 11 15 14 10 15 43 16 44 17 43 19 50 20 43 25 14 4 3 30 17 30 24 26 27 32 8 4 15 5 33 12 12 16 30 20 50 25 15 27 48 29 29 4 1 13 13 43 15 31 30 12
4 14 1 36 2 19 3 29 7 26 12 38 13 40 14 29 15 15 19 32 20 45 21 42 24 30 25 16 30 11 11 1 15 8 35 9 35 11 28 12 49 14 25 15 40 17 48 18 13 20 47 23 37 4 16 37 20 45 26 23 29 29 15 2 14 6 33 8 41 9 37 12 10 13 38 14 16 16 46 17 50 21 21 24 11 25 44 26 14 27 33 28 12
6 4 14 46 20 17 23 43 25 23 12 2 18 5 42 8 12 9 32 11 30 12 13 14 19 17 20 25 12 27 29 28 37 29 34 8 1 25 2 32 3 44 8 36 12 32 17 50 22 28 26 39 11 5 38 9 22 10 48 14 41 16 35 18 24 19 15 22 34 23 32 24 11 27 39 5 7 31 9 27 24 18 25 47 28 32 10 1 15 3 39 12 39 17 27 18 31 20 35 23 17 26 15 29 25 30 10
8 17 4 35 5 21 6 44 8 49 11 16 13 17 14 19 17 37 19 12 20 16 22 26 23 50 24 12 25 20 27 40 28 10 30 12 17 1 24 2 26 3 20 5 47 6 26 9 41 10 14 13 19 14 19 15 45 17 48 20 31 22 17 24 36 26 25 28 25 30 12 11 3 10 7 36 8 20 10 46 11 34 14 33 18 34 21 42 23 44 28 29 29 11 4 5 14 14 32 20 36 23 36 6 3 24 12 18 14 46 19 35 22 40 29 12 17 1 40 3 45 4 19 5 35 6 19 8 41 9 30 10 42 12 11 14 29 17 29 20 39 21 18 23 25 25 35 29 38 30 35 13 1 32 3 49 4 28 6 39 7 48 12 50 14 29 18 39 19 30 20 27 25 26 27 48 30 49 4 1 26 13 10 17 14 29 26
4 15 1 46 7 27 8 32 9 24 10 22 12 12 14 40 15 41 16 24 19 10 21 35 22 37 23 29 27 33 28 10 5 8 10 15 19 18 14 20 46 30 43 9 3 21 4 43 10 11 11 21 14 42 17 27 18 26 23 24 29 15 13 2 33 6 49 7 16 12 44 13 14 15 50 16 39 20 47 21 19 22 39 23 45 25 48 30 29
5 17 1 16 2 16 3 17 4 32 5 16 6 10 7 33 8 39 10 21 11 50 13 20 14 25 20 21 21 47 23 13 25 50 28 24 16 2 14 3 25 5 24 6 42 7 42 9 13 12 22 15 17 16 16 17 34 20 13 22 29 23 30 24 20 25 36 30 28 7 2 40 4 21 5 40 7 50 14 22 16 40 23 43 9 2 30 4 20 7 34 9 21 13 49 19 39 27 40 29 18 30 10 15 2 30 4 25 5 49 6 34 9 26 14 26 16 21 17 35 21 45 24 37 25 36 26 26 27 18 29 30 30 44
3 13 2 33 3 34 4 43 7 36 10 39 11 33 12 39 14 19 17 27 23 22 24 45 26 35 30 43 14 3 36 5 39 6 34 9 37 11 13 12 26 13 44 14 39 16 21 17 16 21 15 23 35 26 42 27 40 10 4 48 7 21 8 48 9 48 15 35 16 44 23 27 24 29 29 40 30 31
3 8 2 49 3 31 5 45 7 27 12 10 17 49 19 42 25 21 6 7 39 8 27 14 34 18 12 25 47 29 17 13 1 23 2 50 3 43 5 28 9 30 11 31 12 13 14 48 17 33 18 22 19 14 21 14 25 44
6 6 7 36 10 17 18 35 23 42 24 15 27 29 7 3 31 5 46 17 48 19 43 22 38 26 19 30 15 14 1 29 6 35 7 14 8 42 9 20 10 34 12 14 14 44 15 40 17 48 18 11 24 21 26 48 30 49 5 1 50 2 25 8 10 18 38 25 32 9 3 34 9 11 14 35 17 32 18 39 20 50 23 11 25 16 27 20 15 2 21 3 46 4 38 6 27 7 32 12 37 14 14 17 24 18 11 20 47 22 28 24 43 26 48 28 11 30 37
8 18 1 47 2 20 3 26 4 11 7 29 12 12 14 34 15 25 16 31 17 46 18 18 20 37 23 27 26 25 27 37 28 41 29 12 30 13 5 1 14 5 33 19 32 22 24 28 27 10 3 34 4 18 8 15 11 39 13 17 16 41 17 35 21 50 25 21 27 36 13 1 19 4 42 5 24 6 33 8 21 9 22 16 19 22 24 23 11 25 43 26 48 27 43 28 40 4 10 27 23 20 25 48 26 50 12 1 40 2 50 6 31 8 29 14 30 20 17 21 43 23 20 24 29 25 49 26 43 27 37 7 7 35 19 29 21 31 23 10 26 42 28 46 29 44 8 6 14 7 30 8 33 9 39 10 14 16 30 17 32 18 28
3 14 4 21 6 28 7 41 8 31 9 48 12 19 16 33 19 14 22 21 23 23 24 21 28 49 29 38 30 37 11 4 18 5 15 12 23 13 34 14 12 17 33 20 49 22 18 27 25 28 23 30 15 12 7 10 10 45 14 19 17 39 18 11 20 48 21 24 23 28 24 16 25 47 26 47 27 10
8 12 3 33 7 26 10 38 15 18 16 13 18 20 19 42 22 30 24 39 26 45 28 21 29 30 14 1 23 3 26 4 32 5 23 6 49 9 40 11 33 12 32 15 19 16 44 22 28 27 23 28 30 30 31 6 13 38 14 28 24 16 25 21 27 15 28 28 18 2 25 4 14 5 17 6 35 7 28 8 12 10 20 11 25 12 19 15 40 16 36 17 14 22 11 24 38 27 40 28 45 29 47 30 10 9 5 40 6 32 7 15 10 38 15 22 24 21 27 18 28 15 29 28 10 4 10 5 14 6 13 19 20 22 14 23 21 25 48 26 33 28 48 29 47 12 4 25 5 34 10 47 12 10 15 46 16 27 17 34 20 32 24 40 26 48 27 32 30 50 10 2 28 4 17 6 22 7 27 10 17 15 23 20 13 25 31 29 10 30 11
8 17 1 18 2 29 7 16 8 45 10 27 12 45 13 42 14 14 15 10 16 45 17 32 18 33 21 15 22 31 24 47 26 21 28 29 11 1 39 10 21 13 32 17 43 18 22 19 26 21 40 25 33 28 41 29 18 30 42 10 1 22 13 12 14 35 18 24 19 48 20 46 21 12 24 36 26 48 29 25 14 3 43 5 14 6 30 7 48 12 45 15 14 17 50 18 46 19 44 20 29 21 10 22 22 27 34 30 31 11 2 22 4 36 7 40 10 44 16 39 19 26 20 36 25 11 26 18 27 18 30 22 15 2 48 5 14 6 41 9 46 11 23 12 38 14 29 17 48 18 24 20 34 22 26 23 46 25 45 29 41 30 15 14 2 47 5 39 6 13 8 38 11 20 14 22 15 49 17 14 18 38 24 47 25 21 26 21 29 32 30 10 5 13 21 14 13 20 34 27 23 29 24
6 17 1 13 2 14 4 48 5 36 6 27 8 11 10 38 11 38 12 37 13 48 14 43 16 26 19 45 20 45 22 34 25 32 30 14 9 9 28 10 32 14 16 16 22 17 33 18 43 19 17 21 36 30 43 11 3 11 4 25 7 24 8 38 9 43 11 41 14 32 23 48 25 28 26 42 30 50 13 1 22 4 40 5 45 7 31 9 24 14 32 18 31 20 20 21 18 26 39 27 42 29 12 30 43 5 8 33 9 45 11 31 21 17 24 13 10 2 49 4 44 5 24 7 36 8 28 9 48 17 31 20 15 26 42 30 35
6 6 14 32 17 40 18 19 20 48 22 48 23 24 8 3 12 15 24 18 37 21 24 24 44 25 34 26 14 29 37 15 3 37 4 38 7 15 8 33 10 26 11 30 12 12 13 40 14 42 22 28 24 41 25 15 26 10 27 43 28 39 7 3 47 4 26 7 46 8 40 15 49 24 43 28 19 9 5 11 6 42 13 26 20 22 21 35 22 37 23 37 26 17 27 28 11 7 12 9 42 10 33 13 12 14 49 15 10 19 30 21 24 22 11 25 29 29 34
6 6 1 50 3 33 5 36 17 49 22 19 26 24 4 10 36 19 49 20 43 21 29 9 1 22 7 13 8 20 11 32 17 32 21 11 26 33 27 26 29 12 12 3 21 4 27 6 28 7 11 9 12 10 19 12 34 20 14 22 45 28 31 29 10 30 24 15 2 22 3 31 6 43 7 35 8 12 10 46 12 47 14 22 16 35 17 49 18 32 22 14 23 34 24 45 29 12 14 2 27 3 49 5 30 6 35 10 40 13 20 14 16 18 34 19 49 22 27 23 27 26 10 27 37 30 50
3 14 2 15 3 33 4 44 7 37 9 34 14 30 16 48 17 47 18 44 19 27 21 34 22 43 28 30 30 35 12 4 18 5 21 6 10 7 31 10 17 11 16 14 16 17 24 22 25 26 22 29 17 30 47 11 1 44 2 28 3 32 5 41 13 29 14 12 15 33 21 38 24 12 25 20 30 20
6 17 1 38 3 39 4 17 9 32 10 12 11 12 12 18 13 46 14 48 15 42 16 15 18 34 19 11 21 24 24 33 26 40 29 21 18 3 10 6 11 8 12 9 20 10 43 11 47 13 43 14 33 17 28 18 27 19 34 20 50 22 23 23 30 24 15 25 36 29 30 30 15 17 2 16 6 26 7 13 9 26 10 27 11 18 12 17 13 10 14 21 16 11 17 12 18 34 19 30 22 48 24 43 25 39 29 27 9 1 27 3 32 9 30 10 26 15 48 17 18 22 11 25 49 26 25 15 3 25 5 32 6 22 7 44 8 50 11 16 13 38 20 13 22 41 23 35 25 30 27 30 28 16 29 31 30 33 13 1 50 2 23 4 48 9 36 11 14 16 42 17 25 18 24 21 27 22 28 25 46 28 14 29 49
3 10 5 50 6 34 15 32 17 37 23 41 24 24 25 18 26 48 27 27 30 33 13 4 44 5 46 8 43 10 47 12 11 15 26 16 20 17 20 18 12 20 13 23 45 24 11 25 45 4 3 26 15 20 23 32 28 27
6 11 7 13 8 37 10 37 16 16 18 42 19 46 21 45 22 41 23 20 24 16 30 18 16 1 12 2 43 3 26 7 49 11 39 14 30 15 37 16 25 17 13 18 39 19 48 20 26 21 26 23 24 27 31 28 46 7 3 38 9 49 10 45 11 49 13 40 24 16 27 10 5 6 21 11 43 16 39 19 26 20 10 17 2 17 3 10 6 14 8 28 9 21 12 24 13 10 14 29 15 16 16 46 17 11 19 32 20 41 23 33 25 11 26 33 30 10 17 2 20 4 44 8 14 10 32 13 49 14 35 15 10 17 19 18 40 19 29 20 40 24 21 25 12 26 49 27 34 28 11 30 25
7 17 2 25 4 12 5 43 7 19 8 18 12 26 14 26 15 37 17 28 18 19 20 29 21 11 22 46 23 32 24 10 26 16 30 43 15 1 10 2 10 3 32 5 45 7 47 8 47 9 15 11 20 12 41 15 12 16 24 17 20 20 24 23 41 29 14 10 3 39 4 17 6 46 7 43 11 46 13 27 19 43 20 21 23 10 28 47 10 4 36 6 37 11 11 16 35 18 36 25 32 26 45 28 15 29 31 30 46 7 1 26 4 20 14 41 15 33 22 42 27 34 28 25 11 1 30 3 45 6 14 9 13 10 50 12 17 20 28 26 10 27 12 28 27 30 50 8 4 39 8 27 10 21 13 25 16 43 22 11 23 26 28 45
8 13 2 35 3 18 6 28 11 30 13 12 14 14 16 16 17 47 20 45 21 15 24 14 27 31 28 45 13 1 46 2 34 3 14 7 44 11 24 13 10 15 17 19 18 21 21 23 34 24 11 26 39 27 28 9 2 33 3 36 5 28 11 13 14 30 16 18 17 13 18 30 22 50 5 2 27 6 41 9 14 20 48 21 22 18 1 37 2 32 3 36 5 48 8 23 15 18 17 23 18 48 21 26 22 29 23 37 24 16 25 24 26 48 27 30 28 47 29 45 30 18 13 4 18 5 40 8 43 11 50 12 19 13 32 15 45 16 11 20 17 23 24 26 29 27 27 29 24 7 1 14 11 26 12 15 13 15 20 18 21 45 23 32 9 5 44 6 36 12 18 14 41 21 49 23 13 28 45 29 10 30 24
6 4 1 17 4 15 17 38 30 36 5 3 14 17 48 25 24 27 23 30 37 16 1 26 2 46 3 24 4 45 6 43 7 33 8 18 9 11 10 44 11 44 12 30 13 45 24 50 25 16 27 37 28 34 4 17 47 20 45 26 21 29 20 15 2 43 3 45 9 48 10 24 12 12 13 29 14 50 15 27 17 11 20 48 21 22 23 16 25 19 29 36 30 16 16 1 28 2 13 3 24 4 39 5 22 6 17 8 39 10 46 12 41 16 29 18 13 19 33 20 12 25 22 28 43 29 40
4 8 1 44 5 27 17 12 21 20 22 30 23 23 26 41 27 48 9 2 20 5 13 14 40 16 20 17 30 19 13 20 47 26 36 27 23 14 2 46 3 16 4 45 7 34 8 12 9 46 10 47 12 27 16 12 22 20 24 34 26 13 27 50 28 29 6 2 31 7 34 18 16 22 17 23 11 28 47
8 5 5 23 7 17 17 24 21 11 28 47 4 4 26 6 37 19 31 24 16 16 1 46 2 34 5 48 6 47 7 46 10 42 12 19 13 43 14 28 16 25 22 11 23 43 24 43 26 28 28 19 29 27 18 3 48 5 39 6 28 7 14 8 29 9 15 10 31 15 42 17 42 18 33 19 15 22 34 23 25 24 39 26 41 28 14 29 31 30 38 11 5 12 6 26 10 42 12 16 15 14 16 45 18 45 21 15 22 23 23 13 26 35 14 2 37 4 23 7 24 8 30 9 27 10 47 11 48 13 17 18 34 20 35 21 24 27 14 28 37 30 49 11 1 15 3 35 8 38 10 36 12 34 18 45 20 26 23 21 24 26 26 14 29 31 6 12 27 17 30 18 30 23 12 28 31 30 47
8 17 1 42 2 32 4 46 5 14 7 26 8 45 9 35 10 50 12 22 14 27 15 12 18 10 22 48 24 26 25 33 28 42 30 46 6 5 19 12 22 14 17 19 47 21 44 30 25 18 1 46 2 40 4 48 6 40 7 49 8 44 11 24 14 29 15 28 17 50 19 43 20 36 22 22 23 31 24 37 26 28 27 14 30 31 8 1 30 4 11 6 23 7 45 10 38 18 16 25 38 29 49 12 10 18 12 13 15 21 16 14 18 24 20 49 21 39 22 30 24 42 25 13 28 39 29 46 16 1 36 2 38 4 28 7 29 8 37 10 29 13 27 14 39 16 32 18 16 20 37 23 21 25 19 26 32 27 44 29 50 8 5 44 7 17 8 17 17 35 19 11 20 26 23 20 29 30 8 1 36 2 50 4 27 5 36 12 46 20 17 21 43 26 31
6 9 6 36 13 50 14 32 20 32 22 13 24 20 26 37 27 50 30 22 5 2 49 7 10 15 25 16 36 28 37 9 1 21 6 15 11 29 15 10 21 37 22 18 24 37 27 41 29 21 17 1 46 3 43 10 47 11 30 13 12 14 36 16 44 17 34 18 28 21 36 23 13 24 47 25 42 26 40 27 20 28 14 30 13 11 1 15 6 18 7 44 12 38 14 40 15 23 17 49 23 34 24 46 26 36 30 32 11 1 23 3 43 4 28 9 12 10 29 12 16 18 50 23 18 24 12 25 13 30 11
5 11 1 39 9 12 10 32 12 26 13 47 15 15 19 30 21 44 22 16 26 50 30 33 13 2 20 3 38 4 19 5 20 7 32 9 16 14 27 15 34 16 39 20 48 22 17 25 18 27 21 13 2 40 4 36 7 33 8 28 11 43 12 50 15 14 16 17 21 26 23 48 24 46 28 28 29 35 5 17 16 20 35 24 36 26 23 28 50 16 1 34 3 23 4 32 6 14 7 39 10 41 11 12 13 39 14 31 16 47 17 38 20 28 23 14 25 33 27 14 30 44
6 5 9 15 12 16 19 41 26 23 29 30 6 1 45 3 11 7 43 15 35 19 10 27 32 11 2 27 5 42 6 36 9 35 13 12 15 13 16 27 18 26 23 10 25 38 27 13 5 14 39 15 13 28 43 29 37 30 16 14 2 46 3 38 6 28 8 19 9 40 11 10 12 27 13 29 16 28 19 16 20 17 22 50 23 34 25 36 15 2 13 5 20 6 49 7 33 8 19 11 14 14 36 19 26 20 23 21 11 24 20 26 28 27 50 28 15 30 44
8 5 11 41 20 23 22 29 23 47 29 15 16 2 29 3 12 6 49 7 47 9 16 13 22 14 48 15 36 17 47 18 33 19 13 20 28 21 41 22 30 25 15 26 48 4 5 36 6 14 22 27 29 43 15 1 10 4 39 10 45 12 25 14 18 15 40 16 14 19 42 20 35 22 34 23 27 26 31 27 28 29 16 30 25 4 8 47 16 32 20 17 30 33 15 1 50 2 30 8 35 9 15 13 35 16 46 17 34 20 26 21 41 22 23 24 19 25 45 26 46 27 35 30 40 16 2 50 5 16 7 42 8 14 14 44 15 38 16 49 17 24 18 32 20 28 22 43 23 42 25 36 26 44 29 37 30 49 12 2 12 4 10 6 24 8 33 11 47 14 18 19 43 22 19 23 38 24 23 25 23 29 48
4 15 3 37 4 45 5 46 6 39 8 41 9 42 11 22 12 19 14 25 15 33 18 46 20 40 23 35 24 19 25 48 15 2 49 3 38 7 15 11 49 12 25 18 30 19 25 20 45 21 43 23 40 25 50 26 26 27 45 28 29 29 32 15 2 27 4 45 7 45 12 38 13 37 14 34 15 14 16 16 17 27 18 30 22 16 24 45 25 40 26 40 28 40 17 3 40 4 29 7 10 8 48 11 25 14 22 15 43 17 17 18 48 19 50 20 17 21 35 22 35 23 45 26 23 29 20 30 11
8 12 2 18 5 24 7 43 10 20 11 24 12 20 13 27 18 48 20 45 25 43 26 41 27 13 9 2 18 10 21 11 41 15 47 17 21 20 12 21 38 23 50 24 31 9 1 16 4 12 6 19 9 39 10 22 24 19 26 13 28 16 30 45 10 2 14 4 36 8 24 9 37 10 28 11 41 12 32 13 49 14 22 22 12 9 1 22 6 43 7 35 15 34 21 27 22 47 25 39 27 47 28 38 16 1 28 3 30 4 13 10 15 13 12 15 31 17 13 18 16 19 27 21 29 22 22 23 17 24 10 27 33 28 31 29 10 6 1 29 5 30 9 16 10 24 16 10 25 43 7 13 18 14 15 16 50 17 48 18 31 23 34 25 21
4 7 6 18 8 20 11 22 21 13 22 41 23 17 24 41 5 5 41 12 20 18 43 27 46 30 46 7 4 49 6 33 8 35 17 32 18 47 21 14 30 36 13 2 48 3 37 4 20 5 49 9 31 11 14 13 47 17 48 18 15 20 32 24 27 25 35 30 44
3 16 3 24 5 49 6 17 8 30 9 21 11 36 13 12 15 24 16 29 22 23 23 47 24 25 25 45 26 46 28 38 29 24 17 2 45 3 27 4 16 5 29 6 29 8 13 10 13 13 30 15 36 17 18 18 26 19 21 20 43 21 26 22 44 26 23 28 38 5 12 32 16 34 22 29 26 49 29 42
7 17 2 26 5 39 7 34 9 20 10 45 11 49 13 40 14 38 16 24 19 21 20 28 22 48 23 28 24 33 26 11 28 15 30 14 5 4 24 5 47 20 12 21 46 28 47 16 3 28 4 35 6 17 7 29 8 15 12 43 18 42 20 20 21 37 22 14 23 18 25 38 26 28 27 39 28 37 30 14 10 2 29 4 24 5 32 8 48 9 36 16 13 17 48 22 47 23 31 28 50 9 2 17 4 21 6 43 8 39 18 28 20 26 24 24 26 28 28 14 14 1 21 4 44 5 17 6 19 9 22 11 19 15 31 17 38 18 28 22 42 24 37 26 37 27 12 30 27 16 1 27 5 29 6 47 7 29 9 47 10 13 11 40 12 50 18 50 19 11 20 10 21 11 22 26 23 16 24 19 26 15
8 8 11 42 14 31 17 22 19 50 20 20 23 46 27 26 30 24 10 4 11 5 27 7 23 8 12 11 17 14 46 17 10 18 40 21 17 29 12 11 3 16 8 32 9 37 14 31 19 11 20 13 21 36 22 27 23 38 24 35 25 32 11 4 41 6 40 7 16 15 32 17 19 18 16 21 19 22 44 23 24 24 18 26 39 18 1 11 4 44 5 28 7 21 9 40 11 23 12 41 13 16 14 45 17 18 18 33 21 20 22 38 25 40 27 47 28 46 29 22 30 17 13 1 50 3 18 5 30 7 18 9 40 10 16 11 46 13 33 16 20 22 41 24 17 28 32 30 43 14 1 39 2 11 4 13 7 47 8 21 12 26 13 40 15 31 17 38 18 45 20 14 21 41 24 26 30 23 8 2 28 8 36 9 21 10 11 18 40 22 23 25 39 29 28
6 16 1 49 2 11 7 33 9 41 10 11 11 24 13 38 15 13 16 11 18 39 19 39 21 36 22 21 23 28 25 33 29 19 4 2 11 10 33 18 41 29 22 16 1 50 5 42 7 40 9 41 10 26 12 45 14 44 16 16 18 49 19 21 22 29 24 38 26 36 27 39 28 17 30 18 18 1 16 3 13 4 27 5 47 6 49 10 17 14 28 15 18 17 20 19 39 20 41 21 35 22 16 23 25 26 46 28 30 29 48 30 29 4 1 39 17 18 22 44 28 46 9 1 46 6 29 7 30 8 24 11 33 13 17 16 13 22 50 25 39
3 7 4 19 6 11 7 40 11 12 21 11 29 18 30 14 4 6 48 12 26 14 36 24 40 7 5 40 6 39 13 49 17 28 20 18 24 38 30 33
7 15 1 27 2 43 4 14 6 46 7 12 10 24 13 20 15 16 16 49 17 41 19 41 21 44 23 20 28 50 29 37 12 3 42 5 40 7 26 11 47 12 18 13 11 15 36 16 50 19 43 20 43 25 25 29 15 18 2 38 3 39 4 35 5 35 6 13 8 39 11 42 13 36 14 43 15 34 18 39 19 43 20 33 23 11 24 50 27 29 29 46 30 23 14 2 42 3 19 8 26 12 29 15 25 16 44 19 44 20 47 21 42 22 39 24 39 25 42 27 14 30 27 4 1 10 12 22 24 42 28 10 12 5 16 8 48 9 35 10 16 12 38 13 35 19 30 22 44 23 49 28 19 29 27 30 43 7 8 40 11 29 13 29 15 15 22 49 24 29 27 43
6 5 12 47 13 39 23 34 27 10 28 15 9 1 33 3 20 4 20 5 47 6 29 8 21 10 30 13 33 28 50 11 2 18 4 44 5 42 6 46 7 13 8 36 20 26 23 50 27 14 29 29 30 37 9 6 12 7 21 9 24 10 10 15 42 20 16 23 50 25 11 27 21 18 1 41 2 33 3 19 5 32 10 20 12 12 14 46 15 20 16 16 18 23 21 25 22 21 24 16 25 12 26 46 27 47 28 43 29 20 4 5 18 9 41 21 32 30 18
5 4 3 34 6 41 23 34 30 21 5 5 49 7 32 13 10 21 13 29 38 10 1 48 5 31 9 19 10 22 11 43 16 26 17 35 23 19 26 13 30 22 15 3 20 4 47 5 27 7 28 12 17 13 46 15 20 17 50 19 42 20 18 21 20 22 48 24 16 28 48 30 10 15 1 38 5 37 6 48 8 50 10 13 19 46 20 47 21 26 23 32 24 30 25 13 26 46 28 24 29 50 30 41
6 13 3 29 6 24 7 17 10 24 11 31 13 21 17 12 19 46 21 37 22 21 25 35 26 31 29 15 17 2 12 3 44 4 17 5 24 6 29 7 35 8 29 10 25 15 32 17 14 20 11 22 20 24 42 25 17 26 14 27 34 29 27 17 2 34 4 39 5 40 8 35 10 10 11 25 14 16 16 34 18 45 20 21 21 17 22 11 23 49 24 37 25 44 26 48 27 22 13 2 36 3 17 5 43 7 10 11 25 14 44 16 29 21 26 22 21 24 50 26 32 29 26 30 15 8 2 19 3 22 4 40 7 23 14 13 24 26 25 20 30 47 16 4 16 6 19 7 25 8 45 10 29 12 40 13 19 14 37 16 36 18 11 19 44 24 49 25 33 27 34 28 45 29 35
4 10 2 44 3 38 5 32 6 21 10 23 12 44 14 35 17 35 23 42 28 13 7 3 37 4 19 5 30 13 30 18 12 26 14 30 37 5 2 48 9 23 13 30 17 44 21 46 7 2 34 6 42 8 12 9 16 15 21 21 48 24 38
4 16 1 18 4 39 8 25 10 34 11 27 13 23 14 10 17 21 18 49 19 46 21 14 22 28 23 45 24 44 26 47 29 40 4 1 43 14 35 18 29 23 46 12 7 33 8 16 12 45 14 23 16 17 21 40 22 38 23 48 24 14 25 27 27 19 29 32 11 1 19 2 11 3 20 4 14 9 25 21 47 22 40 24 34 25 27 26 43 27 11
5 9 3 31 9 13 15 12 16 43 23 23 27 34 28 27 29 50 30 32 5 6 36 7 30 8 18 19 46 25 50 6 12 18 17 48 20 27 21 35 24 46 30 28 4 1 23 4 48 9 42 17 28 12 8 16 10 22 11 19 13 36 14 17 15 43 18 12 23 23 24 32 25 10 27 26 28 14
68 109 89 74 54 94 136 139 41 57 96 109 97 68 126 109 100 70 58 50 89 51 84 139 79 65 63 106 96 43 144 114 124 85 143 38 88 121 66 134 74 73 65 131 69 96 88 89 118 91 50 92 68 113 84 154 72 88 97 77 92 48 55 84 136 43 112 146 99 92 72 42 105 47 109 100 109 91 54 117 108 92 79 98 156 58 100 65 36 112 116 105 49 100 116 80 80 52 48 92
2 3 2 1 3 1 2 1 3 1 2 1 1 3 3 1 1 3 2 2 3 3 1 1 1 1 3 1 2 1
# Instance ID: 84
# Total operations: 568
# Actual flexibility: 0.358
# Generated: 2026-02-14 14:26:23
# Format: Extended Brandimarte for MOFJSP (Comparison Dataset)