100 30
8 6 9 14 10 27 12 25 15 40 26 13 29 25 17 1 25 2 15 3 47 5 21 8 40 11 35 12 25 13 37 14 35 15 14 17 27 18 12 19 34 24 33 27 27 29 46 30 13 18 3 42 4 33 5 44 9 14 11 41 14 18 16 39 17 19 19 14 20 34 21 14 22 50 24 20 25 23 26 13 27 38 28 28 29 24 15 5 36 6 12 8 27 10 19 11 19 12 44 14 47 16 33 17 14 18 39 21 11 23 25 26 22 29 44 30 25 12 2 50 3 47 4 29 11 22 13 29 17 49 20 27 22 44 23 50 25 11 26 38 27 34 7 6 45 8 21 20 44 23 17 26 27 29 50 30 17 16 3 14 4 31 6 46 7 22 10 20 11 29 12 10 13 31 16 21 18 43 19 29 20 16 21 44 26 29 27 16 30 29 7 5 50 6 50 8 42 11 10 18 37 23 33 27 20
8 4 10 10 19 14 22 35 24 14 13 1 28 2 48 3 43 4 30 5 13 14 32 21 22 23 17 24 24 25 31 27 34 29 43 30 32 17 2 43 3 22 4 26 5 29 6 20 7 17 8 17 10 39 16 31 17 16 18 15 19 33 21 17 22 45 26 29 27 28 29 46 6 10 11 18 29 20 13 22 48 24 48 29 31 15 3 43 4 40 7 11 9 16 10 44 14 30 16 21 17 24 20 43 22 29 23 32 25 36 26 26 28 16 29 21 9 6 37 10 35 11 13 13 30 18 42 19 21 24 19 28 13 30 35 4 2 50 8 44 19 50 25 34 12 1 35 3 30 5 38 7 35 10 11 14 17 16 46 17 44 18 32 24 36 25 46 29 28
3 4 15 42 21 23 22 17 24 21 4 1 21 2 17 4 33 7 46 5 3 36 6 22 11 13 20 32 26 12
4 6 1 26 10 26 13 32 16 43 18 20 24 11 18 1 14 5 23 6 18 7 46 8 19 10 16 11 36 15 23 17 47 18 34 19 14 21 44 23 23 24 18 25 39 26 40 27 29 29 17 18 1 47 6 25 7 46 10 45 11 33 12 16 14 20 15 36 16 11 17 43 18 20 19 38 22 12 26 25 27 36 28 48 29 28 30 11 18 3 11 5 20 9 18 10 31 11 40 12 15 15 43 16 23 17 48 19 10 20 20 21 38 22 34 23 19 24 42 26 25 27 44 30 40
3 13 1 44 4 44 9 25 11 20 13 21 14 22 15 37 19 16 20 11 21 38 23 30 24 41 28 17 7 7 25 14 46 16 43 19 30 21 41 24 37 29 48 16 1 18 2 48 4 50 5 41 10 35 11 12 13 49 14 23 16 14 17 37 21 34 23 14 25 32 26 47 28 34 29 27
7 18 1 27 2 47 3 12 5 31 9 27 11 31 13 47 14 10 15 28 17 46 18 46 22 25 24 34 25 39 26 34 27 10 28 26 29 34 16 2 49 5 13 6 11 8 23 10 45 11 46 12 21 13 48 16 25 18 43 21 11 22 50 24 20 25 14 27 30 28 13 16 2 27 3 32 6 21 7 21 8 18 9 14 12 21 13 21 15 20 16 37 17 48 19 12 24 18 25 26 29 50 30 48 14 4 34 5 37 7 17 8 28 13 38 15 40 16 34 19 23 23 43 24 30 26 48 27 48 29 21 30 24 7 4 44 8 13 14 10 17 14 26 31 27 25 28 23 11 3 40 4 50 5 45 7 50 10 45 11 26 15 45 18 11 22 22 27 43 30 25 4 9 28 17 22 20 40 28 30
6 9 3 12 9 28 10 10 11 30 18 32 25 23 26 39 29 19 30 11 8 2 40 4 31 6 27 12 12 13 36 15 28 23 28 30 37 18 1 50 4 23 6 36 8 15 9 24 12 26 13 15 14 31 15 40 18 23 20 48 21 37 22 31 23 22 24 28 25 37 27 14 30 25 18 1 36 2 44 3 24 4 32 5 22 7 30 8 34 9 18 10 40 12 32 16 12 17 41 18 30 21 45 25 31 26 33 29 21 30 45 14 1 18 2 18 3 30 4 39 6 16 7 28 10 23 13 42 16 32 20 14 21 28 23 14 26 29 27 13 5 9 28 13 40 20 46 26 13 30 22
8 6 6 36 8 44 21 22 24 47 29 18 30 41 13 3 26 6 24 7 46 11 35 12 39 13 32 14 44 15 41 18 48 21 45 25 18 28 39 29 21 13 2 45 3 22 5 35 6 22 8 42 10 32 12 22 13 32 15 40 17 33 18 28 23 33 29 10 5 1 11 8 33 23 37 28 49 30 17 12 3 47 4 42 7 19 8 23 10 47 14 43 18 23 20 50 22 12 23 28 25 36 26 32 6 8 16 10 43 11 12 16 13 22 28 27 42 12 1 10 3 49 8 49 10 28 11 24 12 32 18 48 20 10 21 45 24 11 27 22 28 34 4 5 35 17 15 27 42 29 38
4 6 3 27 4 46 8 35 9 29 14 15 19 19 11 7 11 9 37 13 35 17 49 18 32 20 39 21 49 25 41 26 49 27 16 28 29 8 1 42 2 32 11 31 14 32 18 35 26 38 27 44 28 25 16 7 26 8 28 9 15 10 47 14 35 15 19 16 18 18 28 19 26 21 42 23 34 24 27 25 48 26 12 29 50 30 26
5 13 4 18 5 45 7 32 8 46 9 10 10 50 19 14 20 35 22 27 23 21 25 47 26 34 28 18 10 1 21 9 25 13 12 14 32 15 41 18 29 19 50 20 22 22 48 25 21 15 2 19 4 31 6 43 8 44 9 16 10 37 11 33 13 21 14 13 15 24 19 21 21 23 25 46 27 31 28 30 18 6 38 7 20 10 44 11 13 13 40 14 10 15 11 17 36 19 18 20 43 22 19 23 27 24 44 25 34 27 26 28 20 29 42 30 49 9 4 27 5 33 10 47 13 30 15 36 20 46 26 41 28 30 30 18
5 11 3 17 4 39 5 49 10 16 12 30 14 35 19 30 23 30 24 46 25 16 26 48 13 5 18 7 28 8 49 9 36 12 37 14 11 16 19 22 16 23 41 24 35 25 15 26 34 28 21 15 1 41 2 40 4 43 5 33 6 29 7 23 8 26 13 34 14 20 18 43 19 36 23 13 24 45 28 11 30 50 6 3 42 12 19 20 31 21 43 23 32 25 40 8 2 40 7 25 8 16 14 29 16 50 18 26 20 11 24 14
6 14 1 13 6 10 10 12 11 45 12 33 14 24 15 18 16 48 17 31 19 11 20 44 25 41 27 31 30 24 12 3 22 6 42 10 35 11 49 12 47 19 21 20 34 21 47 22 50 25 40 27 48 29 47 11 2 24 3 45 9 33 10 15 12 13 15 20 18 50 20 18 26 34 27 48 28 15 8 2 47 4 27 7 37 9 16 11 47 15 27 21 35 24 21 8 6 16 12 18 13 25 14 44 17 18 21 37 22 17 24 30 14 1 40 2 46 3 29 5 41 8 31 9 18 10 43 13 14 14 30 15 30 25 50 26 23 28 47 29 49
4 6 1 15 3 50 13 42 21 21 22 26 25 21 8 1 32 2 35 4 25 7 15 21 23 22 50 23 37 28 16 6 8 38 15 21 16 34 24 39 25 19 29 20 7 2 31 3 30 13 41 14 43 18 49 22 26 29 49
3 6 11 31 13 45 14 13 20 12 25 11 29 25 15 2 26 3 50 5 40 6 34 7 21 8 27 9 45 12 32 13 31 15 39 16 34 19 31 21 47 23 29 27 33 18 1 11 3 19 5 13 7 34 9 37 11 32 13 38 14 32 15 24 16 41 17 14 18 44 19 46 20 25 22 47 25 50 26 11 29 25
3 18 1 43 2 23 3 50 5 17 6 47 7 45 8 43 10 25 11 29 12 44 13 20 15 21 19 28 21 29 22 44 26 24 29 43 30 11 12 2 26 3 29 5 15 6 46 7 16 15 42 20 27 22 39 24 38 25 24 27 14 29 41 6 7 30 8 28 15 46 18 26 19 32 22 42
7 14 3 33 4 35 9 30 12 11 13 14 16 32 17 40 18 39 21 12 23 25 25 29 27 15 28 43 30 30 5 2 37 11 33 19 35 22 42 26 33 16 3 21 5 25 9 10 10 12 11 14 12 33 13 17 14 42 16 33 18 26 20 26 24 40 25 41 26 12 27 19 29 47 8 1 26 4 49 5 10 7 34 17 17 21 37 24 29 27 36 18 1 16 4 45 6 28 7 42 8 16 10 48 12 40 13 39 14 22 16 39 17 23 18 17 19 25 21 49 22 11 26 17 27 18 29 16 9 4 50 5 44 10 29 15 50 17 40 18 48 22 34 23 33 29 32 14 6 41 8 36 9 35 10 24 13 37 14 33 17 14 19 43 22 30 23 39 26 40 27 40 29 14 30 30
7 11 3 37 4 35 5 21 7 14 9 15 13 36 17 13 18 28 19 37 23 47 30 46 5 5 18 7 23 9 40 19 37 27 15 15 1 34 7 21 8 12 10 11 12 25 14 11 16 24 17 12 18 42 19 43 20 31 24 16 26 18 27 24 30 11 18 2 19 3 16 4 35 6 24 9 30 12 42 13 43 14 18 16 34 20 18 21 25 22 36 23 12 24 43 26 29 27 50 28 19 29 35 5 5 20 9 45 11 27 19 27 21 43 10 1 23 2 18 3 36 4 44 8 40 17 32 25 29 27 48 28 37 29 49 4 14 23 23 35 25 24 27 30
3 4 10 47 13 20 23 10 30 28 17 1 41 2 42 4 38 5 50 6 50 9 19 10 14 11 49 12 42 14 27 17 13 20 30 21 38 23 46 26 33 27 20 28 33 16 2 27 5 50 8 31 10 11 11 50 13 21 16 22 18 42 19 36 21 44 22 24 23 48 24 18 26 33 27 35 29 14
5 15 3 44 4 13 5 47 9 36 12 18 14 14 15 46 18 29 20 28 21 35 22 49 23 16 25 21 26 50 29 20 14 1 39 4 21 6 32 8 20 9 10 11 41 15 17 17 45 19 21 20 15 23 38 24 25 26 43 27 44 17 4 44 8 31 10 48 11 20 13 31 15 48 16 39 18 27 19 46 20 17 22 13 24 42 25 17 27 50 28 14 29 41 30 13 7 4 15 11 23 16 34 17 48 18 21 22 45 27 28 7 2 11 9 35 16 50 21 49 25 11 28 30 30 15
8 5 1 30 4 48 14 13 26 40 30 36 7 3 48 11 17 12 27 14 15 16 50 20 14 22 48 10 1 48 2 12 6 10 8 47 10 27 16 32 18 33 21 36 26 23 27 36 7 6 31 8 31 18 25 21 33 22 13 24 46 28 45 9 1 40 2 17 7 18 11 36 12 21 17 42 24 16 26 37 29 32 14 1 41 2 43 5 41 6 44 8 12 10 10 12 28 15 27 19 14 20 11 21 20 23 24 27 50 29 50 14 1 35 3 48 9 39 12 50 13 35 14 12 15 40 19 33 20 18 21 25 24 33 25 33 27 30 29 30 6 6 18 12 32 17 35 24 40 29 36 30 35
5 11 3 36 4 27 5 27 7 24 9 50 10 29 16 24 18 41 19 49 24 32 29 11 8 6 20 7 16 14 34 17 39 19 35 21 10 25 24 28 30 14 1 22 3 32 4 47 7 30 9 46 10 15 13 26 16 41 17 10 19 49 24 38 25 37 27 29 30 23 7 2 13 5 32 7 13 9 22 10 26 18 48 19 40 5 4 17 18 40 20 24 21 10 24 13
7 13 2 43 5 17 8 21 9 16 11 31 12 25 13 35 15 30 18 38 23 40 27 17 29 44 30 42 14 2 29 3 33 4 39 11 33 12 11 14 30 16 38 17 29 18 42 19 21 20 25 22 20 23 20 25 31 18 2 43 3 31 5 10 6 13 8 10 9 13 10 12 12 14 14 45 16 25 17 47 19 17 20 14 21 48 26 31 27 31 29 49 30 17 15 2 18 3 12 4 48 5 24 7 44 14 28 17 28 18 47 20 31 23 33 25 31 27 28 28 27 29 45 30 14 17 3 39 5 13 7 46 10 29 12 37 13 25 15 36 16 46 18 24 20 12 21 31 22 45 24 21 25 26 28 48 29 45 30 17 8 2 46 5 30 10 16 12 38 17 20 21 33 28 39 30 44 15 1 27 2 44 4 32 5 28 10 44 11 19 12 13 13 26 17 11 18 13 20 19 21 44 25 21 27 23 30 49
6 11 2 38 8 21 10 16 14 39 15 27 16 38 20 14 25 38 27 39 29 16 30 36 11 3 49 8 13 9 39 10 39 18 20 21 25 22 42 24 34 26 35 28 44 30 20 10 3 40 9 27 10 17 12 38 13 22 17 20 22 30 23 10 26 42 27 43 5 3 36 6 39 13 26 24 50 27 30 7 4 15 5 40 6 11 22 29 25 40 28 43 30 38 16 2 44 4 39 8 38 11 13 12 21 13 14 14 22 17 42 18 29 19 14 21 46 22 19 24 20 25 41 29 25 30 42
3 11 2 46 5 44 7 36 9 25 12 13 13 46 17 27 20 24 25 13 27 37 28 47 10 2 46 5 28 8 42 11 22 13 42 16 47 17 27 26 50 29 25 30 35 18 3 41 5 26 7 23 10 28 11 50 13 23 14 15 16 31 17 13 18 21 20 10 22 41 23 24 24 40 25 33 27 20 28 24 30 23
7 14 1 35 3 33 6 30 10 14 12 11 14 47 15 50 17 11 18 11 23 42 25 46 27 23 28 40 30 25 13 1 22 6 43 7 20 8 35 9 32 11 36 12 16 17 42 20 36 21 35 22 13 27 14 29 20 11 1 16 3 41 4 14 5 32 6 43 12 31 14 42 18 22 22 28 24 26 26 34 8 7 39 9 15 11 14 14 30 18 42 19 20 23 31 25 29 12 2 32 3 13 6 30 7 32 8 49 10 18 12 32 14 49 16 47 22 11 27 10 30 19 16 1 32 3 29 4 15 5 10 9 30 10 36 11 34 12 45 16 32 18 15 19 40 21 49 25 22 26 34 28 49 29 38 4 6 45 9 33 13 37 17 41
7 5 15 39 20 19 22 36 25 26 27 40 7 5 26 6 28 17 33 19 26 21 33 28 19 29 27 9 1 16 6 18 8 23 9 17 13 37 16 39 20 43 21 20 27 22 13 1 24 2 49 4 40 5 26 7 27 12 28 13 42 15 48 17 36 21 48 23 40 28 36 30 29 12 2 48 6 44 7 28 9 10 11 25 12 32 16 38 17 48 18 14 28 43 29 21 30 19 9 4 32 7 39 8 42 9 23 21 20 22 49 26 26 29 25 30 41 16 1 23 3 25 4 13 6 44 8 23 9 35 11 47 12 47 13 40 15 23 16 14 20 13 22 42 23 26 28 11 29 21
8 7 3 39 6 37 9 24 11 31 13 39 19 40 30 30 11 2 48 3 26 4 22 6 13 9 43 16 18 17 19 21 47 22 10 23 32 30 48 15 1 42 2 42 6 19 8 49 9 23 12 24 13 29 14 44 15 24 17 13 18 14 21 12 24 42 25 35 29 34 18 1 19 2 34 4 22 7 49 8 49 9 35 10 14 11 15 15 12 17 49 18 23 19 20 22 42 23 30 25 15 26 17 28 31 30 14 15 1 20 3 33 5 16 7 16 14 18 15 24 16 38 17 29 18 32 19 36 21 34 23 25 25 44 27 10 29 39 11 6 31 7 15 12 37 13 16 17 13 18 33 20 28 22 38 24 26 29 28 30 33 15 2 33 4 31 7 12 8 48 12 10 14 30 15 42 17 14 18 24 20 38 21 22 23 45 24 48 27 46 28 35 6 1 31 6 28 21 28 25 12 28 41 30 30
3 12 2 44 3 18 4 36 5 15 6 30 8 21 14 15 16 40 18 37 22 32 24 33 25 41 12 2 47 5 34 6 18 7 43 9 43 12 49 15 48 17 10 18 10 20 28 21 39 28 19 13 1 10 2 29 5 10 6 35 7 32 10 28 12 16 14 25 18 49 21 29 25 46 26 39 30 38
8 18 2 38 3 49 4 34 6 46 7 17 11 49 13 25 14 13 16 32 17 12 18 47 19 38 22 18 23 42 25 18 26 11 29 23 30 38 12 2 32 4 50 7 32 10 37 12 48 16 32 18 43 20 34 21 12 22 26 23 45 24 37 10 4 47 5 40 9 33 16 24 17 21 20 24 22 34 24 34 26 45 29 36 4 6 36 9 32 23 28 25 36 5 16 48 20 21 24 18 27 12 29 47 13 6 10 7 28 10 48 12 20 13 33 19 13 21 25 22 13 23 25 26 37 27 25 29 37 30 38 18 1 44 2 48 3 21 6 24 7 42 8 50 9 37 10 14 12 47 14 13 15 37 17 20 19 39 21 10 23 19 25 46 27 13 28 15 10 1 36 4 41 9 21 10 26 11 28 16 26 17 28 20 42 21 46 22 26
3 10 1 27 2 39 7 41 13 32 15 17 18 14 22 45 24 43 27 18 30 41 16 1 26 6 11 7 42 8 25 9 45 11 43 12 32 15 24 18 25 19 41 20 16 21 31 25 47 26 25 27 32 28 39 13 1 33 2 17 4 37 8 24 9 49 10 37 11 38 13 32 14 28 25 37 26 39 27 50 29 12
8 10 13 48 14 38 15 22 16 19 18 30 21 21 24 17 27 31 29 31 30 15 16 2 34 3 21 5 21 7 19 12 10 15 16 16 23 17 25 21 34 22 23 24 39 25 37 26 39 28 25 29 32 30 36 4 14 28 15 48 22 31 29 50 18 2 40 3 23 5 38 6 10 7 23 9 36 10 13 12 31 15 42 17 32 19 20 21 23 23 18 24 24 25 17 26 17 27 25 30 29 7 1 25 12 47 13 27 19 49 22 13 25 19 27 44 5 6 39 7 18 12 22 17 35 30 12 5 4 40 14 24 15 20 22 27 28 21 11 2 40 3 41 5 41 10 45 13 26 14 22 15 34 19 12 24 14 27 32 29 39
5 8 1 27 2 15 4 41 6 46 8 41 17 21 24 43 27 39 16 1 40 2 36 4 31 6 48 9 39 10 29 13 40 14 13 15 33 17 49 18 48 22 49 23 31 28 37 29 14 30 42 9 1 37 4 24 7 45 8 38 12 13 17 38 18 41 21 20 22 40 7 1 40 3 30 5 18 11 38 15 43 20 31 27 42 17 1 40 3 34 5 50 8 30 11 39 14 44 16 47 17 15 18 44 19 32 21 14 22 18 23 37 26 30 27 24 28 47 30 17
6 5 11 23 12 43 18 24 20 18 28 34 9 3 44 5 39 12 47 14 28 21 42 25 31 26 36 27 38 30 29 16 2 25 4 21 5 45 6 22 8 40 10 26 14 45 15 25 17 15 18 42 21 25 25 33 27 39 28 20 29 34 30 18 18 4 34 5 23 6 27 7 42 11 32 14 14 16 26 17 36 18 16 19 30 20 50 21 15 22 11 23 23 24 31 26 19 28 48 30 41 4 10 27 11 18 12 34 17 25 17 1 36 4 45 7 41 9 33 10 28 11 29 16 50 17 14 18 20 19 16 20 30 21 18 22 21 23 44 26 13 28 31 29 30
6 11 3 25 10 25 14 37 15 37 18 46 19 21 21 27 24 16 28 40 29 27 30 13 11 1 42 2 28 3 39 9 26 13 31 14 50 17 46 19 37 21 22 26 38 29 32 4 10 40 20 29 23 43 26 44 4 15 15 23 44 25 19 30 37 15 2 20 4 31 8 38 9 10 10 33 13 39 15 11 16 14 18 23 19 46 20 35 21 30 22 24 25 20 30 44 12 1 18 5 50 6 30 7 27 8 19 13 45 15 36 16 23 20 30 21 41 27 26 28 26
3 10 1 17 5 31 8 31 10 30 15 25 22 16 24 47 27 36 29 48 30 29 16 1 30 2 14 3 34 6 16 7 43 9 26 11 44 12 28 13 30 18 11 20 11 24 38 25 34 26 40 28 43 29 23 14 1 18 2 22 9 29 10 24 11 41 14 46 18 41 19 35 20 25 21 30 23 21 25 10 27 50 28 40
4 14 3 26 6 40 8 48 9 43 12 24 13 46 18 26 20 22 23 13 25 15 26 33 28 24 29 34 30 33 10 1 40 3 23 12 34 16 21 17 45 18 16 20 20 25 34 27 32 28 29 11 3 43 6 36 10 13 12 43 13 50 15 41 19 47 21 42 23 23 25 13 26 16 15 1 36 2 45 5 10 8 18 9 34 10 14 15 47 18 19 19 46 25 42 26 21 27 19 28 35 29 40 30 26
7 13 2 25 3 46 4 11 5 16 6 37 8 42 15 47 17 22 20 43 23 19 28 19 29 32 30 49 17 2 39 4 11 5 33 9 41 10 25 11 43 12 15 14 39 16 38 17 24 19 30 21 43 23 20 27 46 28 44 29 17 30 26 9 7 25 9 36 11 46 12 28 18 13 21 22 25 32 29 18 30 23 18 3 34 5 34 7 24 8 48 11 37 12 44 13 50 14 46 15 16 17 18 19 14 20 22 22 17 24 32 25 50 26 41 28 10 30 30 12 1 45 3 22 6 25 7 32 11 40 12 29 13 45 14 24 15 28 17 11 21 14 23 17 8 2 36 3 28 6 29 7 36 11 45 21 34 23 50 24 50 17 1 10 2 48 3 28 4 11 7 34 8 50 10 28 11 43 13 34 14 29 18 27 20 45 22 27 23 22 25 25 27 43 28 38
7 7 2 30 3 27 9 39 10 38 14 42 16 16 20 27 9 7 41 11 28 12 14 14 47 21 37 23 29 26 20 28 10 29 34 4 1 15 5 33 16 24 26 27 6 4 15 7 45 8 47 16 26 18 22 28 10 13 1 48 7 38 10 18 11 48 12 48 13 12 16 48 18 16 24 44 26 32 27 38 28 29 29 37 6 2 23 4 38 15 32 20 48 27 46 30 36 5 1 18 3 31 4 49 12 24 26 43
3 16 2 31 4 11 5 23 11 20 12 33 13 26 15 38 16 22 18 30 19 26 20 21 22 43 24 18 27 26 28 34 29 31 4 8 43 12 13 16 28 27 17 8 5 26 6 35 7 50 11 36 13 12 24 50 26 15 27 32
8 10 2 18 5 14 7 23 9 16 17 10 18 12 21 48 25 10 28 21 29 49 15 1 33 3 44 6 41 7 38 8 48 9 40 10 49 11 29 15 15 16 16 17 32 18 41 21 48 22 20 23 26 4 2 31 6 40 25 26 29 40 10 2 37 7 26 10 24 11 12 12 25 13 27 15 50 17 26 20 10 29 22 9 1 36 4 34 5 20 6 30 8 34 21 15 23 12 24 26 30 40 11 1 45 2 39 4 31 5 49 11 17 14 17 17 46 21 38 23 10 29 28 30 38 11 2 49 3 39 5 40 6 44 11 21 13 14 14 18 16 32 17 24 25 27 29 39 6 3 29 4 11 9 10 18 50 21 42 28 33
4 8 3 34 5 40 6 36 7 14 14 33 15 22 19 16 26 22 13 6 38 8 49 10 34 11 16 12 17 13 30 14 18 15 13 19 17 22 19 26 17 27 40 30 31 17 2 29 5 37 6 40 8 42 9 35 10 39 11 32 12 34 13 34 14 29 15 48 18 20 19 38 20 48 25 42 28 48 30 11 7 4 26 7 50 10 12 13 37 24 31 25 19 30 10
5 8 4 13 6 20 7 42 11 39 13 46 15 49 20 21 29 20 16 1 43 4 50 5 38 8 20 9 20 11 32 12 10 15 11 18 16 20 12 22 25 23 18 24 23 28 21 29 37 30 21 4 4 22 13 35 15 44 25 18 6 2 11 3 48 5 18 15 37 17 17 26 36 15 1 34 2 25 5 25 8 39 9 36 10 16 11 37 13 47 14 18 15 40 17 19 20 33 23 20 25 11 26 22
8 11 6 40 10 47 12 48 14 16 16 29 18 31 19 40 23 36 25 29 27 22 29 24 12 1 18 5 32 8 20 10 27 12 17 13 28 14 18 19 34 20 43 26 10 28 32 30 37 10 1 40 4 45 6 38 11 12 13 20 16 42 23 33 25 29 26 34 30 24 4 2 46 3 47 14 12 22 33 6 6 50 8 12 13 43 14 16 17 48 18 45 5 3 47 6 15 7 29 19 48 25 29 10 1 42 5 28 6 50 11 17 12 39 15 48 19 44 22 30 25 35 28 42 17 1 21 4 22 5 35 8 38 10 23 12 12 14 35 16 31 17 48 18 17 19 41 20 24 23 43 25 43 27 36 28 47 30 24
8 7 2 38 5 44 11 16 13 41 20 14 23 43 27 47 9 8 13 10 23 11 41 13 17 17 28 21 12 24 36 28 46 29 37 12 4 40 7 27 10 16 11 31 12 42 16 47 17 48 18 31 22 14 26 15 27 33 29 27 9 3 49 9 44 15 45 18 40 22 13 26 46 27 38 28 27 30 46 5 7 14 9 29 11 38 12 26 30 19 17 4 43 5 36 6 11 8 36 9 43 12 33 13 30 14 11 15 38 19 30 20 19 23 49 24 27 25 46 26 33 28 17 29 10 12 6 13 9 47 11 16 12 21 13 19 15 23 16 30 19 20 23 37 25 24 27 41 28 47 15 1 33 3 21 7 22 8 12 10 39 11 50 12 21 13 12 18 16 19 48 20 11 24 39 25 50 26 37 29 33
3 5 3 50 9 42 13 44 15 31 20 47 12 1 31 2 24 5 12 7 14 10 27 13 30 14 25 19 46 21 16 24 40 26 43 28 15 10 3 10 6 41 9 12 11 26 13 38 19 45 22 35 24 50 26 45 29 44
3 7 7 34 11 22 12 20 17 43 18 39 20 40 28 20 17 2 34 3 21 4 47 6 38 8 46 10 43 12 30 13 17 14 29 16 37 17 18 20 17 21 39 25 19 28 37 29 29 30 31 15 2 21 4 16 6 47 8 23 9 35 10 39 13 45 14 47 16 38 19 41 22 17 23 32 25 30 26 28 29 19
7 8 2 32 5 28 6 38 11 34 21 48 23 32 24 33 26 36 8 6 26 8 44 11 11 13 42 17 21 19 46 20 24 27 15 8 1 47 8 50 10 15 15 11 16 14 17 47 21 46 25 40 13 5 44 10 38 11 45 12 40 16 24 18 21 19 20 20 32 22 32 24 24 26 42 27 18 28 28 6 1 23 2 34 11 35 14 47 20 21 28 29 6 11 15 14 17 19 38 22 22 25 49 28 26 6 5 33 6 15 18 18 20 14 21 22 27 50
3 5 1 14 4 40 15 40 19 13 22 11 15 1 32 2 16 5 31 6 33 7 18 8 23 9 48 13 42 16 25 17 29 18 12 21 50 23 37 26 35 28 33 14 1 14 2 23 3 22 10 41 11 20 12 50 15 14 17 38 18 16 19 38 23 27 24 34 25 10 28 31
3 11 3 29 8 35 9 16 10 30 13 16 14 28 15 45 20 12 21 19 22 46 30 18 12 1 43 9 14 10 22 11 23 12 27 14 37 22 34 23 14 25 42 26 29 27 23 30 49 9 6 47 8 27 9 38 10 24 14 31 18 47 21 24 25 18 26 36
3 10 1 48 2 40 6 31 9 44 14 48 19 11 24 16 26 32 27 29 30 23 7 1 18 5 25 7 15 16 48 19 36 26 49 29 15 6 4 42 7 22 8 15 11 15 18 49 25 35
7 10 2 44 3 40 4 28 7 38 8 44 9 25 13 36 24 14 25 28 28 24 11 1 25 9 50 10 21 13 22 17 45 18 48 23 47 24 26 25 21 29 50 30 15 9 1 18 2 48 7 40 8 13 11 28 15 35 16 34 22 22 29 24 4 3 38 9 18 12 26 13 24 5 3 13 11 42 12 11 15 29 26 11 5 3 49 5 17 11 42 24 29 25 11 6 3 14 11 30 17 13 18 29 21 48 22 48
5 11 2 17 3 16 7 34 11 12 13 36 15 22 20 10 23 24 24 33 29 45 30 31 4 1 14 2 40 7 32 16 20 14 1 24 2 23 3 30 7 33 8 17 9 15 10 37 17 20 19 50 22 33 23 50 25 47 26 28 29 18 11 2 31 3 14 4 12 7 34 8 37 17 13 20 46 21 24 22 47 27 48 29 31 9 3 46 5 19 9 26 10 28 11 27 19 44 23 33 27 47 29 17
5 7 6 15 10 41 13 20 17 11 18 44 23 12 24 39 11 4 45 10 41 13 34 14 13 18 38 20 41 22 41 25 18 27 24 28 10 30 47 18 1 15 3 41 6 20 8 18 9 42 11 25 13 13 16 40 17 25 19 14 20 49 22 17 23 31 24 37 25 38 28 24 29 21 30 21 4 3 10 11 12 21 32 22 21 13 1 28 2 44 3 45 4 40 7 18 12 45 14 17 15 34 16 41 19 42 20 16 25 21 30 15
3 5 1 33 4 15 8 11 15 17 30 14 12 2 23 4 42 5 12 7 24 11 30 12 43 14 13 21 24 22 34 23 30 25 23 29 11 18 1 49 2 28 3 16 6 12 7 27 8 50 10 41 13 44 14 38 15 47 16 37 18 14 20 28 21 13 22 21 27 15 29 20 30 15
7 15 3 17 5 24 6 29 8 25 10 43 12 48 16 14 18 32 20 26 21 19 22 19 24 42 27 45 28 47 30 13 12 1 17 2 35 3 24 4 31 9 27 13 37 15 18 19 45 22 48 23 12 24 29 25 22 5 6 16 10 11 16 39 18 32 30 42 16 4 21 7 42 8 14 9 43 14 23 15 50 16 24 17 10 18 31 19 37 20 22 24 39 25 41 27 45 29 12 30 27 8 1 27 7 33 12 12 15 16 16 19 17 20 19 17 25 38 12 1 14 3 44 4 34 6 24 7 36 8 49 10 31 11 10 20 37 25 30 28 45 30 50 13 2 39 3 18 4 15 6 40 7 20 9 31 10 18 14 40 21 28 24 38 25 15 26 31 27 24
5 7 9 17 10 12 11 28 14 26 15 44 21 30 23 32 15 2 11 3 20 6 43 10 41 12 41 13 50 15 35 16 11 18 29 20 49 22 41 26 47 27 20 28 17 29 36 18 1 35 5 11 6 25 7 38 8 43 11 14 12 50 13 17 14 48 16 19 18 33 19 37 20 18 21 30 27 31 28 10 29 27 30 49 18 2 15 4 24 5 44 8 25 9 28 11 26 12 18 13 42 14 11 16 31 18 50 20 39 22 40 24 19 25 18 27 28 28 43 29 38 12 1 38 2 26 3 22 4 50 6 23 7 33 14 33 20 44 22 45 26 25 28 49 30 41
8 10 3 21 4 15 7 33 8 25 14 30 17 36 19 14 24 47 26 43 29 49 11 2 10 3 35 4 27 5 31 6 22 10 47 13 46 15 36 19 11 21 29 23 47 13 1 37 2 18 9 24 10 42 14 41 17 45 19 10 23 18 24 49 25 23 26 38 27 26 29 18 12 2 34 5 38 8 17 11 41 12 45 18 24 19 39 20 23 21 32 23 39 25 29 27 35 11 3 42 4 31 5 20 13 40 15 42 18 44 19 12 26 47 27 12 29 24 30 41 13 2 29 3 40 10 23 11 29 12 22 13 49 17 33 18 29 20 33 21 48 22 31 24 10 27 22 8 5 10 9 36 16 28 19 34 20 47 21 15 23 40 30 28 15 1 10 2 48 7 26 8 14 9 16 11 23 12 22 13 36 16 26 17 38 21 29 25 13 27 17 29 48 30 46
5 14 3 11 5 12 8 18 9 35 10 32 15 15 17 31 19 30 20 48 25 14 26 27 27 37 28 33 30 19 16 1 30 3 36 4 34 7 49 9 10 11 49 13 48 15 13 18 19 19 40 21 31 23 30 25 44 27 15 28 16 30 42 14 3 26 5 24 8 23 9 10 10 25 13 18 15 49 17 14 18 25 19 27 22 46 23 39 28 10 30 43 11 4 39 5 45 6 11 10 25 12 25 14 23 17 44 18 30 19 18 20 30 27 48 14 3 18 4 41 6 37 9 26 10 27 11 49 12 35 13 45 16 38 17 48 23 21 25 44 26 11 28 40
5 7 7 44 11 34 14 20 15 25 23 45 24 22 26 29 6 1 38 3 13 17 45 18 43 21 34 26 44 13 6 15 7 32 8 36 9 40 12 33 13 26 14 28 15 24 20 17 22 13 23 16 27 29 29 27 10 2 44 3 28 4 26 7 28 10 41 12 12 20 15 21 40 27 28 30 33 10 6 12 7 36 12 49 15 28 16 42 19 20 22 45 25 33 26 26 28 29
7 10 2 15 4 11 10 50 12 50 18 25 22 25 25 10 27 28 29 17 30 24 9 3 26 6 27 7 29 14 49 20 30 22 17 25 19 27 28 28 43 18 1 31 5 46 6 32 7 43 8 33 9 34 11 35 12 11 14 23 15 27 16 41 17 47 18 29 19 50 21 16 26 14 27 16 29 46 15 2 32 4 49 6 10 9 20 10 16 11 47 12 41 13 24 15 26 17 45 18 14 22 48 25 21 26 44 28 15 11 4 46 6 12 7 34 13 50 16 46 17 48 21 33 22 28 26 22 27 47 28 26 11 1 30 6 38 10 12 11 37 16 20 20 14 21 33 22 21 24 35 25 38 29 24 16 1 39 2 33 3 47 4 16 6 12 7 12 10 43 13 38 15 39 16 40 18 15 19 46 20 35 26 49 29 29 30 37
8 6 2 42 8 14 11 40 16 43 17 26 22 36 6 2 14 17 17 20 45 25 31 27 14 28 24 6 3 45 14 36 17 27 18 38 23 42 29 12 11 2 26 3 14 4 26 5 26 11 13 12 45 13 15 16 38 21 20 27 29 28 17 15 5 49 6 42 7 41 8 37 10 28 11 33 14 33 19 32 21 16 23 49 24 36 25 35 27 48 28 25 30 35 13 2 10 4 44 5 40 6 21 8 50 9 19 11 40 14 26 15 33 16 24 18 23 23 44 24 31 14 1 14 2 27 4 48 6 45 12 27 13 30 14 13 17 25 21 17 22 36 25 35 26 11 29 39 30 34 6 5 13 6 21 20 22 25 36 29 24 30 35
7 6 6 34 14 10 15 44 21 29 26 39 29 24 7 1 10 4 30 11 11 12 29 16 26 18 17 29 26 17 1 24 4 46 5 27 7 44 8 19 9 30 10 18 11 42 15 40 17 41 19 46 20 10 24 34 25 14 26 23 29 35 30 33 4 6 50 23 31 24 42 25 35 4 8 19 15 22 19 27 30 43 14 1 11 4 21 7 13 9 14 10 39 11 35 12 49 14 24 15 26 17 28 18 40 21 22 22 37 28 18 13 2 30 3 37 4 10 5 10 6 49 7 23 10 39 13 14 14 38 15 15 19 15 25 48 29 24
3 18 2 42 3 41 5 48 7 32 8 48 9 23 10 10 11 12 13 11 15 25 16 38 17 11 20 36 21 50 23 39 26 50 27 21 30 14 9 1 21 5 11 8 22 9 18 10 44 12 17 24 33 26 30 28 13 5 3 14 9 40 22 37 25 39 28 45
6 18 1 19 2 47 4 22 5 17 7 12 8 46 9 37 12 28 14 40 15 22 16 45 18 21 22 18 23 48 25 33 26 10 29 29 30 41 16 1 32 3 38 4 32 5 48 6 15 7 37 8 33 11 37 13 34 14 19 17 20 23 38 24 44 26 18 27 50 29 13 13 1 13 6 20 7 11 10 42 12 31 14 30 17 19 18 23 19 19 21 31 27 31 28 14 29 11 4 2 18 7 46 10 28 21 40 14 3 50 5 13 6 29 10 17 11 21 13 35 15 49 17 41 20 47 21 24 25 47 26 25 29 26 30 48 9 3 47 7 19 11 48 12 10 14 42 15 39 18 17 21 17 28 34
5 17 5 42 6 31 7 49 10 50 12 42 13 29 14 37 15 23 17 32 18 43 19 33 21 44 22 47 24 30 25 19 27 47 28 20 18 5 15 6 20 7 34 8 22 9 36 10 46 11 20 14 33 15 32 16 13 17 19 18 45 20 20 22 31 26 15 27 13 28 30 30 14 9 1 22 4 13 6 32 7 34 11 23 12 24 18 39 25 21 29 24 10 4 18 8 40 9 13 10 26 13 15 14 13 15 11 17 20 20 19 30 19 11 1 25 2 41 3 11 11 33 16 29 18 42 19 45 21 24 26 37 29 16 30 44
6 11 1 37 8 25 10 39 11 48 12 13 15 14 17 48 19 23 21 43 24 17 28 19 4 4 15 7 32 25 30 26 25 11 1 29 2 28 6 21 8 20 12 27 15 46 21 40 24 44 25 25 26 40 29 45 9 3 20 5 17 6 20 7 39 9 18 21 45 22 50 27 29 29 36 4 8 43 10 20 11 39 22 22 10 1 41 5 47 6 23 9 38 13 29 14 15 15 49 20 47 21 49 22 29
7 18 1 40 2 13 3 13 7 30 8 10 11 33 12 43 14 34 15 45 16 21 17 40 19 40 21 29 23 47 26 48 27 18 28 25 30 35 11 1 47 3 47 4 14 5 31 7 29 11 10 13 23 14 40 15 49 27 45 28 16 14 1 42 4 43 9 26 12 45 14 44 18 20 19 28 20 14 21 50 23 26 24 36 25 36 29 46 30 18 4 10 48 18 23 22 35 28 19 16 3 18 4 49 6 15 7 18 8 44 9 30 15 27 16 11 19 12 20 16 21 38 24 15 25 39 27 24 29 40 30 50 17 3 41 4 34 5 34 6 30 7 16 8 34 9 45 12 40 14 26 16 12 17 50 19 13 20 44 22 29 27 44 28 30 29 47 15 1 17 2 45 7 18 8 32 9 10 13 21 15 44 16 21 17 33 18 34 20 16 21 36 22 48 27 27 28 11
7 9 3 17 4 19 7 30 9 33 17 22 19 35 26 19 28 28 29 33 7 3 19 4 34 10 27 12 22 13 39 19 31 26 29 9 2 25 4 11 6 36 7 37 10 38 12 25 16 12 26 13 27 44 5 4 10 14 29 22 37 27 43 28 41 15 1 12 6 35 7 44 10 32 11 11 13 49 14 30 15 17 17 27 21 11 23 41 24 45 25 32 26 44 28 36 13 1 38 8 20 9 23 10 29 11 44 16 13 18 11 19 17 23 36 24 28 25 41 29 48 30 31 18 3 48 4 32 5 42 6 22 9 14 12 25 13 10 15 21 16 14 19 10 20 50 22 27 23 21 25 34 26 22 27 33 28 32 30 16
7 16 1 16 5 46 6 23 7 48 8 11 9 24 10 15 11 43 12 43 17 26 19 12 22 33 24 30 26 33 28 18 30 44 8 1 49 2 43 3 19 4 24 11 18 14 15 15 19 26 43 5 6 32 16 36 19 48 22 29 23 18 4 1 49 2 31 17 32 18 46 14 2 24 3 39 7 43 10 49 11 34 12 42 13 19 14 19 15 27 17 23 22 43 23 40 27 39 28 14 18 3 13 4 28 5 46 7 12 8 28 9 11 10 42 11 47 13 16 15 34 16 31 17 21 18 11 21 34 25 39 26 31 28 39 30 23 4 4 43 6 18 8 29 20 46
6 8 3 12 6 38 10 19 11 26 12 13 23 34 25 13 26 34 17 1 45 2 34 3 18 4 12 5 10 8 26 10 16 11 17 12 23 13 12 17 14 22 44 23 34 25 21 27 40 29 29 30 32 6 1 40 6 10 12 45 13 50 21 44 25 21 7 1 10 16 49 18 49 19 37 22 42 25 12 29 45 5 8 19 15 13 17 35 18 24 22 45 7 2 47 5 30 8 37 18 41 19 31 23 15 27 42
7 14 1 27 3 44 7 31 10 25 11 17 12 29 16 19 17 18 20 48 22 47 26 19 28 36 29 29 30 16 8 1 28 3 49 4 35 5 43 10 41 14 41 17 39 26 22 12 1 41 3 30 7 35 10 21 11 47 14 17 18 13 20 27 21 43 26 21 27 11 30 11 5 13 34 16 43 22 21 26 29 28 14 16 2 34 6 16 7 27 8 30 9 18 11 17 13 20 14 22 15 15 16 44 17 12 22 42 26 31 27 26 29 14 30 40 12 1 15 2 12 4 48 6 49 10 31 13 20 15 18 16 47 18 37 21 14 26 24 29 39 18 2 11 3 39 5 11 6 21 7 43 9 45 10 50 11 48 15 22 16 10 17 40 19 43 20 12 22 27 25 50 27 20 28 35 29 33
3 17 1 16 3 45 6 49 7 32 9 42 11 25 12 49 15 32 16 16 17 42 20 13 21 20 25 39 27 48 28 39 29 38 30 20 10 1 21 4 24 7 40 9 35 14 49 15 47 17 46 21 30 22 42 24 44 17 1 47 4 20 6 40 8 37 10 40 12 41 14 38 15 27 16 13 18 24 20 37 23 22 25 46 26 12 28 48 29 31 30 24
7 6 4 44 5 24 7 18 14 19 22 11 25 10 8 5 46 14 24 19 44 20 27 21 44 22 24 25 44 27 28 17 1 32 4 38 5 41 7 49 8 12 10 39 11 41 12 25 13 45 14 29 17 22 18 25 22 35 23 19 25 11 28 23 29 24 6 8 19 19 24 20 33 22 31 26 43 28 44 16 2 44 5 25 7 25 9 35 13 45 15 18 16 34 18 14 19 33 20 31 21 20 23 24 24 38 26 43 28 44 30 19 13 2 25 4 27 5 11 6 23 10 36 14 47 18 47 20 19 21 42 22 13 26 40 27 35 29 24 9 5 24 6 14 8 46 12 33 15 23 18 14 21 40 26 30 27 47
4 6 6 14 9 49 14 42 16 33 18 29 19 18 16 3 32 4 36 6 19 7 26 8 30 9 44 12 17 15 45 17 36 19 30 20 47 23 37 25 22 28 20 29 10 30 27 6 3 31 8 33 15 34 17 43 25 40 26 39 15 4 29 7 42 10 46 11 10 14 30 15 41 16 21 17 42 18 13 19 10 22 39 24 50 25 31 26 45 29 39
6 18 1 44 2 18 3 41 8 38 9 41 10 50 11 23 12 38 13 17 15 34 16 32 18 35 19 42 20 43 21 39 22 31 23 34 27 12 6 8 42 11 19 19 35 23 26 24 15 30 38 18 1 14 2 18 3 18 5 50 6 12 10 18 11 33 12 30 13 10 15 40 17 46 19 38 20 46 21 37 24 14 25 29 27 45 30 17 8 1 38 2 23 4 44 5 41 8 15 10 34 13 34 25 29 9 4 34 10 40 12 36 14 11 19 35 21 17 25 34 29 13 30 23 4 9 45 16 16 18 24 27 43
4 7 6 35 10 38 18 35 22 20 23 40 26 49 27 42 11 2 35 4 41 5 50 7 47 11 16 12 23 18 37 19 29 24 38 26 27 30 48 15 2 24 3 31 4 32 7 27 8 34 11 42 12 28 13 29 14 50 20 44 21 10 22 12 24 37 25 16 26 35 5 8 48 13 18 15 27 29 29 30 50
7 15 5 39 6 18 7 12 8 23 9 31 10 21 11 28 16 17 17 11 20 20 21 50 22 26 23 14 25 34 27 28 15 1 49 2 12 4 41 10 17 13 47 14 43 16 43 18 44 19 44 22 29 23 15 24 35 27 34 28 37 30 36 7 3 44 5 21 7 32 8 42 17 45 21 14 26 18 7 3 17 10 20 12 37 13 17 21 40 27 19 30 32 5 6 39 8 29 22 13 29 41 30 29 13 1 10 2 31 3 39 5 17 7 15 11 11 14 38 16 23 17 49 20 35 23 35 26 38 28 37 7 1 21 2 11 8 26 14 44 16 11 18 48 21 43
3 6 3 22 6 16 9 31 10 45 23 22 24 15 18 1 34 3 40 4 11 8 29 9 48 10 19 11 48 12 29 13 15 15 35 17 30 20 50 22 15 23 49 26 19 27 16 28 22 30 33 5 7 43 9 10 13 38 20 29 21 49
5 16 2 27 3 23 6 26 8 34 9 10 10 38 11 37 12 28 13 32 15 42 19 49 20 38 21 49 23 18 27 22 28 43 5 2 30 9 39 23 25 24 41 29 19 13 3 41 4 36 5 48 7 34 9 15 14 29 15 31 16 39 20 49 21 46 22 48 26 10 30 48 6 4 26 9 10 10 33 21 21 26 46 27 24 9 6 32 7 17 11 11 13 50 17 17 21 19 23 17 26 25 29 42
8 4 3 40 4 44 7 45 25 34 15 1 34 2 31 4 20 8 44 10 13 12 30 14 40 15 34 16 41 18 10 19 28 20 33 25 29 27 37 30 48 11 1 17 4 16 5 26 6 32 9 48 11 16 16 13 22 35 25 39 26 22 27 34 18 1 20 3 23 5 36 6 19 9 27 11 27 12 35 14 32 15 45 16 29 19 13 20 21 21 42 22 17 23 21 24 20 27 14 29 37 7 2 18 6 39 10 46 13 37 19 43 26 23 27 35 12 1 46 2 32 6 25 8 11 13 12 15 14 16 12 17 41 24 44 25 30 26 37 30 20 14 1 15 3 19 8 38 9 13 10 13 11 34 16 15 20 20 21 28 23 19 24 14 27 13 28 32 29 30 16 4 18 6 33 7 16 8 33 10 40 12 38 15 17 16 30 17 35 18 14 19 39 24 18 26 37 27 37 29 28 30 17
8 14 1 50 4 40 9 14 12 10 13 27 16 10 18 22 19 40 20 46 22 32 23 18 26 21 27 34 29 19 13 2 43 6 16 8 11 11 32 12 33 13 50 14 21 15 34 16 35 17 11 20 39 21 17 22 15 7 3 10 6 35 9 27 15 12 22 37 23 21 27 19 5 5 22 10 13 17 31 24 34 28 46 13 3 23 5 11 11 47 12 32 13 48 15 16 17 22 20 29 22 26 23 23 24 37 27 40 30 47 9 2 15 4 21 8 10 17 43 21 27 24 47 26 41 28 20 29 48 18 1 37 2 20 4 12 7 15 11 32 12 48 13 23 15 35 16 34 17 38 18 30 21 40 22 24 25 49 26 37 28 30 29 24 30 33 5 11 29 12 34 18 34 19 31 30 33
7 9 2 20 6 33 9 13 12 18 18 33 23 10 25 26 27 11 29 24 9 1 36 8 39 13 38 16 28 20 31 21 13 22 31 27 10 29 14 8 2 49 12 41 15 27 22 31 26 45 28 30 29 24 30 25 9 2 20 8 18 9 35 11 40 15 28 17 37 18 43 26 35 30 28 13 3 20 4 47 6 20 8 32 9 20 12 32 15 22 16 35 21 22 22 22 25 44 28 34 29 39 6 7 26 10 25 17 37 19 31 25 47 30 35 16 2 43 3 43 4 12 6 30 7 27 9 16 10 25 13 26 14 42 17 11 19 44 20 36 22 23 25 41 26 28 29 39
3 12 1 35 5 19 6 41 10 27 11 33 17 39 21 22 23 26 26 43 27 40 28 34 30 21 16 3 18 4 30 5 48 6 12 7 25 8 50 10 18 11 26 13 24 16 13 17 47 19 25 22 43 25 16 26 37 30 26 16 4 33 5 47 6 34 11 23 13 22 14 38 15 22 16 27 18 42 19 23 20 22 24 13 26 20 27 32 29 34 30 26
6 11 3 24 6 22 7 11 8 14 9 17 13 13 14 12 17 25 18 14 20 22 28 27 17 3 14 4 19 5 49 6 17 8 50 9 21 10 38 14 32 15 30 16 14 18 13 19 49 22 37 23 36 26 25 27 18 30 14 7 2 11 11 39 12 13 13 23 22 45 24 22 28 37 9 1 28 6 23 8 23 13 19 17 43 21 32 25 41 26 10 29 11 9 1 18 6 44 10 10 15 46 16 20 19 35 24 48 27 48 29 36 10 2 49 3 25 4 48 5 14 6 26 10 40 11 21 18 48 21 40 22 13
4 6 1 31 8 22 16 36 17 19 25 38 30 43 15 1 11 3 12 4 41 5 12 10 13 11 37 12 14 16 14 17 43 20 12 21 15 22 42 27 23 28 42 29 36 13 4 31 6 33 9 23 10 46 15 15 17 39 18 32 22 39 23 37 24 42 26 25 27 34 28 29 15 1 10 7 33 8 42 11 45 13 14 14 40 16 25 18 22 19 47 22 17 23 44 25 23 26 35 27 47 30 18
4 16 2 13 3 32 8 13 9 22 11 33 12 40 13 48 14 42 19 28 22 41 23 27 24 18 25 10 26 10 27 19 30 13 9 3 35 4 12 16 30 18 24 19 26 20 35 28 33 29 40 30 10 15 3 11 4 42 6 14 8 34 10 11 11 50 16 43 17 38 18 19 19 23 20 18 21 48 24 49 26 18 29 19 12 1 26 2 40 3 11 5 21 7 23 11 49 12 20 13 22 15 22 22 31 23 29 25 21
4 14 4 46 5 17 6 42 9 15 10 37 11 19 13 26 18 39 19 30 20 48 21 25 24 46 29 28 30 35 14 1 31 4 48 5 37 7 16 8 15 11 13 16 47 19 41 21 35 22 43 23 44 26 43 27 27 30 31 12 1 45 4 16 9 48 12 21 14 21 15 20 16 47 17 43 20 45 22 41 28 12 30 11 13 5 46 7 44 8 43 11 46 14 45 16 23 17 31 22 43 23 41 24 46 25 20 27 25 28 21
6 15 3 16 6 19 8 49 9 13 11 25 13 49 15 41 16 12 18 32 19 27 21 13 22 31 23 16 24 18 26 26 9 3 17 4 15 6 26 7 27 9 34 16 21 22 12 23 13 27 19 18 2 21 3 43 5 18 8 37 9 46 12 31 13 13 14 26 16 44 17 27 21 27 22 39 23 50 26 47 27 21 28 17 29 14 30 21 5 5 35 13 29 17 24 23 17 25 46 8 3 15 7 17 9 42 11 24 14 27 22 34 23 29 26 32 12 8 19 9 50 10 28 13 33 15 12 16 13 18 43 21 34 23 12 27 21 28 20 30 49
8 13 3 27 4 11 7 20 8 29 9 27 12 29 15 44 17 16 19 26 20 35 21 17 24 28 30 16 10 9 21 10 41 11 41 12 35 14 46 15 44 20 17 22 23 23 36 27 37 4 2 11 5 29 6 30 22 31 4 14 43 24 15 26 46 29 47 17 1 16 2 16 3 26 4 11 5 24 7 24 9 13 10 21 12 48 14 36 16 23 19 26 20 29 23 31 24 26 25 30 27 33 14 5 24 6 29 7 10 8 28 9 39 11 30 14 22 15 33 18 48 19 38 20 48 21 39 26 25 29 44 15 2 17 3 14 4 18 5 13 6 12 7 28 8 29 10 47 14 35 16 49 18 30 20 25 22 40 23 47 29 39 18 1 29 3 36 5 37 6 32 8 43 10 41 13 24 14 20 16 20 17 30 19 42 20 22 21 13 22 17 23 28 24 10 27 20 29 11
3 16 3 23 4 44 5 41 6 15 9 13 10 46 11 23 12 31 14 33 15 16 18 24 19 45 21 23 27 33 28 11 30 14 8 7 11 8 19 17 25 19 27 21 14 25 10 27 44 30 44 11 5 46 7 27 13 39 15 35 16 20 19 20 20 29 22 40 24 40 25 41 30 41
6 7 2 47 3 36 4 12 5 40 6 33 10 42 20 36 15 2 33 3 12 5 16 6 44 7 16 9 16 11 29 12 14 15 28 21 31 23 26 24 39 25 17 28 48 30 12 15 2 26 4 10 6 15 7 10 10 28 11 31 14 28 17 36 18 10 19 14 21 15 23 13 25 45 26 31 30 26 7 4 40 5 29 12 24 14 42 23 38 24 41 27 15 9 1 25 3 38 8 25 15 27 16 50 19 37 22 46 25 48 27 29 11 1 34 3 42 5 20 6 15 9 40 14 42 16 34 22 29 23 11 26 23 29 45
4 11 5 47 6 18 9 34 10 30 12 21 17 19 21 28 27 44 28 18 29 22 30 47 18 2 41 3 20 9 32 10 34 12 11 13 47 14 28 15 31 16 10 18 45 19 21 24 10 25 33 26 48 27 29 28 20 29 24 30 33 17 1 22 3 20 4 33 6 36 8 15 12 17 13 49 14 41 17 44 19 12 22 41 23 30 24 14 27 30 28 32 29 43 30 32 11 6 33 8 17 11 44 12 19 15 13 16 39 20 48 21 40 22 22 25 32 30 11
7 9 3 46 6 12 11 26 12 42 13 15 15 14 19 26 20 43 25 29 17 1 21 8 49 9 11 10 12 11 15 12 19 14 16 16 38 17 47 19 39 20 17 21 32 22 14 25 41 27 44 28 40 29 23 18 1 48 6 29 8 23 9 28 10 48 12 25 14 36 15 37 17 41 18 26 20 42 22 41 23 25 24 45 26 14 27 21 28 41 30 14 15 5 32 7 47 9 44 13 20 14 37 15 18 17 25 18 25 21 23 22 26 23 10 24 23 26 15 28 40 29 32 10 4 47 6 10 7 25 11 41 16 34 17 22 18 28 23 50 26 18 28 40 12 1 32 4 31 6 34 9 32 12 42 15 35 16 27 19 31 20 27 21 39 27 15 28 12 18 3 49 4 30 6 16 10 11 11 39 12 21 13 26 14 31 15 49 16 37 17 49 18 35 21 10 24 32 27 49 28 22 29 26 30 43
5 5 4 49 9 26 13 41 15 43 21 22 11 2 18 9 42 13 14 15 27 16 37 18 37 20 26 22 39 23 48 26 42 29 35 9 5 49 12 44 14 19 17 35 18 35 19 16 22 40 27 18 29 47 5 3 16 5 38 8 24 10 38 15 19 13 1 22 2 37 5 34 6 30 7 46 15 20 17 37 21 49 23 36 24 30 26 30 27 32 29 13
6 8 2 46 8 17 11 43 15 32 16 10 26 37 29 13 30 32 7 12 49 14 39 21 48 24 21 27 42 28 40 30 34 6 4 15 8 28 24 35 26 29 27 44 30 33 6 4 14 6 47 7 15 14 25 19 44 26 45 18 2 42 5 36 7 24 8 36 10 24 11 39 13 13 14 41 15 38 16 46 18 21 19 45 22 33 24 26 25 43 27 26 28 33 30 41 9 5 22 6 29 7 30 9 18 16 14 18 44 20 38 23 47 30 24
6 17 3 28 5 32 6 36 9 25 10 13 12 12 14 17 15 25 16 30 17 19 18 35 19 39 20 36 21 19 24 10 27 38 30 15 17 2 46 4 21 5 18 7 17 8 13 9 29 10 21 12 22 13 40 15 40 19 37 20 14 22 32 24 50 26 37 27 28 28 23 13 3 13 6 17 7 24 12 37 14 26 15 29 16 17 20 28 21 10 22 22 24 39 25 42 27 28 11 5 23 8 38 9 26 16 24 17 25 20 22 23 10 24 42 26 41 27 41 29 26 6 8 47 11 39 13 10 20 13 24 15 30 45 5 2 38 5 10 6 15 24 18 26 23
3 7 4 25 5 37 15 39 18 41 20 33 26 35 30 40 17 2 33 4 10 6 35 7 22 12 48 13 19 14 44 16 46 17 47 18 44 19 20 21 11 24 15 27 39 28 38 29 14 30 47 13 3 17 5 20 7 41 8 26 13 39 15 17 16 19 17 37 19 10 21 43 25 42 28 39 30 21
3 14 1 43 6 37 9 24 10 48 12 19 14 46 15 29 16 21 17 37 22 36 23 50 26 28 27 46 28 40 5 3 26 7 36 10 40 12 43 18 29 9 1 25 10 46 13 22 19 22 21 36 23 23 24 27 26 25 27 35
6 12 7 31 8 50 9 33 13 37 14 48 16 31 17 27 18 21 20 26 21 24 22 50 26 44 14 2 15 3 23 4 48 6 46 8 37 12 31 13 47 14 35 16 42 19 26 22 49 23 13 28 33 29 22 16 2 45 4 41 5 50 8 24 11 37 12 41 14 11 18 42 20 26 21 23 22 21 23 31 24 19 25 45 29 14 30 27 6 8 29 9 49 17 15 19 20 21 48 23 44 14 1 37 3 28 5 18 6 46 7 45 8 44 10 46 13 12 14 45 17 13 19 42 20 22 26 46 29 42 13 1 44 2 27 3 44 8 31 10 23 12 31 15 10 18 20 19 37 21 43 25 10 27 42 29 35
4 8 2 12 8 41 9 28 14 32 18 44 19 48 27 37 29 50 4 1 29 3 11 13 34 23 36 7 4 21 8 17 9 30 10 38 13 12 20 17 25 23 18 1 44 2 48 3 38 4 38 5 17 6 48 11 32 13 17 14 14 15 42 18 49 19 44 20 43 21 28 23 14 25 14 28 24 30 22
145 113 51 58 48 92 79 106 79 73 78 112 62 43 57 129 90 42 84 120 62 120 91 53 89 115 102 42 101 45 137 86 93 81 39 73 92 136 37 152 76 86 128 146 56 54 125 56 46 47 120 92 70 45 102 94 107 86 89 115 157 101 58 102 65 72 101 119 87 81 128 48 123 57 84 68 132 59 70 158 112 134 52 75 61 73 74 73 145 56 74 60 135 69 111 92 54 46 118 63
1 3 3 1 3 3 3 3 2 2 3 3 2 3 3 3 2 3 1 2 2 2 2 1 1 3 1 2 2 2
# Instance ID: 89
# Total operations: 544
# Actual flexibility: 0.364
# Generated: 2026-02-14 14:26:23
# Format: Extended Brandimarte for MOFJSP (Comparison Dataset)