15 10
5 4 1 33 4 10 6 30 10 43 2 1 50 10 25 2 5 18 6 16 4 1 12 3 29 5 28 9 39 6 2 31 4 41 6 32 8 22 9 20 10 35
7 1 4 24 6 1 17 2 33 3 12 4 34 5 50 7 26 5 1 11 6 13 8 17 9 36 10 38 4 2 19 4 23 5 50 9 10 3 2 49 5 48 7 18 4 2 17 3 16 9 41 10 22 5 3 36 4 28 5 20 6 12 10 45
8 4 2 10 4 10 6 15 8 17 5 2 14 3 16 5 26 7 24 8 39 3 1 16 5 21 8 12 3 6 17 7 16 10 12 1 3 20 3 5 15 6 33 8 31 2 2 35 7 39 3 7 20 8 17 10 18
5 6 1 46 2 38 3 21 4 49 5 34 7 32 5 1 36 3 38 4 12 8 14 10 26 6 1 43 3 49 4 16 5 37 6 25 10 40 3 1 10 3 20 7 42 4 2 41 3 30 7 25 8 31
3 3 1 45 4 34 9 35 2 2 38 8 46 4 2 17 3 41 8 11 9 16
7 4 1 15 7 48 9 49 10 50 3 4 39 9 31 10 33 1 4 39 3 6 38 8 17 9 16 6 1 45 3 43 4 33 6 16 7 12 8 20 4 2 49 3 22 7 22 10 17 4 4 31 6 16 8 36 10 12
4 6 2 42 4 18 5 41 6 10 8 43 10 13 5 3 21 5 18 6 16 7 34 8 48 5 4 25 5 27 6 35 7 31 9 28 4 3 42 5 29 7 45 10 30
8 6 2 32 3 18 4 21 5 42 9 44 10 50 3 2 47 6 46 8 36 6 1 16 5 11 7 34 8 19 9 13 10 13 2 3 28 5 26 2 1 23 5 44 1 6 38 1 10 45 2 7 25 9 42
5 6 1 45 3 13 4 10 5 26 7 22 8 49 4 4 22 6 28 7 38 10 21 6 1 34 2 12 3 37 5 27 6 45 9 26 2 3 10 5 31 4 1 48 3 13 8 50 10 49
3 6 1 43 3 24 5 21 6 43 8 14 9 42 2 7 44 9 35 1 6 24
4 2 6 33 10 28 2 9 40 10 45 6 1 49 2 25 4 12 5 30 6 34 9 17 4 1 43 5 33 9 42 10 42
4 4 1 22 5 30 6 42 8 15 1 3 44 5 1 23 2 37 4 16 6 23 7 44 6 1 12 2 15 3 14 4 13 7 21 8 26
6 5 2 38 4 50 5 35 7 37 9 30 1 7 17 5 1 32 2 42 6 16 8 28 10 29 5 2 11 4 40 5 20 7 44 8 24 2 7 28 9 50 2 5 10 6 45
7 5 1 48 2 35 3 44 5 45 8 15 3 4 36 6 42 10 19 2 3 49 4 26 2 2 46 3 13 5 2 14 3 26 6 16 8 22 9 47 4 3 25 6 16 9 28 10 49 1 4 30
5 4 5 47 6 19 8 46 9 46 3 3 10 6 30 7 25 2 5 33 7 18 6 3 41 4 45 6 16 8 21 9 48 10 15 3 3 26 4 50 9 14
85 93 136 60 42 126 53 144 79 54 50 67 102 106 98
3 3 3 2 3 2 3 1 1 1
# Instance ID: 13
# Total operations: 81
# Actual flexibility: 0.360
# Generated: 2026-02-14 14:26:22
# Format: Extended Brandimarte for MOFJSP (Comparison Dataset)