10 5
8 3 3 50 4 36 5 28 1 4 11 2 2 33 4 15 2 1 37 2 47 2 1 35 5 29 3 2 20 3 14 4 42 3 1 32 2 19 4 25 1 2 26
4 1 2 48 1 1 21 3 3 47 4 38 5 46 3 3 30 4 19 5 38
4 1 4 38 3 3 13 4 32 5 42 1 3 39 2 1 33 5 28
3 1 1 49 3 2 47 4 45 5 12 2 2 30 5 48
4 2 2 13 5 38 1 3 15 3 1 38 2 38 4 43 3 2 33 4 28 5 34
7 2 1 50 3 31 1 3 16 3 2 48 3 19 4 31 1 5 19 2 3 18 4 48 3 1 34 3 31 4 18 3 1 37 3 42 5 33
4 1 3 29 1 2 31 2 2 18 5 19 1 3 16
6 3 1 31 3 49 5 18 3 1 21 2 49 4 20 3 1 33 2 25 4 38 3 1 44 3 25 4 29 2 2 46 3 38 2 3 42 4 43
6 2 2 48 5 18 2 1 33 4 45 1 5 17 2 1 27 2 38 3 1 24 2 38 4 32 1 4 13
6 2 3 25 5 34 1 3 24 1 3 16 3 1 12 2 28 3 40 3 2 49 4 10 5 15 1 3 23
141 64 74 55 50 132 49 72 116 113
3 2 3 2 1
# Instance ID: 6
# Total operations: 52
# Actual flexibility: 0.404
# Generated: 2026-02-14 14:26:22
# Format: Extended Brandimarte for MOFJSP (Comparison Dataset)