15 10
3 5 2 21 3 46 4 46 9 19 10 40 3 1 24 4 14 8 26 3 1 43 4 33 10 34
6 4 1 30 6 16 8 43 9 50 3 3 34 5 34 9 33 5 2 43 4 35 5 32 9 32 10 41 4 1 20 3 24 4 14 10 42 6 2 48 3 17 4 24 5 36 7 31 8 17 4 4 20 5 36 8 11 10 25
7 1 3 46 5 1 13 2 20 3 26 5 21 10 43 4 1 23 5 38 9 48 10 40 4 3 19 4 47 5 21 7 49 6 3 39 5 48 6 47 7 14 8 24 9 34 4 1 43 2 42 3 36 9 19 5 2 12 3 44 5 42 7 17 8 15
6 4 1 37 3 43 7 36 9 33 1 9 37 2 7 32 8 47 6 2 24 3 15 4 28 7 48 9 44 10 36 3 1 46 4 43 9 17 5 1 36 3 33 4 16 6 19 7 37
8 6 4 46 5 33 7 49 8 27 9 35 10 23 4 2 33 8 45 9 45 10 40 3 5 18 6 17 7 24 4 2 35 3 31 4 45 5 49 6 1 19 3 40 6 48 7 37 8 15 10 14 3 2 48 4 12 6 34 4 5 48 6 13 9 21 10 50 4 1 43 4 28 7 22 8 12
7 5 2 12 4 33 5 25 9 10 10 20 1 5 35 3 4 43 7 10 10 14 1 9 28 6 2 48 3 22 6 39 7 35 9 46 10 10 3 2 45 3 14 7 42 3 2 44 5 46 6 26
7 6 2 39 3 39 7 47 8 11 9 40 10 17 3 2 24 4 30 7 36 3 1 26 9 25 10 28 1 7 31 1 9 21 4 4 27 5 21 6 22 10 41 6 2 24 3 22 4 25 7 49 9 32 10 19
5 1 2 15 6 1 49 3 30 4 41 7 46 8 27 9 41 2 5 35 9 24 5 1 12 3 42 4 32 5 35 7 21 4 2 10 3 10 8 23 9 34
7 5 2 21 3 45 5 26 6 25 9 27 4 2 41 6 37 9 23 10 36 6 2 46 3 18 4 46 6 24 7 16 10 27 2 7 34 9 22 2 3 10 8 21 4 3 41 6 29 7 26 8 45 5 1 13 2 23 6 26 7 40 8 50
6 1 8 31 3 5 32 6 11 10 36 1 6 48 2 9 21 10 28 3 6 38 8 15 9 34 5 2 50 3 31 5 36 7 50 8 49
7 5 2 24 3 30 7 30 8 28 9 27 5 3 47 5 43 7 38 8 36 10 20 2 1 25 3 26 6 1 14 2 40 3 45 4 13 6 11 9 35 5 2 15 5 34 8 29 9 24 10 25 6 2 11 3 12 5 32 7 30 8 40 10 39 5 2 44 5 21 6 47 8 48 9 39
5 6 3 24 4 15 5 38 7 29 8 33 10 36 3 1 10 3 43 5 18 3 1 41 5 40 8 29 1 7 28 5 1 45 2 37 4 35 6 25 10 20
5 6 1 50 3 25 4 43 7 49 8 27 10 28 6 1 18 2 28 5 17 7 50 8 39 9 49 4 3 11 4 19 5 13 8 44 1 3 16 3 3 10 5 24 8 15
8 2 1 23 8 31 4 4 12 5 31 6 15 8 19 1 5 35 1 9 40 2 4 34 5 10 1 4 34 4 1 16 4 43 8 23 10 40 4 3 12 5 45 6 43 9 17
6 3 4 33 5 13 8 23 1 4 50 4 1 27 3 47 6 17 7 35 2 1 47 10 40 6 1 20 2 41 3 15 6 49 7 31 10 50 1 1 32
57 97 120 79 121 133 117 94 91 96 89 74 60 111 118
2 3 3 1 1 3 3 3 3 2
# Instance ID: 14
# Total operations: 93
# Actual flexibility: 0.361
# Generated: 2026-02-14 14:26:22
# Format: Extended Brandimarte for MOFJSP (Comparison Dataset)