15 10
4 5 2 26 3 44 4 33 8 39 10 10 6 1 49 3 25 5 30 7 14 8 44 9 34 2 8 45 9 19 5 3 17 5 16 6 43 7 14 9 12
4 2 1 22 3 16 4 1 34 2 41 4 43 5 49 6 1 14 2 10 3 23 5 41 9 15 10 39 6 1 49 3 27 6 43 7 12 8 14 10 29
7 1 4 43 1 2 24 5 4 25 5 46 6 50 7 21 9 45 6 2 32 5 39 6 37 7 16 9 20 10 21 5 2 44 6 48 7 38 8 32 9 30 5 6 37 7 30 8 48 9 25 10 46 5 3 38 4 35 5 10 7 12 10 28
8 5 1 29 3 24 8 23 9 30 10 11 6 1 32 3 19 4 18 5 26 7 33 9 47 2 4 29 5 15 5 2 40 3 21 4 41 6 46 7 16 5 1 31 5 32 7 37 8 36 9 17 2 1 50 10 50 4 1 44 3 46 5 19 10 30 5 1 35 3 38 4 48 6 46 7 42
3 1 4 37 3 3 31 7 15 9 40 5 1 35 3 42 7 37 9 18 10 18
7 4 4 46 8 22 9 45 10 49 6 1 30 3 46 4 15 8 17 9 36 10 37 3 4 32 6 48 10 11 3 3 49 6 19 8 38 1 4 22 6 1 25 2 49 3 19 6 28 7 10 10 31 6 1 23 2 44 3 23 4 23 5 44 8 43
8 3 3 11 8 34 9 47 6 1 22 2 49 3 27 5 13 9 39 10 10 1 7 27 6 1 24 2 34 3 42 4 16 6 30 10 41 5 2 39 3 45 5 11 9 12 10 25 5 4 20 5 11 6 32 8 32 9 32 6 1 34 3 11 4 45 5 27 7 24 10 19 3 2 34 3 43 7 49
6 6 2 29 4 48 5 31 7 38 8 44 10 18 2 3 22 9 18 3 3 19 7 46 9 20 3 2 21 9 30 10 19 6 1 50 3 27 4 19 6 22 7 16 8 18 2 1 48 5 46
6 5 1 32 4 15 6 40 9 18 10 42 5 3 41 4 40 6 18 7 20 8 22 2 1 10 7 27 4 1 21 4 38 9 49 10 41 6 1 48 4 34 6 30 7 35 8 49 9 46 5 1 38 5 39 8 12 9 25 10 43
6 5 1 13 5 22 6 28 7 38 10 35 3 3 37 5 28 8 49 1 9 19 4 2 47 8 44 9 18 10 35 4 1 39 2 47 6 22 8 39 1 5 30
6 6 1 50 2 33 3 15 4 43 6 34 9 42 5 1 31 2 46 3 19 7 20 9 19 2 1 29 7 29 6 1 10 2 49 3 26 5 10 6 39 8 41 4 1 23 2 47 8 40 9 39 4 1 45 2 27 8 49 9 50
6 5 1 32 2 12 3 19 4 12 9 46 5 1 36 2 21 5 20 6 28 7 49 6 3 33 4 12 5 15 6 29 9 30 10 33 4 2 40 3 18 7 17 10 27 3 4 23 7 49 9 13 1 10 50
8 5 2 30 4 26 5 43 8 46 9 49 3 3 41 8 21 9 49 2 4 10 5 17 1 8 50 1 4 49 4 1 45 3 50 6 23 7 10 6 1 29 3 42 4 45 5 30 7 10 9 17 6 5 11 6 21 7 22 8 31 9 31 10 40
8 4 1 50 2 39 3 44 8 31 4 1 30 5 45 7 44 8 11 2 6 32 10 14 2 1 31 5 34 6 1 29 2 30 3 12 5 27 7 36 9 15 4 4 29 6 23 7 43 8 29 2 2 12 6 22 1 8 42
5 1 8 42 2 4 40 6 43 3 2 43 3 18 6 23 6 1 10 5 29 6 12 7 48 8 15 10 31 4 1 46 2 29 5 50 10 23
54 70 104 104 57 111 124 86 105 81 80 88 142 113 93
1 1 1 1 2 1 1 1 1 2
# Instance ID: 15
# Total operations: 92
# Actual flexibility: 0.389
# Generated: 2026-02-14 14:26:22
# Format: Extended Brandimarte for MOFJSP (Comparison Dataset)