15 10
8 5 1 42 4 11 7 17 8 44 9 21 1 5 23 2 8 15 10 44 5 1 31 4 37 6 21 7 36 8 11 5 1 16 5 44 6 20 7 28 9 19 2 2 19 5 29 4 1 11 2 13 3 29 6 34 1 6 19
7 4 5 17 6 13 7 22 8 25 5 4 34 5 17 7 27 8 13 10 30 4 2 11 4 36 7 50 9 24 1 5 45 5 2 36 3 38 4 15 5 50 8 42 2 3 44 6 20 2 7 45 9 38
6 1 1 39 5 1 27 3 48 4 26 5 34 8 32 6 1 46 2 14 4 29 5 15 8 35 9 17 2 5 37 9 23 5 3 38 6 27 8 25 9 30 10 31 2 6 11 8 18
4 6 1 36 2 45 6 41 8 35 9 44 10 15 6 1 17 2 32 4 34 6 48 7 32 9 34 2 1 39 2 33 2 1 24 8 11
8 3 2 49 4 50 6 29 6 1 41 3 48 4 23 7 10 8 22 10 50 4 2 45 5 22 8 46 10 48 5 1 18 2 26 3 46 6 24 10 43 6 1 49 4 26 5 45 6 39 7 10 10 37 6 1 17 3 43 4 39 6 41 7 33 8 43 1 4 13 3 7 30 8 10 9 35
8 2 2 46 6 11 6 2 31 4 29 6 14 7 50 8 50 9 16 1 8 37 1 10 50 3 2 40 4 25 5 31 1 6 43 2 2 16 8 50 4 1 12 2 34 9 30 10 14
5 2 1 13 8 29 5 1 45 2 13 6 28 7 34 9 35 1 10 36 2 1 39 10 34 4 2 11 6 39 7 43 8 31
3 5 1 14 2 47 4 22 5 46 9 18 6 4 38 5 21 6 25 7 18 9 12 10 13 2 5 42 7 32
3 3 3 19 9 40 10 29 5 1 47 5 19 6 13 9 25 10 42 5 1 50 2 22 6 14 7 31 9 22
6 6 5 31 6 49 7 29 8 36 9 31 10 20 1 8 12 4 1 24 4 39 6 49 10 23 2 6 34 8 23 4 1 14 3 32 6 11 9 45 1 3 28
5 4 1 22 4 22 6 28 8 21 2 3 31 5 45 2 3 11 4 21 3 1 34 2 17 3 31 2 5 25 8 33
8 3 3 14 7 17 9 19 2 4 44 10 34 6 1 49 2 47 6 22 7 44 9 28 10 19 3 1 18 4 42 5 47 4 2 49 4 14 7 20 8 42 4 5 39 6 21 8 30 9 33 5 3 35 5 50 8 47 9 12 10 23 2 4 25 8 35
7 2 5 34 7 46 2 5 45 6 15 2 2 38 5 43 3 1 42 4 49 8 31 4 4 33 7 41 8 30 10 27 4 1 26 2 14 3 32 8 15 3 2 27 9 24 10 16
5 1 2 33 1 9 22 3 4 29 5 27 6 22 6 1 32 3 35 5 35 6 47 9 10 10 40 6 2 40 3 24 6 43 7 47 8 45 9 39
6 6 2 36 3 23 4 38 6 38 8 45 10 11 3 3 10 5 41 10 32 3 4 35 7 44 9 29 3 1 18 9 19 10 31 5 2 14 4 44 7 34 9 22 10 40 1 6 46
130 137 114 71 137 151 88 49 55 105 82 103 115 67 101
3 2 1 1 3 1 3 2 1 1
# Instance ID: 20
# Total operations: 89
# Actual flexibility: 0.334
# Generated: 2026-02-14 14:26:22
# Format: Extended Brandimarte for MOFJSP (Comparison Dataset)