25 15
4 2 4 17 15 43 5 2 25 4 43 7 48 13 21 14 37 2 8 42 9 44 4 2 21 6 40 9 44 13 40
5 5 1 30 3 14 5 30 7 21 9 17 9 4 42 5 13 6 16 7 42 8 46 10 16 11 32 12 37 15 40 5 2 40 5 38 7 34 8 20 15 47 8 2 34 3 50 4 37 5 26 7 31 10 13 12 49 13 47 2 1 17 12 13
6 7 1 20 4 16 6 15 8 44 9 48 10 36 14 43 6 3 27 5 42 7 43 11 29 14 49 15 49 9 3 46 6 32 8 43 9 18 10 43 11 17 13 47 14 13 15 21 4 2 39 8 44 10 48 12 50 3 3 43 5 44 14 22 9 1 31 2 16 3 27 5 23 6 37 8 41 9 20 10 43 15 35
3 3 2 23 3 50 12 11 5 6 17 7 15 9 46 14 25 15 49 9 1 49 2 46 5 50 6 20 9 16 10 38 11 39 14 46 15 13
3 7 3 24 4 33 6 15 7 50 9 30 10 42 12 44 2 12 39 13 10 7 1 46 2 25 3 47 4 15 7 10 10 25 11 44
7 4 5 18 8 30 10 32 14 17 5 1 43 7 30 10 44 12 16 13 42 3 1 13 5 18 6 29 5 2 31 4 43 7 41 8 23 12 34 8 2 23 3 32 4 25 6 49 7 13 8 10 9 50 12 31 7 2 25 5 15 6 31 7 34 8 34 13 25 14 47 9 2 35 3 49 5 12 6 18 7 42 10 25 11 40 13 41 15 21
5 9 1 31 3 25 7 28 9 21 10 43 11 15 12 34 14 26 15 26 3 11 36 12 14 14 12 3 8 30 10 50 12 23 7 1 33 5 17 7 12 9 22 11 45 12 44 14 10 4 1 19 4 41 5 36 8 23
5 8 2 17 3 43 5 47 8 24 9 47 10 30 11 23 14 11 8 1 46 5 21 7 21 8 42 10 44 12 27 13 49 14 42 9 2 41 4 17 5 39 6 27 8 22 11 11 12 37 13 45 15 45 3 2 34 13 27 15 12 5 4 14 5 42 9 41 10 23 12 45
7 9 4 28 6 40 8 38 9 10 10 26 11 16 12 24 14 10 15 48 2 2 32 10 22 8 1 20 3 12 5 26 6 14 7 20 9 24 12 15 14 49 2 11 32 12 38 9 1 47 2 27 3 16 5 46 6 23 8 20 10 27 13 33 14 25 3 1 49 8 29 10 16 4 3 39 5 11 9 47 13 45
6 9 2 33 3 15 4 41 5 29 7 19 10 21 12 28 13 10 15 26 5 2 49 3 13 7 12 9 22 13 29 8 1 10 2 19 4 44 7 35 8 38 9 20 12 13 14 19 2 1 31 10 25 8 2 36 3 44 4 47 6 11 7 10 12 31 13 39 15 40 7 1 46 2 10 3 11 4 39 6 23 8 49 15 39
5 3 4 12 13 38 14 20 4 2 34 4 46 9 12 15 42 9 1 26 2 30 3 27 7 36 8 17 10 41 11 17 14 46 15 20 3 1 39 8 26 14 29 5 1 28 3 18 4 21 5 33 7 19
3 3 1 19 7 31 11 21 5 2 11 3 47 5 27 10 29 15 38 9 1 50 3 32 4 30 6 16 7 24 10 18 13 40 14 36 15 15
3 9 1 32 3 47 5 44 9 32 10 17 11 34 12 12 13 18 14 16 3 2 30 10 44 11 47 3 3 44 7 35 13 28
4 8 3 39 4 34 5 13 7 10 8 42 9 43 12 27 13 29 9 1 17 2 46 4 12 5 41 8 28 9 49 12 46 13 18 15 15 8 1 48 4 50 5 18 7 22 9 30 10 24 12 27 14 44 6 1 20 5 17 7 24 8 46 9 43 15 36
5 7 1 20 2 22 3 41 5 19 7 10 12 32 13 31 2 4 23 15 10 2 1 45 15 43 8 2 49 4 10 5 10 7 43 8 43 12 46 13 46 15 15 3 2 10 5 11 7 47
6 3 7 50 10 19 13 25 4 4 47 8 44 11 46 14 39 2 1 44 7 31 6 2 26 7 34 8 25 9 12 14 13 15 11 6 2 25 4 38 7 15 11 16 14 43 15 15 7 2 31 5 42 6 19 9 46 10 29 11 19 14 11
7 5 1 14 5 33 11 23 13 30 15 25 6 1 46 6 48 7 48 8 26 14 28 15 47 6 1 16 3 13 7 45 8 18 14 27 15 11 4 2 42 9 19 12 18 13 24 9 1 32 3 42 5 14 7 41 10 26 11 30 12 18 13 39 14 24 7 3 39 4 11 5 10 6 28 7 15 11 20 14 49 3 3 45 9 31 13 16
7 3 2 50 7 21 11 50 7 1 12 2 13 5 39 6 48 7 21 10 24 11 13 6 1 45 2 25 3 43 7 19 13 39 15 15 2 2 21 12 22 4 7 14 10 32 11 15 12 18 2 5 44 11 33 2 8 37 12 37
6 7 4 12 5 29 7 21 11 19 12 38 13 36 14 24 6 1 31 2 25 7 10 10 33 12 41 14 50 5 3 25 5 32 8 45 12 36 14 15 9 2 21 3 35 6 38 7 10 8 42 9 35 11 36 12 34 13 32 8 2 44 3 38 5 42 7 27 8 49 10 28 14 40 15 39 3 3 13 10 50 11 23
8 7 1 46 2 40 5 29 7 19 9 18 11 25 15 30 6 1 34 4 45 5 19 7 17 13 19 15 15 7 3 32 5 26 6 46 7 21 10 11 11 35 13 27 6 2 41 10 22 11 44 12 45 13 15 14 43 4 1 37 4 24 8 29 11 24 7 3 14 5 43 9 43 10 27 11 47 13 36 15 44 2 7 26 15 11 7 1 33 2 29 3 22 11 27 13 15 14 21 15 25
4 2 2 35 12 13 6 1 41 4 19 7 16 9 42 10 34 12 13 2 3 13 4 22 3 8 47 9 49 10 48
7 2 2 27 15 12 2 4 40 5 17 5 2 47 8 39 12 45 13 36 15 12 3 11 34 13 19 15 32 2 9 26 12 16 6 6 10 8 50 9 17 11 14 14 23 15 38 7 1 20 2 45 3 43 4 38 6 43 8 10 9 40
5 4 1 24 8 39 10 17 13 36 3 1 42 7 17 9 49 9 3 41 4 17 5 44 7 22 10 41 11 31 12 24 14 12 15 38 8 1 45 2 33 3 32 5 39 9 42 12 12 14 10 15 20 6 3 35 4 21 5 20 11 17 12 35 14 47
4 2 7 48 13 34 7 1 34 5 38 7 32 8 14 11 37 14 49 15 17 5 3 15 6 30 10 13 12 17 14 36 6 1 10 2 23 3 22 7 33 8 12 14 43
5 6 2 49 3 44 4 24 5 46 13 18 15 28 6 1 16 2 37 4 48 5 14 9 10 12 30 5 1 34 2 40 3 33 6 45 13 34 6 4 31 7 24 10 29 12 45 13 15 14 15 2 1 17 6 27
50 77 86 47 54 119 74 65 108 97 89 53 38 73 78 89 100 129 99 108 57 134 68 58 79
3 2 3 1 2 3 3 3 1 2 2 1 3 3 1
# Instance ID: 34
# Total operations: 130
# Actual flexibility: 0.354
# Generated: 2026-02-14 14:26:22
# Format: Extended Brandimarte for MOFJSP (Comparison Dataset)