25 15
7 8 1 49 4 33 5 19 9 20 11 28 13 18 14 34 15 33 5 3 18 4 15 8 47 10 14 13 26 5 1 33 8 28 10 40 12 25 13 36 2 2 31 13 41 3 1 16 2 12 6 14 8 1 18 3 35 7 32 9 45 10 46 11 23 12 26 14 39 7 4 42 5 42 6 23 8 32 9 41 10 15 12 48
4 4 2 40 5 46 7 15 10 26 8 4 19 5 11 7 23 9 15 11 41 12 18 14 36 15 37 7 3 31 5 26 7 47 9 20 13 41 14 18 15 28 2 1 12 13 19
4 2 7 13 9 15 6 1 47 2 11 6 45 7 31 11 27 12 23 4 2 22 7 13 8 22 11 25 7 4 10 7 15 10 13 11 13 12 12 14 47 15 13
8 5 2 10 8 29 9 44 14 12 15 21 5 2 44 5 48 6 21 12 49 15 13 5 1 38 4 36 5 37 11 15 12 25 8 1 18 2 50 3 37 7 43 9 14 11 32 13 46 14 29 9 1 15 2 12 4 32 5 45 6 23 7 25 8 10 12 49 15 37 9 1 45 3 47 4 17 5 29 8 18 9 37 10 48 13 24 15 40 8 1 37 2 40 6 16 7 42 8 41 11 40 12 35 14 18 5 4 32 7 11 9 15 12 35 15 50
4 4 3 20 7 21 8 37 10 37 8 1 35 4 15 8 35 9 30 10 20 12 21 14 45 15 48 2 5 47 8 47 5 2 18 6 30 9 31 10 49 13 40
7 9 1 45 3 22 5 45 6 33 7 44 8 11 10 30 13 11 15 14 6 2 40 6 45 7 47 8 22 13 46 15 14 4 6 32 7 15 10 44 14 44 9 1 33 2 12 5 10 7 48 9 21 10 26 11 27 14 48 15 50 4 8 32 9 50 14 39 15 13 5 1 22 3 11 10 17 11 16 13 19 7 1 41 2 27 7 20 9 46 11 11 14 35 15 48
5 7 3 17 4 50 7 45 11 11 12 34 14 20 15 12 2 8 50 13 22 2 3 26 13 21 8 3 25 5 40 6 50 7 28 8 11 10 30 11 41 12 15 6 5 41 6 26 7 13 10 34 11 44 14 41
7 5 5 24 6 26 11 31 13 14 15 27 8 4 27 6 42 7 22 9 28 11 45 13 24 14 32 15 45 8 3 43 4 30 5 25 7 19 8 11 10 39 11 40 13 33 9 1 26 3 29 4 25 5 37 6 48 7 31 9 44 10 12 11 32 2 12 29 13 30 2 6 12 12 48 4 5 20 7 10 8 13 9 39
5 5 3 46 4 12 5 39 10 38 13 24 9 1 11 3 14 4 36 5 18 6 31 10 45 11 32 12 17 15 32 2 3 50 11 10 6 1 29 2 23 3 31 6 24 9 14 11 18 9 4 31 5 22 8 15 10 16 11 17 12 19 13 25 14 32 15 46
5 2 5 20 14 35 7 3 21 5 32 7 17 8 13 9 43 10 33 15 41 5 4 32 9 32 11 28 12 31 15 15 6 1 47 2 24 7 30 10 16 11 15 13 40 6 4 39 6 12 11 36 13 18 14 40 15 21
4 3 4 25 7 38 8 26 8 2 37 3 20 6 37 8 26 10 16 11 21 14 37 15 11 6 2 20 7 10 8 47 9 49 11 13 15 37 5 1 25 2 49 4 48 7 31 10 14
6 8 1 18 3 36 5 38 6 24 8 16 11 21 12 23 13 27 5 9 12 12 29 13 42 14 32 15 15 6 1 25 3 35 6 29 10 33 11 12 14 19 4 2 25 4 26 12 18 13 40 7 2 17 3 31 6 28 7 47 8 11 13 28 15 50 6 2 25 4 37 5 49 9 33 12 24 15 15
3 2 11 20 15 47 9 1 47 2 17 6 39 7 48 8 18 11 34 12 31 13 14 14 38 5 2 19 3 49 7 15 9 13 14 42
4 9 2 46 3 14 4 30 8 38 9 23 10 39 12 37 14 40 15 17 2 3 46 6 42 9 1 22 2 13 5 26 6 27 7 30 8 13 10 10 11 21 15 10 4 7 43 11 25 12 45 13 41
4 2 4 29 15 50 7 1 38 3 35 6 13 7 25 9 13 10 27 15 10 5 5 32 7 29 8 50 11 14 12 44 4 4 42 7 16 9 12 13 14
6 5 3 21 8 14 9 13 11 30 14 16 5 1 44 2 29 4 20 5 19 7 10 3 4 45 9 20 11 33 5 1 14 3 34 4 43 9 17 13 50 8 1 25 2 34 4 48 7 10 8 39 9 42 10 47 15 29 9 1 26 3 16 6 13 7 40 8 10 10 39 11 17 12 37 13 25
3 6 1 48 6 30 9 16 11 21 13 23 15 39 2 6 15 9 17 3 5 29 10 33 13 26
7 7 3 31 6 34 7 17 8 48 10 21 14 39 15 37 9 2 19 4 37 7 25 8 47 9 32 11 35 12 16 13 18 15 35 8 1 41 4 23 6 39 8 16 9 22 12 44 13 43 15 40 6 1 28 3 34 4 14 12 29 13 29 14 35 8 1 14 2 39 3 36 4 16 5 29 7 21 8 50 12 16 7 2 44 3 36 4 23 5 36 7 26 9 40 10 11 6 6 47 7 42 9 40 10 11 13 23 15 34
8 5 1 41 4 48 5 24 9 35 15 24 3 6 21 10 19 13 48 3 3 40 11 13 15 34 7 1 34 2 19 4 47 5 16 10 15 11 44 13 38 4 3 40 5 17 9 43 15 22 2 2 17 9 38 8 1 46 5 40 6 28 8 47 9 49 11 38 13 49 15 48 2 3 18 6 16
8 9 2 16 5 45 6 49 7 44 9 16 10 10 11 37 13 14 15 41 5 6 36 11 25 12 16 13 36 15 22 3 3 33 8 32 10 38 4 7 16 12 36 13 48 14 29 8 1 35 2 43 4 20 8 13 9 17 11 23 13 10 15 41 3 6 22 7 20 8 17 8 2 40 4 49 7 43 10 31 12 27 13 47 14 12 15 12 6 1 48 3 32 4 28 8 33 10 43 12 31
7 5 4 48 6 47 7 45 11 17 12 19 9 3 31 4 16 5 38 6 27 7 14 10 48 11 21 12 30 14 45 3 5 41 11 36 12 21 3 3 22 12 35 14 12 3 7 24 9 46 12 48 6 2 30 4 24 5 16 6 30 9 34 14 23 2 4 10 10 40
4 8 1 33 5 47 6 44 7 39 9 18 10 50 11 27 12 12 4 2 50 8 22 12 31 13 15 8 2 37 4 38 7 11 8 40 9 18 10 17 11 40 13 24 6 1 20 3 27 5 16 11 49 12 43 13 24
3 2 7 25 11 21 5 1 44 2 16 5 29 6 28 7 27 4 5 19 9 11 13 20 15 27
4 5 1 48 6 29 13 38 14 36 15 32 3 2 42 11 37 12 14 7 1 29 2 41 5 32 7 22 10 49 12 44 14 49 3 4 12 8 30 15 29
5 4 2 50 5 49 6 13 14 42 4 2 14 7 11 11 22 14 30 8 1 50 3 21 5 25 6 40 10 34 11 34 12 37 14 47 8 3 44 4 34 6 15 9 46 10 26 13 15 14 14 15 50 5 1 29 4 18 10 27 11 50 15 19
111 76 78 118 69 131 87 109 78 90 74 109 57 77 69 99 47 105 141 123 127 60 46 57 84
1 2 3 2 1 2 1 1 2 2 3 1 2 1 3
# Instance ID: 38
# Total operations: 132
# Actual flexibility: 0.365
# Generated: 2026-02-14 14:26:22
# Format: Extended Brandimarte for MOFJSP (Comparison Dataset)