30 20
8 11 1 49 3 42 6 37 9 13 10 50 11 37 13 43 14 14 16 28 19 29 20 15 9 3 48 4 27 8 20 11 10 13 36 14 40 16 13 18 45 19 11 8 1 49 5 40 9 41 11 47 12 30 17 40 18 21 20 28 3 2 22 8 15 20 33 4 3 32 14 47 15 45 17 48 9 2 49 5 27 6 47 7 32 10 42 11 23 15 21 18 33 19 14 12 1 49 2 18 3 19 4 38 5 41 7 40 11 13 13 44 14 30 15 46 16 29 19 20 9 4 26 5 44 6 21 8 15 12 25 15 43 16 50 17 10 20 17
5 4 11 48 13 27 16 16 20 33 4 7 25 12 20 18 23 19 40 8 1 20 2 30 6 19 7 24 8 19 16 27 17 25 19 26 5 4 30 7 37 12 20 14 45 16 10 10 1 30 5 43 6 12 7 29 8 43 12 20 14 49 17 28 18 12 20 40
5 11 3 22 6 38 8 11 9 37 10 20 12 50 13 50 16 33 17 42 19 39 20 23 9 1 36 2 19 3 22 9 15 11 36 12 39 14 33 17 11 19 14 4 5 11 7 23 12 29 15 16 7 4 41 11 15 12 25 13 38 14 47 15 47 16 44 10 1 14 3 21 8 19 9 24 10 49 11 34 13 31 15 38 17 33 20 22
5 10 3 20 4 19 6 10 7 44 9 23 10 27 11 36 13 26 15 27 17 18 12 1 46 2 47 4 22 7 48 8 48 9 26 11 31 12 14 13 12 16 34 17 43 19 22 11 1 21 3 41 5 42 7 33 9 41 10 16 12 13 13 25 16 36 19 22 20 50 3 11 36 12 21 13 30 3 10 14 13 18 19 23
5 8 1 14 6 15 9 10 13 39 16 16 17 28 18 48 19 21 6 1 31 8 45 9 42 13 28 14 26 19 27 6 4 41 5 41 6 36 7 23 16 45 17 24 4 2 29 3 24 17 42 19 29 6 2 34 11 42 13 26 16 21 18 17 19 45
3 4 2 40 3 27 17 39 18 20 12 3 10 4 23 5 13 6 18 7 23 8 16 10 18 12 14 15 41 16 43 18 17 19 38 3 6 18 8 41 10 30
5 11 1 11 3 26 4 17 7 34 10 32 11 18 13 39 17 20 18 35 19 15 20 45 12 1 30 2 14 3 24 4 35 8 50 10 20 12 19 14 22 15 44 17 11 19 14 20 23 10 1 49 2 34 3 15 5 25 6 35 7 12 10 39 13 41 18 19 20 41 5 1 37 2 23 10 32 12 24 20 25 6 1 18 4 30 6 14 7 12 12 29 13 46
8 7 2 14 4 31 6 16 8 23 13 24 15 18 16 11 12 1 46 2 50 4 36 5 36 6 31 7 25 8 25 13 46 15 13 16 24 17 34 19 24 11 1 10 2 11 6 45 7 29 8 16 9 35 10 19 12 34 15 41 16 33 18 12 4 8 17 10 27 14 35 17 33 3 1 50 8 33 9 33 11 1 18 2 23 6 20 9 10 10 16 11 34 13 32 15 16 16 48 18 43 20 45 12 1 34 2 39 3 40 4 50 6 32 8 11 13 27 14 35 16 16 18 35 19 20 20 19 11 7 20 8 10 9 19 10 10 11 26 12 45 13 41 14 15 15 11 17 24 18 34
6 8 2 19 5 40 8 17 10 47 13 38 14 28 16 31 19 23 4 10 10 12 45 18 13 19 13 5 1 40 10 22 12 30 14 37 20 26 5 5 50 7 15 9 12 14 49 15 11 12 2 12 5 19 6 22 7 36 8 10 9 38 11 28 12 17 16 41 17 13 18 37 20 10 5 6 22 11 15 12 22 17 26 20 15
6 10 1 12 2 16 5 34 6 25 8 38 12 49 14 12 15 32 18 45 19 27 11 4 50 6 16 7 11 10 44 12 20 14 47 15 37 16 32 17 37 18 16 19 18 3 10 27 13 36 20 40 9 1 26 3 32 6 13 9 14 12 29 13 25 15 46 18 47 20 46 5 1 17 6 10 12 19 14 43 15 32 8 4 19 5 10 6 25 8 21 9 44 11 36 15 31 17 46
3 4 2 32 4 21 17 43 18 23 12 1 13 2 24 4 45 7 43 8 28 9 11 11 16 12 37 14 50 16 40 17 39 19 35 12 1 48 2 32 3 41 4 28 5 29 8 32 10 27 11 11 13 37 14 47 15 17 17 29
5 6 7 29 9 25 14 17 15 50 16 30 17 33 9 3 36 6 24 7 20 10 40 11 23 12 20 14 26 15 24 16 41 3 2 30 3 36 7 35 8 1 35 3 43 4 24 8 19 9 46 10 42 17 38 20 34 11 1 21 2 25 3 37 5 25 8 38 10 26 12 23 14 39 16 25 18 44 20 12
5 4 3 22 7 28 9 14 17 22 8 2 28 4 39 5 34 14 20 15 11 16 38 18 23 20 26 10 2 29 5 38 6 22 7 14 8 16 10 35 12 42 13 44 16 30 18 47 5 1 10 8 44 13 43 16 48 20 27 6 2 33 4 40 7 42 9 16 10 35 18 33
5 9 1 49 2 12 9 18 11 28 15 28 16 35 17 21 18 45 19 43 5 3 34 7 12 9 44 14 39 15 23 9 2 18 3 19 4 47 7 22 8 43 9 10 18 29 19 31 20 10 6 1 15 4 35 8 28 9 41 11 36 17 26 12 3 50 4 41 6 45 7 16 8 45 10 14 11 33 12 32 14 23 15 47 16 21 19 33
7 11 1 25 2 25 3 42 4 29 6 14 7 40 8 43 14 39 18 35 19 10 20 19 11 1 14 5 10 6 31 7 11 9 25 10 47 11 15 12 36 13 40 16 44 20 14 5 8 48 15 44 17 31 18 50 20 46 6 2 43 5 16 6 27 11 37 15 46 18 32 6 4 21 5 12 8 38 11 20 14 50 19 29 11 1 34 3 41 4 45 11 11 13 14 14 46 15 27 17 34 18 41 19 12 20 15 7 1 16 3 20 5 12 8 45 9 22 18 36 19 18
4 7 3 23 7 38 10 44 11 45 15 37 17 14 18 40 6 1 36 5 22 12 49 14 31 15 50 19 14 6 2 40 12 28 13 14 14 36 18 47 20 45 7 8 33 12 36 13 15 14 42 16 27 17 32 20 24
7 8 3 49 10 27 12 31 15 42 16 24 17 36 18 14 20 44 11 1 18 4 27 5 27 6 30 7 10 10 21 13 32 15 34 17 41 18 50 20 13 5 4 47 6 45 11 44 16 14 17 35 4 1 23 8 20 14 47 15 28 3 1 29 8 23 17 41 7 1 17 3 10 6 43 13 36 14 16 15 49 19 47 10 1 29 2 12 3 20 4 40 7 33 10 47 11 28 16 21 17 32 18 12
4 4 12 33 13 30 15 40 19 29 11 1 35 3 13 5 31 6 30 7 40 8 23 11 43 13 50 14 28 15 17 16 13 12 1 15 2 38 4 34 6 35 7 11 11 20 13 28 14 28 15 33 17 34 19 48 20 39 12 3 39 4 31 6 33 7 26 8 35 10 11 12 34 13 45 16 22 17 27 19 21 20 36
5 3 7 43 8 44 12 20 7 1 44 12 17 13 42 14 39 17 30 19 43 20 45 3 4 50 10 11 20 22 9 2 34 3 17 6 46 8 25 9 38 10 49 12 13 15 20 17 20 12 1 31 2 38 3 48 4 49 5 48 6 11 7 12 10 40 11 21 15 31 18 35 20 34
5 11 2 22 4 38 5 14 6 33 7 16 8 13 9 28 11 16 13 25 16 35 18 41 10 3 48 5 34 7 40 12 23 13 39 14 15 15 47 16 36 17 40 20 30 8 1 31 4 26 5 11 10 20 14 44 15 49 17 27 19 29 6 5 46 7 27 13 17 15 25 17 34 18 34 10 1 43 8 37 9 24 10 46 13 15 14 29 17 17 18 44 19 25 20 30
7 12 1 18 2 33 3 29 5 27 8 31 10 19 11 40 14 45 15 36 17 14 19 13 20 48 8 1 30 6 15 8 49 9 25 15 49 16 17 19 26 20 34 3 8 20 15 45 18 11 6 1 33 4 44 9 41 11 40 14 39 17 10 10 1 30 3 35 4 38 7 49 10 40 11 29 12 35 13 25 14 15 17 40 10 3 36 6 14 7 35 8 24 9 24 12 45 13 35 14 23 16 44 17 17 6 1 49 5 43 7 36 14 29 16 11 18 49
7 7 1 30 8 24 9 35 12 29 13 27 16 25 20 26 12 1 14 3 21 4 43 5 49 7 25 8 26 9 42 10 20 11 44 15 10 18 11 20 47 5 1 11 8 28 11 50 12 32 13 35 11 2 18 3 29 4 10 6 27 10 17 13 30 14 50 16 39 17 30 18 42 20 27 5 3 21 14 40 15 38 17 46 19 22 6 8 19 10 11 11 15 14 45 15 27 20 26 8 3 21 12 46 13 33 14 13 15 36 16 28 19 14 20 10
4 6 3 25 10 21 15 50 16 36 18 33 20 18 6 7 14 9 18 10 13 12 24 14 44 18 27 9 1 42 2 49 6 21 9 42 10 48 11 17 14 29 15 23 16 31 6 3 44 6 37 9 10 11 41 14 42 20 15
6 6 3 26 4 12 10 39 11 27 15 49 17 15 11 1 36 5 32 6 14 9 18 11 13 12 35 13 49 14 11 17 50 19 37 20 16 4 7 50 12 38 15 19 20 31 6 1 29 4 24 7 48 8 26 9 27 11 18 11 1 46 2 32 3 13 4 40 9 45 10 41 11 25 12 10 13 31 16 22 20 47 3 2 50 8 50 9 23
4 5 1 31 5 33 6 33 13 32 20 34 5 10 32 12 38 13 44 16 24 17 24 12 1 42 2 32 3 38 6 45 7 38 8 43 9 21 10 43 11 10 14 46 18 31 19 40 5 7 10 8 14 15 45 17 48 20 45
7 9 10 11 11 38 12 28 13 31 15 36 16 20 17 30 19 34 20 50 10 1 32 4 43 6 38 7 31 8 13 9 47 11 45 13 12 15 18 17 12 10 1 23 2 47 5 11 8 50 9 35 10 26 11 44 13 26 16 40 19 41 6 2 26 5 27 6 10 10 40 11 25 20 50 4 1 17 3 14 16 21 19 13 6 3 50 6 26 10 18 13 37 16 15 20 50 9 1 24 3 32 8 21 9 38 10 31 12 36 14 33 16 18 20 11
8 11 1 24 2 21 4 15 7 31 8 20 9 46 11 12 12 13 15 41 17 28 18 14 9 1 45 2 25 3 16 5 35 7 41 9 18 13 23 16 18 20 29 9 1 13 2 37 4 39 7 25 9 41 13 39 15 43 16 44 20 49 5 2 13 3 39 4 20 9 48 18 11 11 1 27 2 39 4 50 6 37 7 31 8 44 9 50 11 33 16 39 17 33 18 38 12 1 48 5 15 6 11 8 47 10 49 11 49 12 47 13 50 14 23 15 40 18 43 19 28 11 1 26 2 23 4 11 5 26 6 49 7 44 9 21 11 11 13 39 18 12 19 10 3 5 32 13 31 15 26
7 10 3 15 4 16 6 40 7 19 9 50 10 22 12 13 14 22 16 32 19 42 5 3 25 6 11 8 44 13 13 16 26 11 1 29 2 29 3 24 6 13 9 35 13 30 14 39 16 40 17 18 18 15 20 16 5 4 10 13 46 15 43 17 16 19 39 9 3 22 5 38 6 17 7 14 8 10 12 38 14 10 16 35 19 44 9 2 32 4 48 5 29 8 37 9 45 10 46 14 31 17 22 19 50 10 6 46 7 50 8 41 9 40 10 24 11 46 15 33 18 15 19 34 20 50
8 9 1 26 2 11 6 49 8 32 12 13 14 38 16 14 19 32 20 16 12 1 47 3 36 5 14 6 15 8 33 11 50 12 48 13 32 16 50 17 24 18 24 20 42 7 1 42 3 15 5 30 9 36 13 35 14 13 20 22 3 2 32 18 15 19 50 11 1 43 4 41 6 38 7 49 9 50 15 25 16 28 17 41 18 19 19 28 20 26 4 5 16 13 44 14 41 15 28 6 1 48 3 50 10 22 14 18 16 35 18 43 6 1 31 6 16 10 36 16 20 17 45 20 47
3 3 10 26 12 43 18 19 9 2 43 3 16 5 18 6 45 7 39 8 35 14 35 15 24 16 27 3 4 26 9 26 15 39
119 82 85 78 81 55 64 137 101 89 48 62 69 92 128 48 134 67 72 89 99 98 72 104 65 102 134 96 112 39
2 3 3 1 2 2 2 1 3 2 1 2 1 1 2 2 2 1 1 2
# Instance ID: 47
# Total operations: 167
# Actual flexibility: 0.381
# Generated: 2026-02-14 14:26:22
# Format: Extended Brandimarte for MOFJSP (Comparison Dataset)