75 25
8 12 1 12 2 29 3 20 4 15 5 34 6 25 7 27 8 11 9 28 14 48 18 19 22 36 6 1 29 9 34 15 29 21 10 23 35 24 50 9 6 47 7 37 10 21 13 33 17 31 18 47 19 24 22 45 24 30 10 5 25 7 42 9 32 12 40 13 47 17 14 19 44 22 34 24 44 25 23 9 2 20 3 13 5 38 6 19 14 13 15 24 18 32 23 40 24 13 7 4 23 7 40 8 28 9 17 13 23 21 11 22 35 7 7 28 9 15 11 40 13 23 19 14 22 32 25 36 4 4 31 5 19 8 14 25 18
6 5 1 36 10 11 17 50 22 28 24 18 7 5 39 6 49 9 15 10 38 12 28 16 45 19 26 4 6 22 7 45 10 21 16 24 15 4 33 5 50 7 40 9 20 10 48 12 47 13 39 14 40 16 17 17 13 18 32 19 27 22 11 24 10 25 26 8 4 37 5 38 13 46 18 44 20 27 22 34 23 25 24 37 15 2 20 3 34 4 12 5 28 7 22 11 19 12 29 13 42 17 49 18 27 21 43 22 22 23 50 24 34 25 22
3 6 2 41 11 16 15 34 19 46 22 45 24 19 8 1 42 3 40 7 28 8 34 13 50 15 32 23 49 24 28 7 3 11 6 36 10 27 12 31 14 21 17 20 24 46
4 13 4 39 5 49 6 44 8 30 9 34 11 42 13 27 14 46 16 14 19 44 21 31 23 11 25 30 10 2 40 3 11 7 36 8 30 14 30 15 47 19 21 23 30 24 19 25 34 10 2 34 8 16 9 35 10 28 18 14 19 40 20 20 21 40 22 19 25 12 14 1 46 2 47 3 40 7 17 8 35 9 46 11 49 12 23 16 12 20 27 22 20 23 13 24 46 25 49
3 6 6 27 9 31 16 31 19 44 20 40 22 13 13 3 13 4 36 5 34 8 24 9 20 12 33 14 17 16 35 18 34 20 39 22 34 23 45 25 19 15 1 32 5 24 7 44 9 21 11 44 12 17 13 39 14 32 16 19 17 19 18 17 19 18 21 20 22 19 24 10
4 11 1 13 3 17 5 18 9 16 10 31 12 18 13 20 14 20 18 10 20 23 22 26 3 4 22 13 46 22 33 11 1 28 4 13 6 31 8 14 11 49 14 48 15 29 17 41 18 43 21 38 23 35 7 2 37 6 49 9 48 11 24 17 22 19 23 20 39
4 12 1 47 6 18 7 32 10 42 11 14 13 32 14 35 15 25 16 32 18 45 24 21 25 12 7 2 11 4 33 9 20 11 16 15 36 17 22 21 36 14 1 11 3 21 4 27 5 15 6 35 7 35 8 49 9 43 10 11 14 31 16 21 17 39 18 41 22 18 11 1 25 4 46 6 43 10 38 11 47 12 26 17 47 19 11 21 36 23 35 25 48
3 5 8 11 10 31 12 30 18 33 20 22 7 1 45 9 36 12 43 13 18 14 22 15 14 19 43 13 1 42 2 34 3 28 4 28 5 12 6 15 8 40 10 21 13 45 14 48 15 29 21 19 25 20
7 8 1 34 2 26 5 25 6 30 10 44 12 19 18 44 25 21 6 1 28 3 20 5 33 13 34 15 32 24 36 15 1 36 4 28 5 47 6 17 8 27 9 35 11 32 13 11 14 48 15 25 17 47 18 32 21 19 22 10 23 10 6 5 44 10 46 14 13 21 25 23 33 24 37 14 1 25 3 18 4 13 6 26 7 10 9 30 10 35 11 23 12 33 17 36 18 18 20 15 21 44 23 25 10 1 20 2 18 7 12 9 10 13 34 15 33 19 42 22 17 24 48 25 39 15 1 49 2 37 3 35 5 48 6 32 7 20 10 17 11 50 14 44 16 14 17 11 19 27 21 42 24 40 25 19
4 11 8 40 12 46 15 26 16 22 17 31 19 33 20 45 21 34 22 22 23 49 25 33 9 2 17 3 36 8 33 12 19 13 45 16 31 19 48 22 19 24 48 13 1 39 2 26 4 46 5 42 10 43 11 50 12 37 16 13 17 43 18 14 21 17 23 17 24 45 7 4 49 5 15 9 39 12 10 14 46 20 21 21 12
3 4 8 43 14 21 16 24 23 25 14 1 22 5 15 8 13 9 37 10 38 11 26 12 39 15 44 16 34 17 43 20 46 22 13 24 25 25 19 15 2 47 3 41 5 42 6 25 7 28 9 35 13 45 14 30 16 12 17 14 18 39 21 42 23 17 24 15 25 10
4 5 11 28 13 43 14 14 19 25 23 47 14 2 34 4 44 5 15 6 47 7 47 10 17 12 34 14 31 15 14 16 18 18 47 19 28 23 50 25 18 3 1 33 3 29 5 33 5 3 15 4 20 5 27 22 31 24 26
5 15 2 14 3 19 4 25 5 18 7 30 8 35 10 19 11 12 15 48 17 42 19 37 20 47 21 40 24 13 25 13 11 1 20 5 39 8 22 10 18 13 22 14 28 15 17 19 15 22 22 23 24 25 18 6 5 15 8 30 16 30 20 44 21 40 25 14 11 2 21 5 45 6 47 7 16 8 42 10 45 13 41 16 10 17 11 18 24 25 34 4 4 50 20 23 22 33 23 25
7 3 11 39 22 42 24 29 15 1 24 2 25 3 33 4 19 5 28 6 40 12 28 13 32 14 35 16 40 17 27 21 27 22 14 23 35 24 23 12 1 50 2 20 3 22 4 30 5 40 10 37 12 46 15 47 19 26 21 47 23 50 24 10 9 1 41 4 23 5 28 8 16 14 35 15 49 17 26 18 30 20 22 5 4 25 5 42 12 13 15 36 24 46 5 4 31 18 17 19 42 23 32 25 34 6 9 34 10 13 12 26 14 16 23 46 25 27
6 10 1 46 2 36 3 31 6 50 9 21 15 10 18 37 19 16 20 39 21 33 8 1 25 7 14 9 43 13 34 14 21 16 21 22 26 23 32 12 1 20 6 31 7 31 8 15 11 49 13 21 14 17 15 15 18 46 21 18 22 14 25 13 3 2 10 9 24 17 13 8 2 44 4 29 10 31 13 32 14 31 18 22 19 15 25 40 11 4 14 6 46 8 45 9 41 10 10 11 29 13 38 16 48 20 30 21 12 24 26
4 9 2 27 3 32 4 10 8 36 10 30 11 11 20 19 22 26 25 43 5 8 36 9 30 13 13 17 20 18 45 9 1 17 7 39 10 11 11 38 13 25 16 17 20 48 21 48 24 39 12 1 24 2 21 4 13 6 23 7 44 8 23 11 34 12 12 13 36 15 10 19 44 22 19
5 5 1 36 2 33 6 44 12 34 19 39 10 2 18 7 32 9 44 12 26 17 39 18 22 20 28 22 15 23 45 24 22 11 1 23 2 41 5 12 13 23 16 27 17 23 19 21 21 42 22 35 23 32 24 17 8 2 30 5 16 6 21 8 28 10 10 22 15 23 33 25 27 4 6 38 10 25 13 26 14 13
6 11 1 31 5 34 7 22 9 11 11 46 12 26 13 28 20 31 22 14 23 14 24 26 14 1 29 3 29 5 36 7 11 8 37 9 42 13 15 15 48 17 42 21 49 22 23 23 37 24 31 25 14 5 14 34 18 13 20 40 23 22 25 40 6 2 12 11 21 16 31 19 25 22 12 23 25 7 4 13 5 40 8 35 18 16 22 26 23 33 24 41 9 1 48 5 28 7 20 8 19 9 48 15 40 21 43 22 33 23 31
6 7 8 28 9 36 11 19 13 20 16 32 18 39 21 22 12 5 48 7 10 12 40 13 11 14 36 15 36 16 41 17 26 18 50 19 44 23 38 25 14 6 7 32 12 43 16 28 21 47 22 45 23 26 15 3 31 6 16 8 45 10 17 12 43 13 15 14 31 15 28 16 19 17 40 18 48 19 28 20 34 21 23 23 10 11 2 39 5 15 6 20 7 13 8 19 10 21 11 43 14 24 15 48 16 15 19 35 8 2 47 3 32 4 23 7 16 10 32 11 50 23 40 24 14
4 7 3 10 4 15 11 48 12 45 20 12 21 49 22 38 12 3 24 11 41 12 10 13 48 14 19 15 17 16 45 18 48 19 19 20 40 23 50 24 15 4 4 50 9 15 18 44 20 48 8 5 22 6 37 8 41 11 18 14 33 17 25 19 11 21 37
3 4 1 18 2 26 4 38 25 15 3 15 17 16 17 19 16 13 1 16 7 39 8 27 13 32 14 18 15 33 16 47 17 30 18 16 19 14 23 14 24 35 25 30
4 12 1 27 3 23 5 32 8 46 10 47 13 40 20 46 21 41 22 18 23 23 24 10 25 30 14 1 16 2 27 4 50 5 43 6 34 8 27 14 28 16 25 18 49 19 39 20 35 21 10 22 26 25 29 9 2 39 4 41 7 25 9 35 10 45 12 41 14 43 17 33 21 33 14 1 46 3 19 4 43 8 47 11 42 12 32 13 45 14 23 16 26 18 20 19 28 21 30 24 41 25 28
5 9 2 11 3 44 4 34 5 35 7 31 13 48 15 21 19 33 25 26 3 3 38 15 26 23 19 11 3 42 4 13 5 25 7 20 8 43 9 41 10 40 11 22 17 14 19 26 21 12 6 3 41 5 27 13 25 14 32 21 12 22 12 8 1 49 2 48 13 17 14 22 19 27 20 25 21 26 22 27
6 14 2 29 3 37 7 10 8 36 9 38 11 41 12 44 14 48 15 43 17 44 19 42 23 47 24 47 25 21 15 1 34 2 19 3 24 4 14 10 34 11 43 12 43 13 16 15 11 16 13 17 44 19 26 23 41 24 44 25 39 12 1 40 4 29 6 18 8 32 9 12 10 13 13 17 14 48 18 22 19 13 20 28 22 47 3 6 32 8 45 9 27 4 4 11 6 34 15 47 19 27 8 3 28 12 30 13 41 15 30 19 27 21 42 23 49 25 28
4 10 1 29 7 45 8 26 11 27 13 42 15 46 16 18 19 16 21 22 25 10 9 1 43 6 14 9 28 10 12 12 14 14 22 15 14 18 22 21 10 6 3 17 5 20 11 42 14 50 22 18 23 38 10 5 20 7 20 8 49 9 48 12 46 13 48 14 23 16 49 18 48 23 16
3 9 2 27 4 22 5 45 14 21 17 24 20 43 21 44 22 36 24 37 15 1 26 3 21 4 17 5 42 6 33 7 23 9 43 12 29 13 32 16 29 17 43 18 46 19 10 21 15 24 33 7 1 50 9 14 10 18 13 33 14 37 17 13 23 14
4 10 1 47 2 21 5 50 9 21 12 22 13 25 17 24 20 45 22 44 24 48 8 1 30 2 29 3 47 4 37 5 27 9 14 12 20 21 45 14 2 13 3 20 6 28 7 19 9 11 11 49 12 19 15 35 16 33 17 23 22 14 23 46 24 32 25 10 7 1 44 6 34 8 25 10 16 12 14 13 21 16 48
7 8 2 21 7 22 13 34 15 19 16 32 17 35 18 48 24 19 3 9 14 21 18 23 12 7 1 50 3 29 6 34 8 12 11 20 12 17 16 18 10 1 15 2 13 10 36 14 11 16 35 17 26 18 27 20 17 22 20 25 34 15 1 26 2 26 3 22 4 44 6 43 7 36 8 26 9 32 10 39 16 43 18 13 21 17 22 14 23 17 24 26 14 2 40 3 45 6 36 7 21 10 10 11 34 13 35 14 34 16 39 17 21 19 11 21 28 23 26 25 20 3 2 16 7 33 14 34
3 7 5 26 6 43 9 17 14 35 18 15 19 43 21 20 8 2 23 3 47 4 16 5 17 17 16 20 36 22 19 23 27 14 1 44 2 11 4 32 5 14 7 21 9 17 10 35 12 23 15 31 17 24 19 24 20 50 24 27 25 21
5 10 3 47 4 33 8 12 13 18 14 24 16 30 18 28 20 14 21 17 24 26 6 1 12 7 10 13 32 16 36 21 13 25 37 9 1 18 3 12 5 44 6 44 12 19 13 38 16 46 20 24 21 50 7 1 50 2 14 8 25 15 36 16 47 21 37 25 41 3 4 24 17 17 25 34
6 14 2 41 3 29 6 15 7 17 9 48 10 45 12 34 13 35 14 27 16 49 17 27 21 48 23 47 25 29 6 2 23 4 28 9 48 10 48 17 11 23 38 14 2 23 3 30 4 15 6 26 7 47 9 47 10 41 13 28 14 35 15 28 20 21 22 17 23 43 25 21 12 5 30 6 30 8 25 9 27 10 22 11 23 15 36 16 11 18 13 20 24 23 18 24 25 14 2 37 5 29 6 35 7 41 8 49 9 15 10 26 12 35 13 46 17 30 18 29 22 20 23 33 24 39 15 1 41 2 11 3 35 4 42 5 12 6 21 7 21 12 28 13 10 15 48 16 33 17 16 21 20 22 10 25 30
4 11 1 47 2 50 3 45 5 43 6 22 8 45 12 23 13 29 15 25 17 39 19 29 12 2 11 4 43 5 15 10 31 11 22 14 44 15 34 17 27 18 43 19 11 20 12 24 27 11 1 16 2 45 3 18 5 28 8 48 9 35 10 47 14 31 17 47 21 41 22 42 7 1 31 3 48 4 32 5 34 15 44 23 20 24 36
3 7 1 16 8 50 10 17 20 13 21 30 22 43 24 19 11 4 46 7 14 9 38 10 29 11 35 13 50 15 23 18 40 21 19 22 41 25 17 8 7 30 8 35 9 47 12 17 16 48 17 36 20 22 24 41
7 7 3 26 6 47 8 44 9 50 10 29 17 22 20 20 11 5 18 7 40 9 49 12 16 13 35 14 39 16 23 21 47 22 12 23 36 25 34 8 2 13 9 13 13 27 17 27 19 49 20 33 21 22 25 35 13 1 46 4 32 6 33 7 31 8 23 9 10 10 44 15 48 16 22 18 25 21 44 23 11 24 27 3 6 43 15 10 16 30 9 4 30 7 34 8 47 11 37 15 27 18 45 19 23 20 46 22 49 14 1 13 2 46 4 46 7 34 8 45 9 45 10 16 12 45 14 33 17 16 20 44 21 40 23 17 25 33
3 6 5 24 9 37 10 20 14 43 16 19 23 20 10 2 16 4 31 7 30 13 19 16 47 17 38 19 13 21 24 24 31 25 20 14 3 15 4 21 5 48 6 11 7 35 9 21 11 15 12 21 15 42 18 13 20 11 22 20 23 27 25 48
8 9 2 43 4 18 7 40 14 36 15 48 17 13 18 37 19 40 23 27 11 3 15 6 44 7 47 10 17 11 46 13 39 18 25 21 45 22 35 23 13 25 25 6 7 19 11 24 13 25 14 12 16 28 22 48 15 1 29 2 21 3 46 6 24 7 36 9 46 12 35 14 43 17 14 18 35 19 41 20 30 21 26 22 46 25 50 5 3 15 15 25 16 44 18 50 22 25 7 6 20 9 41 11 31 12 45 13 36 15 22 23 29 6 2 30 11 35 16 42 18 37 19 37 22 50 5 6 31 7 31 8 47 11 40 24 33
7 13 2 46 4 34 6 11 9 20 10 43 14 12 16 45 17 36 18 40 19 26 20 11 23 11 25 17 8 1 41 5 31 6 28 9 43 10 49 11 31 16 20 19 38 7 1 28 6 14 9 29 10 21 14 47 15 38 22 39 15 1 32 2 15 3 11 4 49 5 13 6 28 8 39 9 14 11 33 12 37 14 40 20 24 21 20 22 42 25 46 11 2 44 5 45 7 20 9 49 10 14 11 49 13 28 14 24 18 48 21 29 23 43 14 1 42 4 31 6 12 11 23 12 31 13 22 15 47 16 27 17 14 18 29 19 16 21 12 22 26 24 38 12 2 28 4 44 5 30 6 21 7 11 9 50 12 35 14 44 15 30 21 12 22 11 24 20
5 4 2 19 18 26 20 46 25 30 3 13 20 15 21 22 25 8 4 30 7 31 9 16 14 28 16 21 18 20 20 32 23 15 6 5 11 10 32 12 30 13 40 18 43 20 19 12 3 47 4 34 6 42 13 39 14 26 16 15 17 37 18 41 19 14 21 45 22 29 23 45
6 9 6 21 9 27 12 50 15 20 19 10 20 11 21 36 22 48 25 49 4 1 28 8 31 17 48 19 39 11 5 11 7 43 11 36 13 12 16 46 17 28 19 12 21 23 22 35 23 16 24 11 8 4 17 6 11 8 22 13 44 15 13 16 36 18 30 24 40 6 4 10 7 31 8 19 11 46 15 27 21 38 9 1 10 3 39 8 31 9 10 13 30 14 26 17 38 21 11 22 46
5 9 4 49 5 45 6 41 9 10 11 13 16 13 18 46 19 46 23 11 8 5 17 6 28 7 36 13 29 16 47 17 18 22 35 24 33 13 1 43 3 28 6 40 7 41 8 34 10 15 13 13 15 50 17 50 18 13 20 12 21 25 23 11 14 1 49 2 21 3 16 4 22 5 32 7 47 9 21 11 17 12 44 14 50 16 33 17 25 19 29 21 35 7 2 23 4 29 7 10 10 27 14 40 21 49 25 50
4 15 1 44 2 15 7 45 9 46 10 32 11 39 12 16 13 41 15 20 18 24 21 24 22 35 23 34 24 16 25 26 6 3 43 15 31 18 38 20 50 21 42 25 32 3 4 14 11 29 24 10 5 2 41 5 33 14 33 19 27 24 44
3 13 2 32 4 48 6 12 7 50 8 27 9 39 12 22 13 38 15 29 16 14 19 24 22 47 25 21 3 16 34 18 19 24 37 11 2 36 5 27 12 37 13 49 17 46 18 24 19 29 20 25 22 15 24 49 25 41
8 7 9 42 10 27 13 20 16 15 17 13 22 31 23 43 11 1 48 2 27 3 12 10 27 12 48 14 25 16 17 17 10 19 12 24 13 25 35 5 6 42 9 47 12 29 17 29 20 36 4 2 41 7 11 8 35 25 23 5 3 11 12 41 14 22 16 46 25 20 9 2 42 7 40 8 49 9 19 11 19 12 42 15 15 18 34 20 31 3 14 23 17 16 25 24 3 1 36 16 25 25 24
7 13 3 17 4 37 8 42 10 15 12 37 14 29 15 37 16 18 17 37 18 50 21 31 22 27 23 36 8 2 20 5 35 15 47 16 25 17 25 20 44 22 22 24 22 5 18 45 20 36 23 34 24 46 25 13 8 1 23 5 15 11 27 13 15 14 38 15 26 17 26 20 20 10 5 33 7 15 11 12 13 47 14 40 16 49 20 44 23 43 24 13 25 25 11 1 23 3 44 5 26 6 22 7 23 9 25 10 26 12 15 15 35 16 11 25 20 8 2 47 3 20 4 40 12 48 18 15 21 20 23 20 24 37
7 11 3 46 4 21 5 43 7 27 9 42 10 38 14 20 15 33 17 33 22 16 25 33 8 5 38 6 20 8 14 11 34 12 38 14 39 20 18 23 37 3 11 15 17 27 23 29 9 1 14 4 26 5 12 6 28 7 42 19 44 23 21 24 11 25 12 6 3 37 6 27 8 21 9 10 10 43 24 37 13 3 23 5 35 6 13 7 31 8 39 11 41 13 47 15 22 16 41 21 37 22 24 23 20 24 12 4 11 36 16 12 20 30 21 50
3 12 2 32 4 36 5 40 6 12 7 10 8 50 10 41 11 45 12 34 15 20 20 17 22 15 9 3 14 4 43 5 39 6 22 11 20 12 29 21 24 22 43 23 20 4 2 13 5 14 11 43 22 47
8 6 4 14 15 16 16 15 21 21 23 12 24 45 14 2 19 6 23 7 21 8 28 11 13 12 33 13 35 14 15 16 12 18 26 19 24 21 24 22 17 24 39 15 1 43 3 45 4 48 5 19 7 37 9 46 10 19 12 10 16 22 17 37 19 20 21 16 22 25 24 19 25 49 9 1 10 3 48 7 12 13 36 14 28 15 23 16 44 17 41 24 26 11 1 36 3 22 4 32 7 44 9 46 10 40 12 40 15 25 18 22 19 41 21 41 15 2 33 3 47 4 44 5 32 6 24 7 17 8 35 9 26 10 22 14 26 15 49 16 12 17 33 19 38 25 29 6 3 29 6 20 11 16 13 44 18 41 20 43 10 3 39 10 13 12 20 13 33 14 39 19 46 20 23 21 35 22 44 24 37
3 14 5 17 6 33 9 19 10 16 11 29 12 42 14 16 15 33 16 47 17 12 18 27 20 38 21 47 23 13 3 9 21 13 10 24 37 6 7 37 11 41 13 12 15 47 17 36 19 45
4 9 5 21 13 32 14 50 16 11 18 31 19 45 20 32 22 13 23 18 12 3 12 5 43 6 50 7 37 8 34 9 17 11 50 16 29 19 17 20 21 23 46 25 27 13 1 26 3 12 4 35 5 35 8 41 11 42 13 38 17 30 19 18 21 21 22 39 24 24 25 22 8 2 11 5 18 9 23 12 48 18 47 19 38 21 18 22 13
5 5 3 20 5 12 9 47 11 49 22 23 5 2 22 4 39 5 17 16 50 24 45 15 2 37 5 37 6 48 7 41 8 50 12 42 13 28 14 36 16 48 17 21 18 22 20 48 21 15 22 50 25 15 5 1 17 4 17 12 39 17 28 23 32 14 3 22 4 16 6 31 7 40 8 39 10 18 13 46 14 17 16 23 18 47 19 25 21 33 22 27 25 26
7 11 2 21 4 46 5 44 6 22 9 29 10 14 11 19 12 21 19 41 20 29 25 36 14 1 17 2 19 5 50 7 49 8 18 9 30 11 24 12 11 13 18 14 17 15 24 20 33 22 31 25 42 5 1 27 10 40 12 47 17 50 21 45 4 7 14 10 21 15 23 24 16 12 5 11 9 18 10 26 11 11 12 28 14 38 15 12 19 50 20 18 21 32 24 45 25 37 3 3 35 23 23 25 49 8 2 18 5 48 13 41 18 40 19 39 20 30 22 39 24 34
4 4 2 32 4 49 10 14 15 28 6 1 16 4 21 6 38 9 43 21 14 23 35 14 2 41 3 48 4 38 5 45 11 15 12 43 14 15 17 26 18 25 20 50 21 36 23 12 24 35 25 24 8 2 22 3 15 4 45 14 38 16 50 20 36 23 40 24 22
5 8 7 22 9 50 10 49 11 48 16 12 19 28 21 49 22 38 14 1 21 4 41 6 10 7 28 9 12 11 40 13 25 16 12 17 43 18 16 19 40 20 17 21 39 22 45 15 1 44 2 34 3 25 4 46 5 48 7 48 8 24 9 41 11 29 12 34 15 10 20 39 21 50 22 37 24 41 6 1 10 4 39 6 16 11 35 18 44 24 50 8 5 33 6 31 7 43 10 24 12 37 14 24 22 20 23 22
4 7 1 19 4 48 11 29 14 27 17 33 18 20 21 37 3 3 36 8 15 18 50 10 3 29 5 21 6 22 7 32 9 46 15 44 18 39 22 23 23 16 25 39 5 1 35 2 37 14 16 16 39 21 19
8 7 2 50 4 44 6 43 11 40 15 46 20 36 23 17 4 4 11 17 42 18 24 23 28 3 4 25 23 43 25 22 15 1 32 2 33 3 45 4 46 5 31 8 44 10 13 11 48 12 32 13 35 14 44 16 18 17 46 21 33 22 15 10 3 50 4 27 5 15 6 35 8 35 14 12 17 33 20 24 21 28 25 16 3 3 21 13 16 19 43 10 5 34 6 28 8 46 9 26 10 35 11 31 15 13 16 41 19 12 23 21 3 10 32 16 41 25 23
7 11 1 37 4 10 5 35 7 25 13 16 15 20 18 46 20 48 21 17 22 38 25 36 12 3 17 5 50 10 23 11 48 13 14 17 29 18 49 19 34 20 16 21 18 22 38 25 27 7 1 23 4 50 7 17 9 30 12 48 18 12 20 32 10 1 37 3 47 5 47 7 19 10 39 11 24 15 36 19 40 21 44 25 36 6 1 31 2 14 3 17 11 49 16 23 17 22 6 3 47 4 39 5 26 8 11 15 41 17 39 13 1 15 2 19 3 48 5 39 7 45 8 40 9 10 12 26 15 31 16 41 18 32 21 14 25 50
3 10 3 45 4 11 6 13 8 15 10 19 11 50 12 34 13 19 15 25 17 35 5 2 16 6 19 8 30 12 25 23 27 13 1 13 6 39 8 25 9 50 12 33 16 24 18 37 19 44 20 29 21 49 22 25 23 31 25 38
3 11 1 17 3 47 5 28 6 26 7 16 8 45 11 20 12 27 13 41 17 31 21 17 15 1 21 3 30 4 43 7 11 8 21 12 21 13 32 16 34 17 32 18 19 19 27 20 23 22 48 23 50 24 34 3 1 20 3 38 11 15
5 3 12 35 15 35 24 23 11 2 45 3 20 6 48 8 25 10 12 12 31 15 29 16 33 18 30 19 28 22 18 13 3 21 6 42 7 50 10 35 12 17 13 29 14 30 15 43 16 13 20 13 21 37 23 20 24 23 11 3 47 5 35 6 21 8 29 9 42 10 36 14 24 17 23 21 47 22 17 23 23 14 1 12 3 22 5 44 6 16 7 36 9 33 11 50 12 22 13 10 14 12 17 46 18 46 19 25 24 25
6 8 2 27 5 36 6 25 9 16 12 19 13 22 19 39 22 29 8 3 29 5 31 15 11 16 24 17 35 21 17 23 12 25 45 13 1 41 2 30 4 39 6 43 7 34 8 39 10 25 14 37 18 33 21 27 22 37 23 40 24 15 5 3 22 8 10 17 20 18 49 20 49 7 7 20 8 48 11 40 18 40 19 33 23 12 25 43 6 2 40 16 29 18 29 19 31 20 42 25 31
8 11 2 34 3 19 4 32 8 45 11 16 14 41 18 17 20 47 21 48 22 49 25 47 10 2 15 5 10 6 32 9 30 10 35 15 10 19 47 20 15 22 19 23 13 12 2 14 4 20 6 21 7 32 8 44 9 48 11 41 13 43 16 48 19 47 24 25 25 25 15 1 38 2 50 4 34 5 28 8 39 10 27 12 45 14 50 15 36 16 18 19 42 20 34 21 48 23 45 25 39 13 1 46 3 22 6 35 8 20 9 14 12 45 13 43 17 19 18 23 19 40 20 37 21 21 22 32 6 1 37 4 15 5 48 8 34 12 36 14 30 12 1 44 2 36 5 14 6 43 9 19 10 13 14 36 16 47 20 27 22 28 23 37 24 16 3 8 33 20 33 24 19
5 7 2 20 7 34 8 39 12 18 16 40 18 45 23 15 7 1 30 5 22 7 44 8 43 13 21 16 37 20 49 5 5 38 7 32 17 49 21 24 22 45 8 2 11 3 38 6 21 7 30 8 38 16 29 22 40 24 11 3 4 45 5 43 21 44
6 7 2 12 7 21 10 19 15 27 18 29 22 41 23 42 13 2 23 3 25 6 14 7 22 11 22 14 16 17 37 18 16 19 13 20 49 23 40 24 39 25 19 3 4 35 10 50 25 13 8 1 35 5 49 10 42 11 44 15 19 18 30 19 38 25 32 13 4 24 5 11 6 38 7 21 8 36 11 21 13 45 14 18 16 21 17 42 21 34 22 30 24 41 4 12 18 19 49 24 12 25 10
4 10 1 11 2 24 3 45 6 44 7 34 15 38 19 31 22 47 23 26 25 17 6 2 15 4 21 5 16 7 23 8 40 17 24 7 4 45 5 17 9 23 11 26 12 27 17 15 20 13 10 5 20 7 13 8 47 12 32 13 16 14 19 16 49 18 18 20 48 24 38
8 13 1 17 2 22 5 39 7 12 9 49 10 19 11 29 12 40 17 45 18 14 23 12 24 19 25 33 10 1 28 6 30 7 41 9 19 17 40 20 37 21 46 22 46 24 12 25 42 5 6 49 7 30 9 27 15 37 20 10 7 3 19 4 23 5 44 9 45 12 10 19 49 20 34 4 5 15 6 31 24 27 25 12 13 1 19 2 21 3 45 4 36 5 17 10 19 12 28 15 20 17 40 18 49 22 12 23 34 25 37 13 1 17 3 48 7 26 9 14 10 41 11 48 12 40 14 45 16 32 19 33 21 34 22 41 25 16 14 1 30 2 31 3 34 4 21 5 29 7 19 10 35 11 48 14 41 18 29 21 47 22 34 23 37 24 29
4 11 1 29 3 27 4 32 7 50 8 46 10 15 14 45 16 30 17 20 24 44 25 32 4 3 19 12 35 15 25 19 23 11 3 30 4 13 6 15 9 47 10 27 13 16 14 33 15 16 18 31 20 21 22 24 8 1 40 2 24 9 47 15 14 17 20 20 46 24 31 25 10
7 6 3 41 5 10 7 41 10 33 18 12 23 32 4 7 23 13 35 22 24 25 30 15 1 17 2 35 3 11 5 23 6 39 7 41 9 18 10 50 11 19 12 43 14 34 15 42 18 22 19 15 24 49 9 1 28 2 45 4 46 9 18 11 11 12 13 18 41 20 13 22 37 5 6 20 9 14 10 46 20 42 21 40 14 1 32 4 46 5 39 6 43 7 34 8 19 9 45 12 23 13 33 17 15 18 47 19 40 23 37 24 18 3 10 21 14 34 16 16
8 12 1 11 3 37 5 13 6 37 7 29 10 11 11 26 15 33 18 26 19 46 22 29 23 46 14 1 47 2 44 3 46 4 47 9 37 10 46 12 45 14 33 15 18 17 21 18 49 19 45 22 20 24 14 9 6 45 7 38 10 32 11 34 13 36 19 19 22 22 23 19 25 11 8 5 42 7 50 14 38 15 35 21 21 23 36 24 39 25 13 4 2 24 3 45 5 15 25 13 5 1 19 6 42 9 33 12 48 25 32 6 7 50 11 34 13 40 14 20 21 32 25 47 15 3 16 5 17 8 35 11 11 13 30 15 41 16 18 17 30 18 30 19 27 21 18 22 44 23 32 24 38 25 25
6 7 2 29 4 18 5 18 7 15 9 39 23 24 24 18 5 2 43 8 20 10 34 11 31 23 43 4 2 48 9 48 14 25 19 14 7 2 17 4 19 5 30 7 40 10 31 11 31 17 15 5 3 48 8 46 13 23 19 43 22 23 15 1 47 2 49 6 18 7 11 8 14 9 27 11 32 12 39 15 10 16 16 18 37 22 28 23 38 24 12 25 11
7 5 3 21 8 10 9 24 14 22 24 19 13 1 46 3 50 5 39 7 21 9 11 10 36 11 49 12 23 13 36 19 29 21 46 23 19 25 24 5 2 24 4 35 12 43 14 12 16 30 9 7 29 9 10 12 50 15 30 18 43 21 28 22 48 24 17 25 28 5 2 19 5 33 6 50 19 44 20 23 14 2 18 3 15 5 16 10 20 11 33 13 49 14 19 16 16 17 12 19 35 22 27 23 25 24 17 25 38 4 14 35 16 33 18 10 25 13
3 15 1 30 2 48 3 33 4 46 5 35 8 45 9 12 13 49 15 17 16 37 17 27 18 29 20 44 21 37 25 38 12 1 36 3 43 5 37 11 36 12 49 15 34 16 44 18 43 19 19 22 25 23 40 25 30 12 1 41 2 36 3 15 4 41 5 17 7 32 14 14 16 16 17 34 21 30 23 35 24 48
6 14 3 41 4 17 5 38 8 33 9 37 10 45 12 16 13 36 14 18 17 42 18 25 19 39 20 46 24 18 14 1 38 2 24 3 29 4 48 5 23 9 25 10 33 11 45 15 32 16 32 19 15 20 14 23 22 24 33 8 2 35 3 16 6 10 12 44 14 30 17 14 23 16 24 17 14 1 32 3 10 4 19 6 13 7 11 8 42 10 32 11 21 13 26 16 15 17 28 19 47 20 50 25 19 13 1 13 2 28 3 13 8 16 10 43 11 43 12 17 13 33 14 47 16 28 21 20 22 16 25 32 15 1 50 3 17 5 24 6 34 9 46 11 40 12 50 14 18 15 38 18 30 19 43 21 11 22 23 23 19 24 13
5 6 2 15 12 17 14 37 19 49 20 12 25 19 8 2 45 4 31 7 40 18 26 22 13 23 11 24 37 25 36 15 1 41 3 32 4 21 6 47 8 11 10 18 12 36 13 24 14 38 15 25 19 12 20 37 23 31 24 34 25 36 5 2 39 3 41 9 32 15 45 22 15 10 4 20 7 49 8 12 9 17 12 15 15 34 16 43 21 27 24 26 25 15
3 7 1 14 12 50 14 19 15 49 16 45 21 10 25 36 13 1 36 3 26 5 41 6 41 8 31 9 31 13 11 14 32 15 45 16 40 21 14 23 19 25 23 15 3 23 4 47 5 24 6 40 7 29 10 13 11 16 14 31 15 40 16 15 17 15 18 18 21 37 22 36 23 28
3 6 5 18 6 17 12 16 14 25 15 47 21 18 10 3 38 4 12 6 49 8 30 12 42 13 42 18 18 19 13 20 21 24 47 4 1 15 3 45 8 34 11 24
151 112 59 49 49 61 58 46 122 78 44 70 70 104 100 63 66 100 89 67 41 73 72 113 69 43 63 123 55 87 110 76 50 111 50 114 132 78 92 81 61 56 152 86 85 38 126 55 63 98 117 63 82 66 97 103 56 43 74 116 99 82 114 72 102 67 124 141 97 99 49 111 76 37 40
3 3 2 1 3 1 1 2 1 2 3 3 3 1 2 1 1 3 2 1 2 3 1 1 3
# Instance ID: 77
# Total operations: 381
# Actual flexibility: 0.357
# Generated: 2026-02-14 14:26:23
# Format: Extended Brandimarte for MOFJSP (Comparison Dataset)