40 20
8 3 4 32 8 35 20 36 10 1 44 2 22 6 44 7 34 8 13 9 35 10 46 11 35 13 21 16 29 12 1 32 3 43 4 34 8 23 9 45 10 11 12 26 14 13 15 28 17 27 18 16 20 34 4 4 10 7 35 13 22 20 30 7 3 10 7 28 11 42 12 11 13 42 14 45 17 10 8 5 13 9 20 12 29 16 47 17 25 18 42 19 39 20 14 6 5 28 8 26 11 27 15 31 16 44 18 49 3 7 13 11 17 15 47
7 12 3 28 5 33 6 50 8 35 9 37 11 24 12 37 13 23 16 13 17 32 18 17 20 18 11 2 45 3 32 4 35 7 45 8 50 11 25 12 35 14 46 15 50 17 31 19 38 3 2 12 4 25 11 27 6 4 30 5 35 6 21 7 17 12 25 14 26 6 1 30 3 41 6 29 8 49 12 18 15 14 6 1 49 6 38 9 18 13 42 14 38 18 12 5 9 24 10 17 11 13 12 40 13 35
6 12 1 24 2 30 5 47 7 24 8 27 9 33 10 41 13 14 16 36 17 17 18 33 19 37 6 1 15 3 25 8 20 13 23 14 14 18 21 6 1 42 6 28 7 38 8 24 13 12 16 44 4 2 11 7 23 11 27 14 18 3 5 49 13 31 17 43 3 5 45 9 31 10 16
7 4 8 47 14 20 17 14 18 14 7 4 26 8 34 12 34 13 40 15 37 16 35 18 43 5 1 23 2 40 7 10 16 25 20 42 10 1 43 6 20 8 33 9 38 10 11 11 28 14 27 15 31 16 32 17 26 5 8 50 12 26 16 21 17 16 18 13 12 2 47 5 42 8 24 9 10 10 17 11 43 12 37 13 13 14 44 18 11 19 39 20 33 6 8 37 12 10 13 11 18 26 19 21 20 40
6 3 8 48 17 36 19 31 7 7 42 10 10 13 33 15 23 17 36 19 24 20 26 10 2 45 3 13 5 32 8 50 11 29 13 26 14 32 16 18 17 47 19 20 8 1 38 4 26 6 30 9 46 10 21 15 16 17 42 18 46 6 2 43 4 35 7 48 12 26 16 34 17 14 11 2 38 3 29 5 17 8 11 9 30 11 35 13 36 15 22 16 18 17 36 20 21
7 7 2 50 6 41 7 44 11 36 13 31 14 24 15 31 10 1 19 4 16 7 17 13 50 14 20 15 27 16 30 18 45 19 37 20 15 8 2 44 9 32 10 14 12 48 15 48 16 36 17 42 20 23 5 2 24 5 41 14 17 16 11 18 33 12 1 19 4 41 5 21 6 18 7 27 8 22 9 41 10 30 12 44 14 16 16 16 19 37 5 3 42 12 33 13 14 15 17 19 27 10 2 43 4 13 6 48 7 35 10 19 12 39 13 42 15 35 18 17 20 15
7 11 1 18 3 37 5 12 6 42 8 24 9 31 11 45 12 44 13 46 15 39 19 28 6 2 45 10 28 11 20 12 10 13 29 17 49 8 6 31 8 37 9 38 11 30 13 24 15 43 16 36 17 36 11 2 22 3 22 5 41 7 23 10 22 11 21 13 35 17 29 18 13 19 43 20 16 12 1 49 2 47 3 16 4 46 5 18 6 15 8 30 9 40 10 42 16 37 19 26 20 27 11 1 38 3 11 6 12 9 17 11 46 13 13 14 34 16 20 17 28 19 37 20 33 5 3 19 5 26 12 28 13 24 19 39
7 9 2 36 5 50 6 36 14 41 15 13 16 22 17 38 19 13 20 38 3 2 33 3 40 12 32 6 5 26 9 23 11 39 15 15 17 16 20 40 4 4 14 12 40 13 44 18 15 11 2 18 3 25 6 48 7 23 9 39 10 43 11 27 14 13 16 42 17 39 18 14 12 1 26 2 41 3 14 10 46 11 28 12 12 13 37 14 31 16 37 18 43 19 31 20 47 3 2 10 7 44 15 36
6 4 3 13 7 19 10 39 14 50 7 6 37 7 18 8 25 11 17 16 27 17 40 19 10 4 1 36 5 20 12 49 13 18 9 1 28 2 19 3 16 4 26 6 42 8 41 13 37 19 24 20 11 5 4 15 5 45 13 11 17 22 19 17 12 2 37 3 25 4 41 6 28 7 38 9 43 10 43 11 43 13 19 15 29 17 31 18 49
6 4 4 23 16 23 17 46 20 17 10 3 39 4 30 5 29 6 15 7 23 10 43 11 40 13 13 17 33 20 30 7 1 22 6 21 10 28 11 17 15 22 16 36 20 49 3 2 29 6 47 16 49 4 1 16 4 40 9 45 16 39 11 1 29 5 31 6 41 7 48 12 28 13 18 14 41 16 33 17 24 18 39 19 23
7 10 3 46 5 40 6 17 7 20 8 20 12 34 13 47 17 30 18 14 20 28 6 2 19 4 32 6 42 13 33 14 25 18 29 3 1 42 5 46 16 32 6 1 14 9 23 14 41 16 27 17 45 18 46 9 5 18 7 26 8 35 10 14 14 10 15 31 16 46 18 50 20 48 6 1 41 4 48 10 28 13 11 17 30 18 12 8 1 31 4 36 9 50 11 20 13 39 14 10 17 34 20 14
4 3 2 48 12 16 19 41 4 8 19 12 45 15 16 20 39 10 1 23 6 14 8 17 9 33 10 28 11 30 15 14 16 36 17 29 18 23 6 5 39 7 10 8 12 17 47 19 39 20 26
5 4 5 45 14 41 18 32 20 41 4 15 21 18 50 19 22 20 13 10 2 22 4 10 5 12 6 49 7 23 9 20 11 20 12 11 14 36 16 28 9 1 36 3 15 4 47 6 50 9 29 10 15 14 11 16 21 18 42 5 1 21 7 37 13 29 17 48 20 19
5 11 2 43 3 15 4 38 6 39 7 21 8 47 11 21 12 32 14 39 17 43 18 22 9 1 24 4 19 5 30 6 18 8 37 12 13 14 12 17 14 18 50 4 4 11 6 40 8 23 18 43 11 2 32 3 18 4 16 5 13 6 14 7 12 11 38 17 50 18 27 19 31 20 21 3 2 47 12 46 19 15
5 4 4 42 11 11 15 42 20 33 4 1 29 3 16 11 20 20 20 8 2 13 3 43 4 21 6 35 13 39 15 12 16 22 17 46 3 8 45 16 10 19 38 12 1 17 2 29 4 17 5 26 6 34 8 44 10 42 14 17 15 41 16 30 18 36 19 14
6 3 12 24 18 28 19 44 6 3 24 6 36 11 21 15 29 17 40 20 49 12 1 46 2 14 5 40 6 45 7 22 8 32 11 36 12 22 15 34 17 27 18 12 19 50 8 3 38 4 40 6 15 9 40 11 11 14 38 17 38 20 33 10 1 16 3 12 5 28 7 21 12 12 13 25 14 11 15 40 19 23 20 32 6 3 49 5 39 6 44 13 11 17 10 18 39
6 11 1 30 2 30 4 13 5 38 6 29 8 43 9 16 13 26 14 29 18 29 19 25 12 2 47 3 43 4 16 6 24 7 44 9 24 10 22 13 27 14 49 15 29 17 15 20 30 8 6 15 8 22 11 33 15 44 16 49 17 48 19 36 20 17 9 1 50 2 41 3 42 4 38 7 14 11 44 13 40 16 48 19 39 11 2 45 3 29 6 13 8 13 13 48 14 10 15 36 17 21 18 50 19 31 20 11 12 1 21 6 33 7 33 9 20 10 42 13 43 14 48 16 39 17 22 18 39 19 50 20 45
4 7 1 21 4 27 9 17 10 36 15 16 18 41 20 38 5 2 46 7 10 8 31 15 24 16 22 3 4 31 6 17 19 43 9 1 20 6 23 9 15 10 25 12 38 13 28 15 27 16 41 18 17
5 8 2 11 6 10 7 40 12 26 13 45 16 42 18 24 19 42 5 2 19 3 12 5 19 14 16 18 30 5 2 40 6 46 13 33 14 41 16 30 10 1 48 4 39 5 25 6 37 7 31 13 42 14 38 15 47 17 26 18 47 5 4 10 7 50 12 45 17 15 19 41
5 11 1 37 2 17 3 40 4 36 7 33 8 42 10 42 11 15 14 43 15 42 20 25 10 1 38 2 32 3 44 6 26 13 46 14 22 15 49 17 17 19 40 20 44 5 2 27 7 29 9 23 14 27 19 13 5 3 13 11 42 17 39 18 38 20 16 10 1 14 4 44 8 37 9 43 10 22 11 20 13 13 14 10 17 39 20 23
7 11 1 47 2 21 3 43 7 48 8 39 10 18 11 18 13 26 14 46 15 38 18 36 4 8 40 10 34 16 12 20 16 6 1 33 4 22 5 15 14 17 16 30 18 41 4 5 18 11 21 13 39 18 17 3 9 36 13 37 17 37 8 2 47 3 15 5 13 9 23 11 38 12 27 14 47 18 38 6 2 20 10 15 12 20 14 29 16 48 20 45
6 10 3 17 8 25 10 14 11 49 12 15 14 25 16 47 17 34 18 43 20 25 12 1 15 2 14 3 23 6 33 7 11 8 24 12 22 13 36 14 36 15 43 17 47 19 28 12 3 28 4 31 5 38 7 17 8 46 10 31 13 33 14 27 15 46 16 37 18 44 19 26 10 2 40 3 41 6 17 9 41 12 15 13 34 15 47 16 47 17 28 19 27 7 3 27 6 41 7 12 13 10 14 29 18 20 19 47 8 1 24 4 15 6 34 8 45 9 12 11 44 15 12 16 34
5 11 5 22 6 18 7 49 8 46 9 46 11 44 12 24 14 46 16 16 17 45 20 40 8 2 29 10 42 12 21 13 27 16 36 18 28 19 17 20 14 11 1 37 2 48 7 23 8 44 9 26 12 41 13 25 14 42 17 14 18 11 19 35 6 1 33 3 12 6 45 9 18 15 18 16 35 4 2 31 8 28 10 34 13 28
8 12 1 33 2 33 3 11 4 28 5 47 6 25 8 30 11 38 12 45 16 17 17 28 18 15 5 1 25 3 22 12 43 16 41 20 48 5 4 25 5 42 6 17 8 15 18 45 10 2 44 3 50 4 26 7 23 9 20 13 24 14 41 16 34 19 12 20 50 6 5 19 9 28 11 40 13 21 16 18 17 20 9 4 25 5 20 8 50 10 34 11 12 14 23 16 21 17 18 18 19 10 4 14 5 39 9 24 11 11 12 49 13 42 16 15 18 42 19 15 20 46 5 4 48 5 37 6 24 9 32 10 48
4 10 1 47 3 41 4 26 5 49 6 45 8 12 10 11 12 48 13 21 17 49 6 3 32 5 31 12 27 14 48 15 29 19 28 7 3 45 5 22 7 20 8 24 10 23 15 26 16 44 6 7 50 11 24 12 41 15 44 16 31 18 15
8 6 3 23 4 17 6 19 7 36 13 26 20 32 9 1 40 2 15 6 33 8 49 12 15 13 44 15 24 18 24 20 24 6 1 17 6 23 11 31 12 45 13 29 20 17 3 3 14 8 24 9 38 6 1 39 2 24 5 44 16 21 18 18 20 50 9 1 11 2 49 4 49 7 36 8 28 13 44 14 44 18 36 19 24 12 2 46 3 15 6 15 9 11 10 18 11 49 13 43 14 29 15 47 17 23 19 43 20 22 8 1 49 3 34 4 48 5 28 6 42 8 35 15 22 19 18
8 3 1 35 3 30 8 22 6 3 45 4 34 6 34 8 29 11 17 13 14 8 3 19 6 22 9 49 10 36 13 33 14 48 18 40 19 45 5 1 10 2 28 14 39 18 10 19 22 5 1 22 2 46 6 15 10 22 14 27 12 1 16 4 20 8 49 9 10 10 29 11 27 12 20 13 42 14 19 15 25 18 36 20 17 9 1 50 2 23 3 44 5 20 9 14 10 18 12 50 14 16 16 12 4 1 13 4 48 12 41 14 42
4 7 1 47 5 38 10 39 12 35 16 37 18 25 19 16 3 2 22 10 14 11 48 7 5 25 7 20 11 40 12 15 13 26 17 40 20 21 8 1 39 3 33 4 12 5 47 7 27 13 29 14 26 16 42
8 6 1 14 3 35 7 15 10 37 14 42 16 40 9 1 40 3 33 6 44 7 26 8 43 11 25 15 35 16 23 18 48 4 2 42 4 49 7 45 15 44 4 1 45 5 43 11 18 15 21 6 4 27 5 19 8 18 11 24 14 28 17 18 5 1 26 3 50 4 27 10 19 14 22 3 12 31 13 38 19 38 9 1 29 2 21 4 17 5 11 8 44 12 29 13 25 17 49 18 44
5 11 1 43 4 10 5 19 7 35 8 45 10 40 11 28 13 45 15 32 19 17 20 50 4 4 19 14 27 15 41 19 34 11 3 33 5 48 7 50 10 12 11 21 13 45 14 20 15 40 16 39 17 29 19 36 12 4 38 5 45 6 20 7 12 8 13 9 16 10 22 11 41 13 34 16 42 18 25 19 33 5 3 26 5 21 8 12 16 28 17 36
6 8 1 40 3 18 6 34 8 41 11 39 16 46 18 45 19 22 3 2 22 5 12 20 27 6 1 11 2 50 7 15 12 18 15 15 16 33 6 2 46 6 49 8 31 10 33 14 31 17 10 9 2 44 4 33 6 28 7 27 10 44 16 13 17 37 18 34 19 38 9 2 15 5 18 6 35 7 30 9 26 14 40 15 22 17 40 19 12
4 7 3 45 4 38 6 38 10 43 12 41 17 13 19 11 3 11 27 17 32 19 13 9 4 17 7 21 9 22 11 30 13 29 15 22 16 23 18 37 20 12 9 1 50 3 41 5 12 7 38 11 25 14 40 15 25 16 35 19 36
7 11 1 27 2 34 3 37 7 11 8 12 10 31 12 31 14 47 15 25 17 14 19 47 12 2 33 7 49 9 12 10 21 11 45 12 38 14 49 15 45 17 19 18 36 19 21 20 18 8 4 32 5 50 10 12 11 43 12 50 15 49 17 12 20 37 9 1 34 2 15 8 36 9 46 10 23 11 17 14 25 19 22 20 25 9 1 21 4 34 5 26 6 27 7 27 10 33 11 42 13 16 18 35 7 3 50 4 42 9 36 11 45 14 17 15 30 19 49 4 10 11 12 50 14 41 15 47
8 7 1 44 4 16 11 18 14 32 15 38 17 13 19 35 3 5 19 6 26 17 45 12 1 11 2 11 3 21 6 17 7 46 8 38 10 49 13 38 15 36 16 29 18 38 20 10 7 1 14 3 19 6 29 7 37 13 36 14 18 18 31 9 2 42 3 50 5 11 7 21 12 34 13 16 18 27 19 21 20 19 11 2 14 4 48 6 27 7 44 9 11 10 27 13 27 15 34 16 24 19 31 20 45 3 2 18 5 49 15 15 10 1 43 2 42 3 42 4 28 5 14 6 47 9 22 10 35 18 50 20 50
4 5 3 47 7 26 8 37 10 11 13 39 11 2 20 3 18 4 20 5 49 6 23 9 17 10 14 11 29 17 21 18 24 19 15 4 10 50 12 10 15 26 16 49 12 1 29 3 25 4 20 6 42 7 27 8 32 11 14 13 18 15 48 16 46 17 23 18 44
3 10 1 26 2 43 3 38 5 36 7 27 8 21 9 38 10 23 17 10 20 10 12 2 19 4 46 6 19 7 27 9 13 10 15 11 17 13 34 15 21 16 42 18 11 19 15 9 2 39 6 33 8 50 9 12 10 39 15 41 18 19 19 14 20 42
3 11 1 33 6 24 7 27 11 11 12 13 14 19 15 37 16 41 18 15 19 36 20 14 10 5 23 6 15 8 50 10 50 11 37 14 16 15 14 17 44 19 36 20 47 11 1 28 3 27 4 48 6 19 9 20 10 47 11 27 12 36 15 45 17 49 20 39
6 9 1 13 4 15 6 11 8 46 9 20 14 13 17 40 19 24 20 38 11 2 20 6 46 8 12 10 22 11 26 12 14 13 24 14 44 15 36 16 30 17 14 10 3 11 5 35 6 22 8 32 10 49 13 24 16 17 18 20 19 17 20 33 4 1 49 2 47 4 43 6 21 7 1 22 2 30 3 43 4 11 7 39 14 39 17 15 3 3 13 6 26 19 31
5 12 4 27 5 35 6 44 8 17 9 49 11 36 12 34 13 21 15 22 16 13 17 10 18 22 10 1 31 2 14 7 44 8 10 9 39 12 41 13 44 15 24 19 23 20 37 11 3 32 5 24 6 14 7 13 8 12 10 18 12 36 13 37 14 45 17 48 20 38 7 3 48 5 14 6 21 9 33 11 32 15 18 16 49 4 7 46 12 26 13 27 16 38
6 7 1 28 3 46 9 20 11 38 14 20 16 33 17 26 8 1 22 3 12 5 43 6 47 7 14 9 18 14 20 17 47 7 1 19 2 25 4 46 7 29 11 17 15 29 16 18 12 2 46 4 21 5 42 8 22 10 18 12 28 14 46 15 33 17 16 18 17 19 10 20 47 9 1 48 2 24 3 29 6 39 7 45 10 38 13 39 15 36 17 19 12 1 45 2 21 3 14 7 47 8 18 9 40 12 48 13 11 15 13 16 35 17 42 18 26
123 103 110 139 94 90 98 134 79 77 123 71 65 67 94 99 84 77 89 66 122 100 63 123 65 154 123 57 129 62 99 76 103 137 64 37 49 81 85 72
3 2 1 2 1 2 2 2 3 2 3 2 1 1 1 1 2 1 2 1
# Instance ID: 55
# Total operations: 234
# Actual flexibility: 0.372
# Generated: 2026-02-14 14:26:22
# Format: Extended Brandimarte for MOFJSP (Comparison Dataset)