50 25
5 14 2 44 3 12 4 45 6 34 7 35 8 22 10 15 12 32 13 20 14 50 17 41 18 16 24 38 25 38 9 2 34 6 13 7 46 10 26 11 27 13 34 14 49 15 41 23 44 12 2 43 5 49 6 41 8 36 9 17 12 50 14 34 16 45 18 19 19 46 23 35 25 45 12 1 41 2 50 3 35 5 44 14 19 15 17 18 32 19 35 22 30 23 42 24 45 25 34 11 1 15 4 24 6 35 8 25 9 15 12 41 14 38 16 37 18 21 20 34 24 10
4 4 8 45 12 27 16 17 17 39 3 16 13 18 14 24 26 8 1 40 10 31 11 33 12 30 13 21 14 34 18 37 25 37 9 1 39 2 48 3 45 9 27 11 32 12 50 15 14 23 39 24 27
7 13 1 50 2 46 3 29 4 26 7 31 9 24 11 19 13 20 17 15 18 41 20 43 24 26 25 15 8 3 22 4 15 12 23 13 36 14 27 16 22 21 47 22 35 14 2 38 3 50 4 33 6 14 7 28 8 19 9 16 12 26 13 31 15 28 16 38 20 43 21 14 23 37 11 1 38 2 34 5 37 6 46 12 27 13 18 19 14 21 38 22 11 23 10 24 13 4 9 39 17 32 18 38 19 45 9 1 35 3 12 4 20 6 10 8 46 14 36 17 18 21 45 23 37 11 1 13 2 37 9 17 12 45 14 33 15 16 16 34 18 42 21 42 22 50 23 36
7 5 2 42 7 42 10 15 15 30 21 43 4 1 45 3 21 10 34 18 30 5 12 48 14 12 15 38 22 45 24 20 6 2 50 9 26 10 43 17 40 19 23 24 27 3 3 39 11 49 15 43 8 7 22 9 14 10 33 11 21 13 10 15 45 19 21 23 33 11 2 15 3 35 5 39 6 21 9 38 11 49 14 34 18 35 19 27 21 14 23 10
5 3 3 24 5 26 17 27 12 1 11 2 44 3 49 6 10 7 31 8 23 12 41 16 41 17 49 20 46 21 44 22 30 4 5 44 12 28 13 29 20 31 7 2 44 9 48 13 40 14 47 15 46 16 13 20 23 5 8 45 10 17 17 47 23 30 24 10
5 3 1 33 4 46 25 34 12 2 45 3 46 6 48 7 25 9 37 10 30 12 47 15 30 17 30 19 20 22 24 25 34 9 3 39 6 44 7 47 9 46 11 24 14 41 15 12 20 22 23 43 10 3 27 4 29 5 45 6 38 7 48 13 29 15 39 17 34 20 48 25 25 5 6 13 11 28 13 28 16 49 24 11
6 12 2 45 5 10 8 19 9 31 10 25 12 33 17 19 18 25 21 29 22 45 23 28 25 38 15 4 33 5 10 6 32 7 18 9 43 10 27 13 25 15 10 16 29 17 28 18 25 19 29 20 19 22 27 25 36 7 2 45 6 12 8 32 10 25 12 25 23 16 25 44 8 6 46 8 29 10 31 11 44 14 22 16 44 18 50 21 31 5 3 49 10 31 12 40 15 35 20 41 9 1 21 2 13 3 30 4 27 6 43 7 42 10 10 22 24 23 40
3 5 4 45 15 29 16 29 17 14 18 32 14 2 46 3 42 5 34 6 39 9 33 12 31 13 28 16 19 17 20 18 44 19 25 22 46 23 20 25 29 10 1 33 3 32 6 18 15 33 16 42 18 46 21 24 23 47 24 29 25 21
5 8 3 16 4 21 6 16 8 25 10 46 13 30 15 17 19 16 9 6 12 7 21 9 16 14 31 15 27 16 29 18 18 20 25 25 44 12 1 18 5 41 7 44 8 11 9 34 11 50 15 18 18 11 20 48 21 19 22 20 23 38 8 4 13 5 26 7 32 11 16 12 26 18 20 20 29 24 35 12 2 47 3 33 4 34 5 44 7 44 9 14 13 48 14 14 16 17 19 16 20 18 23 47
5 4 5 37 9 49 15 27 19 17 4 3 18 15 23 22 26 25 37 9 1 41 4 16 8 43 17 40 19 15 21 43 22 13 24 24 25 36 15 2 41 3 50 4 17 5 40 7 15 8 42 9 30 11 34 12 12 15 34 20 40 21 17 22 27 23 44 24 50 12 1 33 2 32 3 42 4 22 6 14 8 11 11 37 12 19 16 15 17 20 18 42 24 42
8 12 2 11 4 44 6 42 8 20 9 49 10 10 13 23 14 16 18 17 19 45 22 36 23 10 15 1 33 2 35 4 19 9 26 11 30 12 31 13 31 14 22 15 43 16 15 19 13 20 49 21 12 23 27 25 19 12 3 41 4 30 8 26 11 32 12 43 13 15 16 28 17 24 18 10 23 19 24 22 25 28 8 5 20 9 16 13 36 14 40 16 44 19 30 20 32 24 31 15 1 48 3 34 4 27 10 12 11 42 13 18 14 16 15 42 16 27 17 46 18 33 19 44 23 12 24 35 25 27 15 3 42 4 21 8 22 9 32 10 17 11 47 14 37 16 11 17 46 18 33 19 42 20 34 21 13 22 31 25 11 8 4 21 5 33 10 17 12 31 15 40 17 31 19 23 23 42 3 4 44 12 42 19 27
4 12 2 48 4 20 5 47 8 22 9 35 10 20 17 30 18 45 19 29 20 12 21 28 25 11 14 1 21 2 22 3 44 6 45 7 33 8 35 9 31 13 35 15 36 19 33 21 28 22 43 23 37 25 18 3 5 34 22 23 23 34 15 1 29 2 14 3 36 6 32 9 17 11 15 14 37 15 22 16 49 17 49 18 22 19 16 20 46 21 39 24 25
8 14 1 21 2 32 5 17 8 46 12 47 13 31 16 21 17 47 18 13 19 25 21 11 22 36 23 48 25 33 9 4 30 10 16 12 43 16 41 19 23 20 35 23 33 24 16 25 33 11 1 28 4 45 5 19 6 13 8 21 10 27 11 36 12 23 16 22 19 42 24 25 5 2 39 6 23 17 30 18 24 21 48 7 3 44 4 29 8 33 15 43 21 41 23 31 25 45 9 4 17 6 36 7 27 9 38 11 44 16 47 18 35 19 14 21 13 8 1 46 7 44 8 47 10 46 14 44 16 12 24 49 25 10 10 2 10 4 27 8 35 10 18 12 44 16 14 17 31 18 48 22 25 25 23
8 15 1 15 2 25 4 31 5 41 7 37 8 25 9 14 13 17 14 46 17 38 18 47 20 20 21 17 24 42 25 25 4 2 44 14 39 17 29 23 33 15 3 18 5 35 7 38 8 47 9 32 11 12 12 23 13 30 14 32 15 42 17 45 18 49 22 12 24 31 25 23 6 6 40 11 29 12 44 16 44 20 41 24 35 12 2 49 6 13 9 20 10 24 11 41 15 12 16 18 17 27 21 11 22 19 23 26 24 17 11 5 37 9 41 11 17 13 26 16 46 17 15 18 37 19 47 21 35 24 45 25 10 4 12 45 18 30 19 16 21 10 4 4 27 18 19 21 33 25 50
7 5 1 41 3 49 9 31 11 43 14 46 5 3 33 4 47 16 32 20 19 21 16 7 2 38 4 40 5 36 11 36 13 29 16 12 20 13 10 1 44 5 20 6 42 7 30 11 49 12 41 15 16 18 19 21 17 25 31 10 2 49 10 44 12 39 13 31 17 11 20 48 21 28 22 18 24 16 25 34 14 3 25 6 12 8 11 10 34 13 17 15 50 16 39 18 41 19 44 21 49 22 27 23 29 24 26 25 33 4 16 12 21 24 22 13 25 22
3 9 3 45 4 26 8 23 11 12 16 17 17 24 21 14 23 25 24 27 11 5 17 6 28 7 24 9 47 10 43 11 27 16 11 19 17 21 11 22 29 25 45 11 1 24 2 38 4 50 6 42 7 35 9 21 10 45 15 20 17 30 21 11 24 50
4 12 3 10 4 13 5 27 6 11 9 36 10 22 12 43 20 44 21 36 22 47 23 42 24 29 10 3 11 4 22 9 30 11 27 13 26 17 11 19 35 20 11 23 11 25 31 6 6 44 10 35 12 49 16 41 18 14 19 20 4 1 43 14 23 20 33 24 39
6 10 2 43 3 50 6 25 7 28 8 32 9 40 15 23 18 10 19 38 23 16 4 2 19 6 48 11 34 24 31 10 3 10 5 32 7 12 8 26 10 34 15 33 18 38 22 44 24 27 25 34 9 3 13 4 16 5 24 7 21 10 35 13 32 15 25 23 38 24 25 6 2 38 8 33 12 21 15 25 18 25 19 32 8 2 34 6 39 9 30 17 12 20 17 21 48 22 25 25 22
6 13 3 23 4 50 7 49 8 30 10 37 11 43 12 32 14 14 16 27 19 18 22 23 24 40 25 13 7 4 24 7 43 11 26 12 24 17 36 21 34 24 14 4 7 50 12 44 17 45 23 27 8 1 32 6 49 11 49 15 44 16 48 22 10 23 13 24 14 4 3 31 4 11 18 33 19 20 11 1 14 2 12 4 42 5 40 8 41 10 47 11 45 15 12 18 45 19 41 24 29
5 8 6 45 8 25 9 13 14 12 15 46 16 23 21 12 24 36 6 4 13 8 19 13 19 14 19 18 38 21 27 13 2 11 3 15 5 45 6 24 12 20 13 32 15 30 16 15 18 19 19 15 20 23 23 44 24 23 3 8 22 17 23 20 28 9 1 40 2 27 4 20 5 33 6 49 9 16 14 28 22 26 25 40
5 6 7 12 8 38 13 37 16 20 18 43 24 11 13 1 45 5 50 10 28 11 41 12 38 14 16 17 11 18 12 19 19 20 38 22 31 23 41 25 45 12 1 18 4 29 9 44 10 22 14 42 16 46 18 37 19 34 22 31 23 22 24 35 25 40 9 2 39 5 50 6 23 7 16 12 45 15 21 18 49 20 16 23 22 4 8 13 13 38 18 46 25 20
6 10 5 25 6 49 9 35 10 22 11 49 13 18 22 34 23 36 24 46 25 16 12 1 49 3 45 6 26 7 27 10 47 13 37 16 39 18 47 19 26 21 44 22 29 24 38 4 12 34 13 46 16 28 24 42 8 1 42 8 48 10 13 14 45 17 15 18 30 21 30 25 13 13 2 13 5 44 6 32 7 46 10 31 12 30 13 15 14 29 15 48 18 33 21 39 24 18 25 50 13 2 36 4 47 5 39 6 39 7 45 8 14 11 48 13 41 14 34 18 39 20 24 21 17 24 29
5 11 1 19 2 12 3 35 5 31 9 14 11 30 12 38 14 18 16 11 19 21 20 26 13 1 25 4 45 5 30 7 37 10 48 12 12 13 33 14 23 16 34 19 19 20 32 22 36 23 35 8 2 13 4 40 10 44 16 18 17 16 19 16 20 40 23 36 7 2 35 8 39 14 32 19 18 22 26 23 39 24 33 3 3 21 16 49 21 38
3 13 3 43 4 47 5 11 6 11 8 33 12 35 16 39 17 29 18 14 21 43 22 19 23 46 25 29 13 2 12 3 11 4 45 7 35 9 30 11 40 12 44 15 39 16 46 18 41 21 13 24 27 25 16 15 3 50 5 44 6 19 7 46 9 21 10 40 11 23 12 13 14 50 16 40 18 25 19 49 20 25 22 38 23 12
8 10 1 50 7 13 10 47 11 40 14 26 16 47 18 47 22 24 23 38 24 32 10 2 35 3 32 5 13 7 28 12 24 13 29 16 27 17 44 19 28 20 35 9 3 25 4 13 5 21 14 27 15 42 21 19 23 46 24 42 25 15 6 2 32 5 40 6 31 16 20 22 21 23 36 5 4 30 8 21 10 18 11 46 17 23 3 4 34 16 44 20 33 4 2 45 10 32 12 26 24 49 13 2 17 3 27 4 23 5 39 6 39 7 11 10 16 14 29 16 23 18 42 19 47 21 20 22 10
5 14 1 48 2 47 3 20 5 13 7 39 8 40 10 12 11 32 13 41 15 40 17 19 18 49 21 40 25 33 6 7 38 8 22 11 19 12 47 14 29 21 34 3 4 42 5 44 24 26 8 6 49 8 26 13 41 17 21 19 37 20 47 21 40 24 13 10 1 44 6 50 7 15 8 34 15 48 16 40 17 32 18 13 20 38 23 45
7 6 12 45 14 48 17 49 21 17 23 50 24 23 8 5 43 10 46 12 39 13 31 19 24 21 25 23 49 24 35 11 2 47 3 38 6 37 10 46 11 48 13 38 14 15 17 28 18 37 20 43 23 46 11 1 31 5 33 7 32 9 12 11 44 13 50 14 22 15 26 20 45 21 27 25 10 6 5 30 11 28 13 29 18 26 20 40 22 46 5 1 46 16 20 18 35 20 43 24 46 11 3 23 4 48 5 50 8 20 11 48 14 33 18 38 19 44 20 34 22 32 25 11
5 12 1 12 2 25 5 45 7 17 11 11 12 38 13 27 15 17 16 21 17 37 21 13 22 10 12 2 28 3 38 5 26 8 34 10 20 11 21 13 35 15 49 17 34 21 28 24 12 25 41 9 3 26 8 31 13 33 17 30 18 29 21 40 22 10 23 36 25 12 13 1 15 2 41 4 37 6 19 10 15 12 31 15 42 16 42 17 40 20 24 21 15 23 27 25 30 13 2 22 4 21 5 19 6 12 7 45 8 50 11 15 12 21 16 41 17 29 20 48 22 48 23 25
4 12 1 41 2 18 3 24 4 26 5 26 9 35 13 41 16 41 17 50 20 50 23 46 25 33 5 2 44 13 20 18 35 19 42 25 15 15 2 48 3 45 5 14 6 40 8 10 9 11 10 17 11 33 12 48 14 17 15 46 16 39 18 38 19 10 23 38 7 8 19 9 15 16 39 17 23 21 45 24 46 25 17
3 7 1 11 6 18 10 27 12 27 14 36 24 29 25 19 11 5 13 6 50 10 46 11 10 12 28 19 19 21 50 22 32 23 44 24 28 25 24 5 3 40 7 45 19 12 20 40 21 41
4 5 4 24 5 22 9 21 13 39 25 43 11 1 47 8 45 10 41 11 33 14 43 19 30 20 19 22 32 23 41 24 20 25 27 15 1 26 2 37 5 49 7 11 9 17 10 36 12 28 13 27 14 18 15 25 16 38 17 10 19 15 20 28 23 14 8 2 40 3 42 4 34 11 15 12 19 15 25 16 33 25 42
4 10 2 25 3 20 6 24 13 34 14 20 18 33 19 22 20 38 24 43 25 37 6 2 17 4 35 7 45 15 45 21 48 25 38 11 2 35 4 26 5 46 8 14 9 41 10 12 11 30 14 45 22 10 23 23 24 13 10 2 20 4 27 10 28 12 14 14 15 16 50 17 15 21 25 24 46 25 40
7 14 1 17 2 10 3 38 4 34 7 26 8 25 10 19 12 35 13 23 14 16 16 28 20 21 22 26 23 24 11 4 44 5 29 6 16 9 12 11 21 12 29 17 11 19 48 21 40 22 30 25 21 14 1 49 4 36 7 25 9 38 11 40 12 28 13 13 14 50 16 15 17 48 20 26 23 21 24 20 25 42 8 1 34 2 21 5 24 6 13 7 30 8 11 10 27 19 38 11 5 30 7 19 10 37 11 40 12 29 14 49 15 48 16 45 21 43 22 25 24 31 14 1 33 3 48 4 23 7 39 8 41 14 20 15 28 17 30 19 38 20 28 22 26 23 17 24 32 25 23 12 1 45 2 33 9 15 10 28 11 47 13 37 14 44 17 39 20 22 22 35 23 44 25 48
3 7 3 28 8 49 11 22 13 15 17 34 20 40 23 33 8 1 44 4 42 7 21 17 49 21 33 22 34 23 22 24 39 12 1 20 4 21 7 23 8 16 10 26 13 18 16 16 17 16 18 21 19 31 21 25 25 27
3 3 9 10 10 39 21 18 15 2 22 3 32 4 25 6 12 7 14 10 47 11 23 12 35 13 23 14 23 15 47 19 31 20 47 23 41 25 33 10 4 33 6 17 13 26 14 48 15 20 16 29 17 16 20 10 22 13 25 46
3 9 1 36 2 19 3 12 8 36 9 34 14 37 17 15 20 10 21 20 15 2 13 3 16 4 15 5 11 8 35 9 13 12 10 14 24 15 10 16 43 17 31 18 47 19 40 24 24 25 40 3 4 27 6 30 13 33
3 8 3 36 4 37 5 31 6 12 8 48 12 44 19 11 20 17 10 2 30 9 38 10 44 12 45 14 27 19 41 21 17 23 26 24 50 25 23 8 1 42 2 21 3 45 4 29 6 24 9 35 11 31 12 37
3 11 1 38 3 42 8 49 9 16 12 14 13 39 16 29 18 31 19 37 20 16 24 50 11 1 29 2 32 3 50 6 39 7 37 9 44 11 18 12 31 13 29 17 14 20 24 15 2 33 3 38 4 45 6 26 10 38 12 36 14 32 15 10 16 31 18 29 19 41 21 34 22 41 23 26 25 27
7 13 3 41 5 45 7 27 8 19 11 50 14 22 16 40 17 28 19 12 21 30 23 50 24 15 25 40 14 2 29 3 21 4 11 5 13 6 18 7 44 8 40 9 25 12 28 14 10 15 22 16 36 21 21 24 40 13 3 26 5 31 7 19 8 13 10 43 11 18 12 37 13 11 16 40 19 32 20 48 22 42 23 16 10 1 10 3 22 4 37 5 13 7 22 10 36 14 10 21 44 22 19 25 40 11 4 32 9 50 12 20 15 43 16 14 17 12 18 47 20 23 21 16 23 49 24 48 13 3 43 4 36 6 21 8 35 12 42 13 32 15 11 17 24 18 44 19 30 20 50 21 10 25 27 7 2 35 3 23 4 19 13 49 18 13 21 10 22 13
5 7 4 23 6 48 18 34 19 12 20 41 21 22 22 22 4 6 35 12 14 14 26 23 19 3 4 26 5 12 13 19 7 8 28 17 18 18 16 19 41 22 17 24 17 25 30 5 4 28 5 15 6 33 7 50 18 21
4 10 5 27 6 20 8 30 12 27 13 38 16 32 19 46 21 30 22 40 23 34 5 6 44 10 49 19 36 20 16 25 43 10 2 37 4 18 6 27 11 30 15 44 17 32 18 18 21 19 23 28 24 24 4 2 45 5 24 14 45 15 43
3 11 1 30 3 48 6 15 7 48 10 28 14 10 17 36 19 37 22 49 23 26 24 18 8 2 33 5 47 11 24 12 22 13 45 15 26 19 17 23 47 14 4 46 5 38 6 32 7 25 9 43 11 28 12 39 14 23 15 34 16 31 17 46 20 20 22 41 23 37
5 9 3 50 4 42 7 36 11 33 13 10 16 27 21 42 23 40 24 13 11 1 35 2 27 4 50 6 32 10 27 12 12 14 32 15 37 17 12 21 20 25 13 14 1 50 3 48 5 13 7 32 9 50 11 25 13 42 15 10 16 32 17 24 18 27 19 36 22 31 25 11 15 1 27 2 50 5 21 6 24 7 50 8 29 9 43 10 48 11 43 13 23 15 40 16 36 20 25 22 42 25 47 8 2 31 7 28 13 41 14 38 16 26 17 36 20 13 21 15
5 13 2 50 3 25 7 32 9 43 11 41 13 32 14 16 16 26 18 35 19 11 21 13 23 18 25 30 6 1 28 12 12 17 25 20 27 21 29 25 49 12 1 11 3 22 4 30 6 27 9 26 10 49 12 18 15 30 16 24 18 13 19 30 24 43 14 1 22 3 45 4 38 6 32 7 30 9 49 10 45 11 50 12 35 14 44 16 13 17 35 21 35 23 37 15 1 22 2 34 3 20 7 16 8 45 9 28 11 42 14 14 15 38 16 39 17 26 19 31 22 30 24 43 25 28
4 11 3 41 4 28 8 21 9 21 12 14 13 47 14 48 16 14 19 28 23 22 24 16 8 1 19 2 50 4 12 15 19 16 23 19 28 21 48 22 21 8 1 24 2 42 3 36 8 21 13 45 18 47 20 45 23 17 11 2 39 6 42 8 18 9 36 14 50 17 48 18 23 20 14 23 23 24 20 25 26
7 15 2 31 4 23 5 29 6 21 7 50 12 17 14 11 16 33 17 33 18 44 19 48 21 16 22 14 23 49 25 44 6 2 38 4 11 5 22 8 26 12 26 24 14 11 1 27 2 12 6 31 7 50 9 50 10 33 12 50 16 30 17 45 21 34 23 29 7 1 40 5 20 10 23 11 15 12 25 13 27 23 16 12 4 31 5 24 8 14 9 29 10 45 12 10 14 43 17 16 18 13 20 20 21 35 23 18 6 5 15 7 47 8 25 14 11 20 10 21 18 3 1 34 15 28 20 38
6 6 1 44 2 16 11 40 17 26 20 29 24 14 14 1 42 2 14 3 47 6 48 7 39 8 42 10 43 13 22 15 32 17 42 18 50 22 27 24 22 25 27 13 1 32 2 17 3 19 4 39 6 14 8 48 10 43 11 14 14 13 16 47 18 42 23 26 25 26 15 1 29 3 12 4 34 5 24 10 18 11 32 12 19 14 46 17 33 18 34 19 47 20 15 21 10 23 22 25 33 5 4 28 10 28 12 39 22 49 24 46 8 1 11 3 43 4 23 6 42 11 46 17 20 18 16 23 14
6 9 1 43 4 25 7 50 9 42 12 27 13 18 16 49 21 23 24 50 9 3 10 4 17 7 29 14 14 16 16 19 16 22 12 23 49 25 28 13 1 48 5 13 11 41 14 49 16 34 17 17 18 44 19 29 20 13 22 27 23 21 24 16 25 15 9 2 23 4 16 7 24 8 48 9 23 13 24 14 40 23 22 24 35 4 10 26 16 50 18 44 19 47 12 2 18 7 27 9 14 10 41 11 33 12 49 14 16 16 36 17 28 18 45 24 50 25 49
5 15 1 41 2 13 4 46 9 50 10 27 12 39 14 20 15 35 17 18 18 17 20 34 21 25 22 14 23 31 25 39 10 3 24 4 34 8 26 10 48 11 25 12 50 14 11 15 16 22 34 25 49 13 5 12 6 15 8 29 10 49 11 20 12 38 14 46 15 16 16 13 19 20 22 34 24 49 25 41 15 1 23 2 13 4 26 5 27 7 49 9 39 10 48 11 37 13 49 15 41 17 39 19 16 20 30 22 38 23 34 3 14 10 16 11 22 15
8 5 1 22 5 14 10 45 18 15 22 12 3 6 33 17 23 20 23 7 1 21 8 45 10 17 11 36 13 21 15 24 20 34 8 11 14 14 27 15 37 16 42 19 33 20 38 24 27 25 46 7 6 13 11 44 17 24 18 23 21 50 24 35 25 39 11 2 40 5 38 6 19 7 49 10 42 12 49 15 42 18 38 19 19 20 31 22 36 12 1 33 7 30 8 23 9 41 10 21 11 42 13 33 14 43 16 23 18 46 22 25 23 14 6 1 22 2 41 8 39 10 15 13 31 16 13
79 60 111 111 91 92 99 48 99 60 96 76 115 137 112 42 59 89 101 83 91 115 68 39 138 66 115 70 77 39 66 54 102 46 43 41 48 36 87 72 64 43 86 67 63 127 114 108 62 114
2 1 2 3 3 1 1 3 1 2 2 2 1 1 3 3 1 1 2 3 1 2 1 1 2
# Instance ID: 62
# Total operations: 257
# Actual flexibility: 0.367
# Generated: 2026-02-14 14:26:22
# Format: Extended Brandimarte for MOFJSP (Comparison Dataset)