15 10
4 1 3 32 4 4 17 7 30 8 17 9 39 1 9 18 4 1 30 5 41 6 17 8 34
6 3 5 24 8 45 10 36 3 2 40 4 33 7 21 1 8 16 4 1 19 2 35 8 35 9 47 1 3 14 3 4 48 6 35 10 17
6 2 7 27 8 47 5 4 48 5 35 6 41 7 42 8 27 2 2 17 8 26 4 1 16 3 13 4 14 8 41 6 1 19 3 29 5 49 6 49 7 16 9 14 6 2 41 3 42 4 26 8 44 9 31 10 44
8 5 1 38 4 30 7 34 9 38 10 39 1 1 21 5 2 29 3 34 4 41 5 17 8 46 6 2 42 4 13 5 35 8 26 9 41 10 47 4 3 13 5 11 6 47 10 12 2 6 47 10 11 6 2 36 3 32 4 13 6 25 7 25 10 25 6 1 31 2 20 3 11 5 44 7 30 9 12
4 4 3 11 7 40 9 47 10 11 3 6 46 7 16 10 41 1 4 31 4 3 29 5 33 6 37 9 22
5 4 2 26 3 13 4 29 9 46 4 2 31 4 27 5 14 9 46 5 1 29 3 42 4 29 7 37 8 44 3 4 26 7 49 9 42 4 1 43 3 21 6 46 9 41
3 2 5 50 8 44 5 1 19 3 25 4 19 7 29 8 37 4 2 36 4 27 6 28 7 20
7 3 4 25 7 17 10 19 2 1 29 4 39 4 6 12 7 22 9 20 10 27 2 1 27 5 45 2 1 11 8 13 1 6 48 3 2 15 6 35 7 18
3 2 2 17 9 43 6 1 48 2 17 4 30 5 31 9 47 10 34 6 1 23 2 27 4 38 7 36 9 26 10 47
3 1 8 44 3 2 40 6 25 7 27 2 6 33 8 29
5 1 10 12 6 1 50 3 33 4 17 5 44 8 25 9 38 4 1 15 3 25 5 29 7 23 2 6 36 8 12 3 2 36 8 31 9 37
3 1 3 26 5 2 45 5 30 6 39 7 11 9 13 6 1 50 2 29 3 30 4 46 8 15 10 17
4 2 4 18 9 48 6 2 26 4 21 6 47 7 30 8 28 9 22 1 7 33 2 7 46 10 24
4 1 1 45 6 2 20 3 13 4 35 8 49 9 37 10 48 3 2 20 3 46 6 17 1 9 37
6 4 2 23 4 22 6 27 8 28 6 2 23 3 28 4 22 5 36 7 21 8 36 2 1 26 5 25 5 4 39 5 15 6 10 8 40 10 18 3 4 37 7 48 10 26 1 2 45
66 72 82 108 57 96 48 138 38 41 80 52 59 66 93
1 1 1 3 3 3 3 2 3 1
# Instance ID: 18
# Total operations: 71
# Actual flexibility: 0.332
# Generated: 2026-02-14 14:26:22
# Format: Extended Brandimarte for MOFJSP (Comparison Dataset)