75 25
8 10 2 29 5 15 7 15 12 27 15 25 17 17 18 22 19 31 20 29 24 19 10 1 19 3 31 4 42 8 39 9 21 10 35 11 36 14 33 15 32 24 36 12 1 25 5 42 9 14 12 40 15 42 18 11 20 32 21 48 22 50 23 50 24 10 25 16 8 5 50 9 36 11 29 15 30 17 19 18 21 19 31 24 34 13 1 18 2 32 4 12 5 43 10 30 12 35 13 11 14 24 15 45 20 50 21 23 24 44 25 28 10 1 33 2 30 3 13 6 19 7 20 10 45 11 50 20 37 22 45 24 26 14 1 21 2 49 7 12 8 13 10 45 11 38 12 47 13 44 15 33 16 43 18 50 20 22 22 33 24 10 8 1 22 3 13 4 46 9 36 11 19 12 48 20 19 25 23
6 7 3 33 8 41 10 18 16 48 19 27 20 47 23 35 5 1 14 2 10 13 31 22 40 24 39 6 5 33 6 36 10 35 13 21 15 28 25 18 4 6 13 13 47 14 41 17 45 12 1 30 3 14 7 20 10 28 13 26 14 39 15 31 18 31 19 46 21 47 22 45 25 32 5 1 19 4 12 11 46 17 22 19 46
3 8 4 11 5 27 9 14 11 35 12 40 15 24 20 14 22 22 5 3 30 8 47 20 12 23 39 24 10 13 2 21 3 27 4 48 8 46 9 42 14 22 16 19 17 37 20 18 21 19 22 39 23 18 24 37
3 14 2 18 3 24 4 27 5 34 9 15 11 48 12 28 14 10 15 14 17 46 19 46 20 36 22 25 23 12 15 1 49 3 27 4 50 5 39 7 40 8 41 9 30 10 17 11 33 14 10 17 42 18 27 19 43 21 32 24 32 5 4 33 6 17 7 28 14 13 21 46
5 10 6 30 8 46 10 30 16 36 18 38 19 42 20 19 21 47 22 33 23 21 5 3 12 7 37 15 21 16 45 22 39 12 1 44 6 22 7 48 8 37 9 40 11 38 13 30 15 49 16 41 22 43 23 27 25 21 8 1 47 2 13 3 26 9 48 10 16 19 36 22 42 25 39 11 1 36 2 11 4 27 6 30 8 31 9 17 10 12 12 28 13 33 18 48 19 49
8 12 1 49 3 36 4 13 5 17 12 25 14 20 16 29 17 37 18 40 19 35 21 45 24 13 9 6 29 10 10 12 35 16 26 17 13 19 20 20 15 21 22 24 38 7 1 16 2 31 8 40 11 47 16 50 20 36 23 39 4 3 16 5 13 13 26 17 36 3 3 48 22 38 23 43 4 8 16 10 30 19 15 22 35 9 4 45 6 46 10 18 13 21 14 46 15 22 21 10 22 36 25 43 14 1 16 2 41 4 33 5 16 6 28 10 40 16 37 18 13 19 41 20 40 21 16 23 45 24 17 25 25
7 12 1 39 5 41 6 35 13 34 15 43 16 40 17 20 18 21 21 45 22 50 24 48 25 25 8 1 39 2 46 4 28 6 42 11 48 13 24 19 29 25 11 13 1 47 3 43 5 21 6 37 8 16 9 37 11 39 13 33 14 49 16 10 17 25 19 19 23 45 14 1 30 7 35 8 23 10 20 13 23 15 34 16 38 17 40 18 46 20 45 21 17 22 38 24 10 25 16 14 1 10 2 26 3 22 5 37 7 49 8 34 9 46 13 48 16 32 17 21 18 14 19 24 21 26 22 40 12 1 22 10 44 11 13 13 26 14 16 15 15 16 27 17 38 19 48 23 29 24 30 25 48 12 2 11 5 26 9 30 10 12 12 16 14 24 15 24 16 44 17 48 19 39 23 49 24 13
7 7 4 34 9 37 11 40 15 11 18 32 19 10 22 25 8 2 42 7 43 8 23 9 36 12 28 21 17 23 29 24 49 5 6 37 7 23 11 35 18 11 23 41 4 6 37 7 10 8 23 15 16 12 1 24 3 40 4 48 5 47 6 37 7 35 8 14 14 39 15 21 16 17 17 30 24 13 3 4 19 10 16 18 17 10 5 29 8 24 9 45 12 32 15 38 17 21 18 49 19 10 22 23 25 12
3 11 2 14 5 36 6 10 7 19 8 22 9 16 11 31 17 46 22 26 24 24 25 13 12 2 21 4 49 8 20 9 25 10 32 12 44 14 32 16 20 18 46 19 22 20 14 25 18 8 2 10 3 26 6 48 14 31 15 26 16 11 19 26 24 17
4 3 10 27 19 18 22 26 9 5 14 7 40 10 16 12 18 13 23 17 11 22 34 23 13 24 27 3 13 48 23 36 25 45 8 2 36 5 22 13 41 20 25 21 35 22 16 23 34 24 47
8 10 5 41 9 46 10 13 13 31 15 37 17 18 18 48 20 11 21 24 24 36 10 6 36 9 25 10 29 14 14 19 28 20 37 22 25 23 29 24 50 25 35 7 1 41 4 21 8 19 10 47 15 39 16 26 23 27 5 2 30 10 44 15 13 19 20 23 21 5 3 20 4 45 7 44 8 30 25 47 3 7 18 10 11 13 22 6 4 36 13 40 14 18 17 18 18 47 20 20 7 8 22 13 27 17 48 18 17 19 13 22 42 24 38
6 5 4 16 8 30 11 27 18 46 19 38 3 17 47 19 44 23 31 3 4 46 20 17 25 21 5 4 23 13 29 14 21 19 38 25 30 9 1 20 2 28 7 11 17 50 18 32 19 39 21 41 23 19 24 13 8 2 31 8 11 16 25 17 20 20 30 21 49 24 24 25 29
4 8 2 13 6 45 7 30 11 16 13 15 18 50 22 34 23 39 14 3 23 4 44 5 32 7 47 8 29 9 18 12 50 14 28 17 17 18 50 22 44 23 22 24 45 25 17 7 1 36 7 12 9 16 16 46 17 34 19 36 23 22 15 3 45 4 38 6 16 8 47 9 48 10 29 12 11 13 49 14 17 15 13 18 34 19 16 21 31 22 36 25 16
4 6 5 13 7 23 9 19 11 24 17 19 18 33 14 1 41 2 37 3 36 4 42 6 24 7 13 11 47 14 49 15 18 17 30 18 41 20 48 21 48 22 38 5 5 18 6 16 8 47 13 50 16 30 6 2 10 6 26 17 24 18 23 20 42 25 18
8 7 10 17 13 22 15 47 16 35 18 29 19 24 20 48 15 1 13 2 25 3 44 4 17 5 21 6 30 7 17 10 15 11 35 15 29 16 13 18 29 20 42 21 47 24 37 4 17 23 19 27 22 50 25 46 11 2 41 3 25 5 34 6 16 8 14 10 42 12 15 13 46 18 17 21 11 22 29 15 2 40 6 33 8 18 9 27 10 34 11 41 12 27 13 36 14 41 15 27 17 50 20 12 21 45 22 29 23 49 9 9 11 11 12 13 20 16 34 17 30 21 48 22 37 23 44 25 28 12 2 33 3 16 5 37 8 23 9 44 11 30 12 18 17 35 20 15 21 46 23 23 25 40 14 1 28 2 18 3 42 6 30 9 22 11 48 12 10 13 50 14 35 16 30 21 50 22 34 23 30 24 49
3 3 11 15 13 50 16 35 11 1 15 3 10 6 27 7 35 9 28 10 16 11 34 15 25 17 49 19 32 21 18 12 1 50 2 20 3 25 6 47 9 40 10 30 11 21 15 34 21 33 22 20 23 24 24 10
3 9 3 45 4 22 7 44 9 40 11 37 13 17 20 23 21 28 24 23 10 2 37 7 39 12 47 13 48 14 45 20 24 21 14 22 40 23 16 25 25 8 2 31 3 33 9 23 10 28 11 34 13 28 17 29 20 39
3 6 5 20 6 24 8 47 15 33 17 45 25 48 8 4 40 5 32 6 38 8 22 13 49 16 46 17 16 24 14 6 5 29 6 28 7 44 10 26 18 23 20 13
3 4 1 12 5 50 11 13 14 17 15 2 30 3 44 5 30 6 21 7 14 8 45 12 12 13 43 14 24 15 20 16 27 18 45 21 47 22 44 25 37 11 2 42 5 49 7 46 10 22 13 10 14 17 16 36 19 24 21 35 22 39 24 45
7 14 2 43 4 48 6 43 9 25 10 37 12 17 13 21 14 33 15 50 16 34 19 49 20 39 22 27 23 37 13 5 41 6 12 7 16 8 33 9 34 10 27 13 13 14 40 17 46 19 29 21 13 22 48 23 34 9 1 18 3 12 6 17 17 43 18 10 19 25 21 42 23 28 24 38 13 5 36 6 12 7 26 8 36 9 34 10 40 12 30 17 10 18 50 19 39 20 46 21 48 23 21 5 12 47 14 42 15 25 19 17 23 37 4 3 35 18 14 19 31 25 47 12 4 45 11 45 12 27 16 31 17 19 18 46 19 33 20 31 21 10 22 33 23 31 24 20
3 11 1 43 8 31 9 44 10 12 12 15 15 50 17 42 18 25 19 44 23 35 24 37 13 2 21 4 45 7 40 8 24 10 11 12 33 14 38 17 14 19 36 20 28 21 13 22 45 25 50 3 2 23 19 41 25 12
7 4 4 11 11 29 22 47 24 16 5 6 33 9 42 11 19 23 21 25 13 6 2 12 4 16 8 30 10 30 14 30 15 17 14 1 36 4 28 5 47 6 26 7 31 8 18 9 24 12 10 13 47 15 48 20 48 21 26 22 48 23 34 3 4 49 9 34 24 41 6 1 35 3 48 12 33 15 25 22 39 24 47 3 1 38 12 13 22 41
7 8 2 26 4 24 12 21 14 10 16 11 18 25 19 11 21 23 9 4 48 5 18 6 42 10 42 11 18 17 19 18 29 21 38 22 45 10 2 31 3 30 4 34 5 28 6 16 7 15 10 45 20 27 24 37 25 32 9 1 13 9 44 11 50 15 30 16 48 17 16 20 23 24 46 25 29 3 2 38 12 16 21 14 4 3 11 9 37 13 27 17 30 15 2 43 3 22 5 12 7 43 8 40 10 30 13 36 14 39 17 38 19 31 21 11 22 38 23 35 24 38 25 35
3 9 2 48 5 14 7 17 9 13 12 18 13 32 20 45 23 34 24 50 4 1 31 4 25 8 29 11 21 12 1 13 3 17 4 44 7 15 12 26 14 35 17 39 21 35 22 37 23 17 24 30 25 45
5 14 1 23 3 20 4 31 5 26 6 32 7 38 8 41 9 22 14 27 18 37 19 37 23 46 24 23 25 17 6 1 41 11 16 12 15 16 24 19 26 22 10 14 1 42 4 16 5 47 7 24 8 20 10 39 11 11 14 25 16 42 17 36 19 48 20 19 21 19 22 20 4 1 17 7 34 16 43 18 31 10 1 15 2 50 4 26 5 42 6 22 11 16 18 39 19 14 23 41 24 36
6 3 5 44 9 38 23 35 6 5 17 10 33 11 41 21 19 23 11 24 24 5 5 29 6 19 11 46 13 41 23 10 11 1 42 2 35 3 27 5 23 8 38 9 47 12 29 14 29 15 39 18 31 25 23 15 2 43 3 39 4 22 6 34 7 12 8 32 10 27 12 33 13 42 16 21 18 44 19 29 20 26 22 18 24 43 11 3 18 4 24 5 30 7 50 8 17 10 50 14 36 16 14 17 47 24 23 25 30
4 7 1 41 2 50 5 21 7 17 17 40 19 46 23 45 13 1 25 2 33 3 14 5 35 6 43 7 40 8 32 13 47 14 34 16 45 17 16 22 38 23 24 13 1 21 2 50 3 48 5 11 8 36 9 10 11 26 12 23 17 31 18 19 21 12 22 45 25 44 4 6 37 10 22 19 11 25 37
7 11 2 26 4 36 11 29 13 20 14 43 16 26 20 42 21 29 22 16 23 24 24 40 9 2 29 9 28 10 41 14 37 15 12 16 16 17 35 19 35 20 37 14 3 38 4 28 9 11 10 37 12 44 15 31 17 27 18 43 19 43 20 41 21 44 23 14 24 34 25 11 13 1 24 2 47 3 40 4 24 5 12 7 35 9 43 11 12 15 46 16 28 17 42 18 11 22 22 3 8 38 21 15 23 41 7 4 24 6 30 10 30 11 41 13 15 20 23 25 48 8 3 31 4 13 5 43 6 46 7 36 19 45 21 12 22 13
8 13 2 22 4 18 5 32 6 27 8 28 10 25 11 14 12 17 13 21 17 16 19 25 24 20 25 19 6 3 38 6 43 9 25 16 15 20 45 24 35 15 1 27 3 37 4 19 7 40 8 24 10 47 11 27 13 10 15 11 17 22 18 33 19 26 21 34 23 23 24 44 7 5 23 7 12 10 22 21 24 22 39 23 26 24 24 3 13 37 18 41 21 49 13 1 14 6 14 10 27 11 17 12 28 13 20 15 24 17 25 18 34 19 11 20 21 21 14 22 21 11 1 29 3 20 4 10 7 48 8 43 10 45 14 27 17 12 19 38 22 33 23 48 14 2 25 3 16 5 44 6 40 8 45 10 24 13 13 15 49 18 34 19 32 20 10 22 33 23 36 25 28
8 8 4 30 5 42 10 49 12 44 20 22 21 10 22 34 25 17 12 2 34 5 13 9 47 10 20 11 25 12 19 13 25 15 38 17 21 22 40 23 25 24 50 14 2 46 3 50 4 38 5 29 12 47 14 42 15 21 16 50 17 15 18 46 21 45 22 42 23 25 25 38 10 2 17 3 12 7 39 11 34 14 45 15 10 16 10 19 39 24 46 25 40 7 5 25 9 12 11 33 15 14 16 33 18 13 24 31 10 3 16 4 20 8 17 10 23 11 11 14 12 19 18 20 18 21 11 24 31 11 1 20 2 40 3 28 4 30 7 43 11 11 13 21 15 47 19 41 20 15 25 16 7 1 40 2 36 3 17 12 23 13 34 16 18 22 19
6 10 1 45 2 11 4 49 6 14 8 14 11 21 13 13 14 15 15 37 18 41 14 1 49 3 46 4 41 6 45 7 21 8 14 9 24 10 33 12 25 13 20 14 15 16 33 18 18 19 36 12 1 16 2 18 3 40 5 30 6 29 9 30 12 47 14 24 15 50 18 38 21 36 22 41 8 1 26 10 14 16 17 19 16 20 22 21 36 23 41 24 50 13 2 50 3 25 4 21 9 42 11 48 14 31 17 35 18 28 19 29 20 26 21 40 24 35 25 32 15 2 38 3 48 4 32 5 38 7 15 9 22 10 49 11 11 13 32 14 15 16 36 17 24 21 22 22 32 24 48
8 11 1 42 4 13 6 12 9 39 14 12 16 20 17 20 19 19 20 24 24 32 25 45 6 1 14 5 13 9 22 12 48 13 43 23 50 4 9 48 11 47 14 44 25 12 10 5 23 8 28 9 17 11 22 13 41 16 40 17 23 20 43 21 41 22 47 8 1 49 4 31 6 44 12 23 13 39 14 23 21 14 24 28 10 3 37 4 18 6 35 15 37 18 47 19 40 21 19 23 25 24 22 25 23 13 1 38 4 10 6 34 7 18 8 30 9 26 10 18 14 45 16 17 18 32 20 12 23 46 25 41 7 2 46 4 32 8 24 16 20 21 32 23 19 25 40
5 7 1 44 3 35 5 24 9 25 14 22 18 36 25 34 15 3 30 4 32 7 25 8 25 9 36 12 41 13 10 14 48 15 20 17 45 18 50 20 16 21 21 22 48 25 50 14 1 16 6 39 8 13 11 22 14 35 15 38 16 22 17 14 18 13 19 43 22 11 23 47 24 49 25 29 15 2 19 4 16 5 21 6 42 7 14 8 10 9 27 11 10 12 29 16 20 18 35 19 43 21 23 23 40 24 41 5 6 26 12 49 14 19 15 48 22 18
8 11 2 18 3 10 12 28 13 39 16 34 19 44 20 34 21 34 22 29 24 46 25 30 15 1 47 2 47 4 23 5 20 7 45 12 49 13 21 15 37 16 20 17 28 18 37 19 10 23 14 24 50 25 18 6 1 30 2 13 3 21 10 45 20 18 22 35 15 3 26 4 46 6 46 7 41 8 17 9 11 10 22 11 50 14 27 17 25 18 11 19 35 20 10 23 44 24 30 5 5 48 7 47 19 45 23 33 24 18 14 3 16 4 28 5 17 6 21 10 49 12 35 13 44 15 10 16 50 17 43 19 22 20 26 22 19 24 27 15 1 10 3 29 4 40 8 41 9 12 10 40 11 15 13 10 14 35 20 41 21 49 22 13 23 25 24 49 25 45 8 5 14 8 22 15 39 17 11 19 37 23 10 24 25 25 37
4 5 3 40 10 49 17 43 18 11 22 30 15 4 36 5 20 6 23 7 49 10 23 11 20 12 27 15 30 16 22 18 34 20 34 21 23 23 44 24 40 25 21 5 2 42 4 23 9 12 16 41 19 31 11 4 37 8 12 9 30 10 47 12 11 13 46 14 30 17 18 19 19 23 32 25 23
4 11 1 30 2 34 7 40 8 12 11 20 13 21 16 40 20 13 21 22 22 48 25 29 8 1 39 7 45 9 47 13 25 14 33 19 26 21 21 23 30 15 2 10 4 42 5 41 7 13 8 46 10 42 17 30 18 12 19 17 20 49 21 37 22 43 23 36 24 28 25 25 7 1 25 2 15 18 11 20 33 22 17 23 12 24 15
7 8 1 43 2 17 3 47 4 41 13 36 19 36 21 13 25 28 12 3 25 4 30 5 32 7 39 10 22 11 15 12 20 19 18 20 14 22 27 24 20 25 21 5 3 11 10 44 12 42 21 17 22 44 13 1 48 2 18 5 10 6 16 10 39 12 31 13 37 15 29 16 41 18 35 20 28 21 19 23 30 8 1 33 2 43 3 35 4 40 11 13 13 33 16 42 25 11 14 1 34 2 33 3 10 4 35 7 40 9 50 11 23 14 37 16 46 18 11 19 16 22 26 23 30 25 25 8 3 46 4 44 6 50 8 50 10 34 13 25 19 13 24 45
3 15 2 31 3 19 5 24 6 25 7 28 8 24 9 13 10 17 11 20 13 10 14 14 15 19 20 45 21 26 24 31 3 4 41 15 21 17 45 13 2 24 3 23 5 37 6 19 9 43 11 10 12 14 16 17 18 32 19 29 20 34 21 41 23 41
5 7 7 17 8 29 12 46 13 20 15 21 22 13 25 14 11 1 15 2 37 5 12 10 39 14 22 19 48 20 38 21 26 22 42 24 12 25 38 9 1 23 5 13 6 39 9 25 17 25 18 42 19 42 24 41 25 25 4 4 12 6 33 14 43 16 16 9 2 37 4 25 5 31 15 19 16 10 18 35 21 42 22 28 25 45
7 10 1 46 3 21 7 14 9 19 10 40 14 31 15 24 17 20 23 22 24 23 12 1 48 3 41 4 16 7 18 9 41 10 16 11 12 14 42 15 22 18 13 19 21 21 34 8 2 43 4 11 6 42 10 37 11 18 18 38 22 41 24 12 12 1 14 2 21 4 28 7 39 8 29 9 29 11 24 14 26 17 25 19 10 21 50 24 21 9 4 27 6 26 9 15 10 46 11 15 17 26 21 41 22 45 25 39 6 1 44 6 19 7 26 9 26 12 43 21 41 5 1 26 5 37 11 19 20 26 22 36
5 9 1 12 3 24 4 43 11 23 13 26 14 15 15 27 17 31 24 13 15 1 13 2 11 6 24 7 38 8 40 9 37 10 29 12 24 14 15 16 38 17 16 19 33 22 13 24 32 25 18 12 2 38 5 16 6 50 10 10 11 44 12 40 13 45 15 28 17 14 20 28 22 41 23 38 3 6 36 14 14 23 31 11 4 31 5 27 6 49 7 50 8 38 9 38 14 43 19 21 22 23 24 10 25 16
3 5 7 20 8 27 11 48 12 18 20 15 7 3 32 5 11 9 36 11 27 16 14 17 12 19 43 11 1 20 5 18 7 10 9 13 13 18 14 18 15 33 18 33 19 48 21 16 24 48
8 14 5 42 7 33 9 15 10 40 12 31 13 26 14 46 15 32 17 47 18 35 19 36 21 36 22 40 25 29 15 1 31 3 19 8 15 9 39 10 33 12 18 13 37 15 37 16 36 17 45 18 32 21 44 22 32 24 46 25 19 9 3 19 6 15 12 37 15 11 17 19 18 39 20 35 22 35 23 29 4 1 33 2 18 12 36 18 43 14 1 41 2 49 4 32 7 23 9 23 10 39 11 43 15 41 17 31 18 35 19 20 20 29 23 40 25 47 7 2 43 7 29 11 19 17 28 18 14 21 39 23 26 13 2 22 4 25 7 44 13 17 16 49 17 50 19 42 20 10 21 10 22 39 23 40 24 43 25 32 4 2 10 11 44 14 38 25 39
8 10 1 28 2 27 5 10 9 17 13 14 20 18 21 42 22 18 24 45 25 21 11 5 39 6 31 7 34 8 48 9 27 11 32 12 19 17 16 20 11 21 42 24 12 8 1 49 5 37 9 40 12 33 15 17 16 34 22 12 24 13 7 4 12 6 32 11 10 15 13 19 19 22 37 24 31 12 3 37 6 47 9 48 13 40 14 35 16 35 19 43 21 25 22 29 23 32 24 31 25 50 8 5 13 8 24 11 32 12 32 15 47 17 21 19 29 22 45 12 1 36 2 41 7 21 9 45 10 34 11 30 16 27 20 41 21 49 22 10 23 46 25 32 9 1 50 4 12 8 31 10 33 18 12 19 12 21 14 24 12 25 22
3 15 2 12 3 28 4 17 8 22 9 29 10 26 11 39 12 26 13 34 18 50 20 43 21 22 22 22 23 20 25 49 15 2 24 5 24 6 29 9 21 11 22 12 44 13 31 14 50 15 23 16 15 17 15 18 27 20 50 22 14 25 13 3 7 20 13 45 18 15
7 11 3 50 4 34 7 36 8 44 12 15 13 35 18 40 20 42 21 10 23 27 25 28 9 1 28 2 48 3 40 7 28 9 45 10 46 15 14 19 35 21 49 14 1 34 2 15 8 37 9 37 11 46 12 23 13 22 15 28 17 47 19 43 20 42 21 26 23 25 25 35 11 8 25 9 48 10 48 12 46 13 34 14 46 15 40 16 45 18 42 21 19 24 15 14 1 13 2 25 3 40 4 27 5 46 7 41 8 26 9 18 12 20 15 50 17 20 20 21 21 44 24 46 5 1 42 11 20 19 45 20 27 25 21 15 2 48 3 15 4 11 7 33 8 12 9 13 10 23 14 44 15 19 17 39 18 40 19 35 20 24 21 17 23 22
3 6 10 45 11 35 13 49 16 38 20 21 23 11 3 2 33 14 14 25 50 10 1 14 5 28 6 28 8 24 9 28 12 24 15 43 18 19 19 39 21 10
6 10 2 46 6 40 7 23 8 48 9 38 14 42 17 33 23 28 24 22 25 20 9 1 10 3 22 5 50 9 25 11 32 12 31 19 27 20 41 22 44 4 6 37 11 19 18 32 21 28 3 5 44 9 45 11 24 7 4 11 5 39 13 30 16 30 17 49 18 47 23 48 10 1 17 3 33 5 11 7 49 11 48 14 31 17 19 22 28 23 45 25 48
4 7 6 49 11 37 13 36 14 11 16 49 22 31 24 45 12 1 10 2 17 3 19 5 32 7 46 12 33 14 42 15 15 16 11 17 39 18 17 24 18 11 2 47 3 41 5 36 6 12 8 49 10 16 13 31 14 47 18 33 22 23 23 15 5 9 33 12 23 15 15 16 44 20 10
7 6 4 16 6 21 19 10 20 18 23 46 25 33 14 1 34 6 26 7 31 9 47 10 27 12 34 14 39 18 23 19 12 20 15 21 13 22 32 24 36 25 16 4 15 33 17 19 23 49 24 34 9 4 43 7 37 9 23 14 37 17 10 18 21 19 50 20 50 21 48 13 2 48 3 30 4 21 6 40 9 38 10 26 13 41 16 26 18 42 19 28 20 49 22 34 23 26 15 1 24 4 41 5 25 8 47 11 14 13 18 15 39 17 28 18 39 20 44 21 49 22 31 23 35 24 47 25 22 15 2 15 3 13 4 19 5 23 7 47 8 41 9 20 11 47 13 48 14 47 18 15 19 45 21 45 23 12 24 36
5 12 2 23 4 21 7 35 9 28 11 36 12 40 15 50 18 12 19 28 20 17 22 44 23 25 13 1 20 2 11 6 35 7 26 8 18 10 36 13 11 14 18 17 19 18 22 19 48 20 27 21 14 13 1 45 3 39 4 42 5 18 7 50 9 39 13 26 14 26 15 39 16 23 19 43 20 24 24 16 6 1 16 2 11 4 30 14 45 19 15 21 42 10 1 27 4 32 5 19 6 20 8 14 14 27 16 32 21 15 24 11 25 25
6 3 3 40 5 49 21 46 12 1 32 2 42 4 46 6 50 8 43 10 14 11 34 13 21 16 49 17 39 22 14 24 26 9 3 46 5 41 9 50 15 37 18 24 19 21 21 20 22 44 23 11 4 2 50 3 49 5 19 11 30 13 2 41 5 45 7 25 8 33 13 17 15 10 16 45 18 42 19 49 20 32 23 45 24 25 25 40 4 4 29 6 36 18 39 25 30
7 4 6 31 12 36 18 38 24 15 5 12 20 13 29 20 32 22 13 24 33 12 1 34 2 33 3 31 4 36 8 50 11 10 12 23 16 12 19 24 21 33 23 38 24 35 12 3 14 5 11 6 15 9 37 10 45 11 24 12 29 15 16 20 43 22 15 23 50 24 22 12 2 40 4 42 6 14 9 15 13 20 15 47 16 41 17 18 19 16 20 38 21 35 22 18 3 6 30 18 34 20 37 7 5 31 8 47 14 43 18 21 19 38 23 45 24 11
3 12 4 18 9 48 10 34 11 32 12 18 13 16 15 32 16 32 17 26 18 35 20 15 24 48 6 1 36 4 13 8 12 15 46 20 29 22 36 14 1 28 3 22 4 32 5 35 7 27 8 20 9 39 10 31 11 32 12 12 13 41 15 31 16 15 17 36
3 11 1 31 6 50 7 32 9 15 11 21 14 31 16 12 18 47 20 20 21 38 24 40 9 1 21 2 29 4 12 6 43 14 39 18 24 19 35 20 29 24 47 10 3 11 4 26 5 21 7 33 9 48 14 50 18 42 22 48 23 29 24 47
3 14 2 12 3 39 4 42 6 23 7 34 10 35 15 38 16 46 18 36 21 50 22 35 23 19 24 19 25 18 13 1 50 4 38 5 25 6 40 7 29 11 37 13 48 15 17 17 21 18 11 19 36 20 34 24 46 14 1 17 2 19 4 27 6 25 9 43 10 47 11 36 12 10 13 19 14 17 16 21 17 49 20 43 25 44
3 15 1 29 2 21 6 20 7 21 8 42 9 32 10 37 11 24 12 10 13 43 14 42 16 17 18 43 20 35 23 33 4 18 50 21 43 22 40 23 40 8 2 36 5 28 6 27 18 26 19 18 21 38 23 38 24 11
5 5 2 28 5 32 17 48 18 37 21 50 4 2 24 6 36 19 41 21 18 10 2 26 3 28 4 27 5 21 14 50 17 32 21 27 22 32 24 31 25 28 6 3 46 7 32 13 46 21 13 22 12 24 17 5 1 15 7 46 12 49 21 37 24 19
6 9 3 35 6 26 7 24 11 26 16 48 18 42 19 16 20 48 23 30 12 2 23 4 46 7 11 11 47 12 30 13 17 19 21 20 31 21 19 22 42 24 34 25 19 3 3 49 5 13 6 41 3 11 34 17 17 24 22 13 1 28 2 27 4 13 6 38 7 21 8 31 11 19 12 43 14 42 15 18 16 44 19 37 24 10 5 7 41 11 43 16 14 24 26 25 35
8 3 1 23 7 48 18 27 10 3 13 6 40 7 37 9 24 15 16 16 13 17 11 19 44 23 32 24 26 4 14 36 15 46 18 17 25 48 13 6 41 9 40 10 14 11 30 12 13 14 17 15 41 16 21 18 40 19 15 20 38 22 25 24 10 3 8 48 14 24 17 47 8 4 31 8 25 10 39 15 18 18 25 19 17 22 36 24 22 9 1 20 2 38 9 40 10 50 12 41 13 15 16 47 23 12 24 43 4 2 19 5 47 15 29 22 29
4 7 2 31 7 30 8 44 16 20 18 11 21 35 22 35 12 2 13 3 22 4 34 8 28 9 44 11 41 13 34 14 18 16 29 17 38 21 40 23 36 5 2 30 9 44 16 17 23 35 24 23 7 1 31 6 27 7 29 9 21 11 36 18 13 23 21
5 15 1 34 2 40 3 29 4 31 5 19 6 38 9 13 11 34 13 46 16 15 19 33 20 38 23 14 24 20 25 38 7 3 44 4 22 9 35 10 47 13 31 14 33 15 30 3 6 30 11 16 20 21 15 1 21 2 50 3 31 4 11 7 10 8 49 9 34 10 49 11 22 14 16 15 31 18 47 19 40 20 20 25 12 10 1 40 3 36 5 29 6 20 7 31 8 20 9 21 16 10 20 48 21 28
5 12 2 41 5 30 7 39 8 40 11 25 12 38 14 13 15 35 19 44 22 14 24 16 25 30 10 4 15 5 18 7 44 8 35 12 43 14 38 17 28 19 16 22 26 24 38 12 1 25 4 22 5 25 10 21 12 29 13 15 15 35 16 21 21 16 22 25 23 41 25 36 6 1 17 3 25 4 32 17 42 18 19 24 38 4 7 47 13 16 17 32 25 41
8 4 13 20 19 14 20 23 22 41 10 2 25 5 39 7 14 10 17 11 12 12 50 13 29 14 11 17 32 21 17 15 1 17 2 48 7 14 8 24 9 21 12 27 13 14 14 33 15 50 16 12 17 26 20 47 22 13 23 36 24 16 6 4 21 11 10 13 16 15 47 20 39 22 11 3 3 11 6 33 19 50 9 7 42 8 38 12 18 15 28 16 18 17 49 19 15 21 10 22 19 13 1 49 3 36 5 47 7 33 8 40 10 39 11 43 13 42 16 33 17 43 19 21 21 15 22 31 4 6 29 7 32 14 50 21 45
8 12 2 21 7 13 9 45 11 10 13 12 16 11 18 12 19 22 20 36 21 24 22 48 24 46 14 3 16 6 47 9 16 10 31 11 11 13 42 15 13 17 24 20 25 21 12 22 21 23 31 24 38 25 39 10 1 38 3 17 4 30 7 18 8 31 10 43 13 42 15 10 16 26 24 25 14 3 16 4 47 6 48 7 14 8 34 9 16 12 19 16 48 17 42 18 41 19 39 20 10 21 17 23 46 8 3 25 4 12 5 40 7 48 9 16 16 31 18 11 21 42 8 2 32 8 49 12 20 16 40 19 26 20 46 23 19 24 50 9 6 36 9 36 13 35 14 39 15 40 17 13 22 15 24 31 25 28 3 16 48 23 31 24 22
4 13 1 49 2 42 4 35 5 30 6 30 11 27 12 13 13 39 15 29 17 13 21 33 22 20 23 38 5 8 18 11 48 21 25 22 49 23 16 11 4 16 5 34 7 26 8 14 10 49 11 24 12 43 14 19 17 46 20 33 22 25 3 3 39 11 36 14 10
4 4 2 44 9 42 12 29 14 48 8 1 26 5 49 12 21 14 30 15 33 17 13 20 22 23 26 8 1 46 2 24 5 17 6 15 12 42 16 49 18 41 20 46 13 2 48 6 26 7 43 8 44 9 21 10 14 13 27 15 13 17 42 18 42 19 44 22 48 25 12
8 15 6 35 7 45 8 11 9 10 11 41 12 43 13 32 16 40 17 27 18 38 19 28 20 30 22 12 24 37 25 46 11 2 19 4 11 5 32 9 33 10 41 11 12 12 32 17 43 19 14 20 19 22 16 4 8 29 9 16 15 23 20 38 6 1 15 3 36 4 19 9 20 12 14 25 20 9 2 27 3 37 4 14 9 17 16 42 18 37 21 14 23 48 24 33 8 1 38 10 34 12 13 17 41 19 23 20 44 21 21 25 36 6 1 26 3 35 9 31 14 41 17 43 20 25 9 2 46 3 47 5 19 7 29 13 20 14 14 17 32 18 33 21 33
3 7 13 49 15 14 17 16 18 34 20 33 24 20 25 40 8 5 21 8 45 10 39 15 16 16 10 18 19 21 48 24 41 5 4 23 6 10 7 47 12 46 19 28
5 14 2 42 4 26 5 23 6 46 8 17 11 35 14 23 16 44 18 11 20 45 21 21 22 22 24 14 25 16 5 1 48 2 44 5 15 8 29 25 15 14 3 46 4 36 7 41 8 22 9 10 10 44 11 40 12 37 14 46 15 21 17 21 19 39 21 47 23 42 13 2 16 3 46 4 21 5 36 10 46 13 27 14 33 15 32 16 15 18 32 20 37 21 43 24 45 14 1 20 2 38 4 30 7 39 10 31 11 20 13 38 14 49 15 12 16 24 19 18 22 48 23 17 25 46
7 12 1 30 2 37 3 12 7 17 9 30 11 44 14 37 15 48 17 39 20 36 23 28 24 20 12 1 15 2 36 4 31 6 41 7 33 11 28 12 22 16 22 17 33 19 27 21 39 24 11 8 1 43 8 37 9 19 12 29 15 49 17 50 18 36 25 27 13 2 47 3 32 4 43 6 35 8 43 11 40 12 40 15 10 19 30 22 37 23 30 24 47 25 46 6 2 38 10 13 11 26 18 23 20 46 25 36 12 5 10 8 22 9 10 11 32 13 14 17 22 19 23 20 50 21 46 23 14 24 33 25 25 4 12 29 15 26 24 14 25 35
4 8 2 23 3 16 4 33 5 35 9 32 10 27 11 26 16 40 10 1 36 2 12 4 23 5 40 6 26 11 47 16 19 18 44 20 18 25 46 9 1 28 7 44 8 22 13 35 15 42 20 21 23 16 24 26 25 13 3 7 28 14 12 23 50
4 14 2 17 3 26 4 15 5 38 6 32 7 29 10 35 14 20 15 25 16 28 22 16 23 44 24 41 25 38 13 3 12 5 49 6 40 7 19 10 42 11 11 12 26 14 29 15 16 20 31 21 25 22 38 23 17 13 2 15 4 38 5 32 6 28 7 28 10 17 11 37 13 15 15 49 16 11 17 29 18 13 25 35 7 1 14 2 18 6 18 20 26 21 50 22 38 24 34
8 14 1 45 3 41 4 33 7 33 8 39 9 23 11 15 12 24 13 40 15 44 17 32 20 37 24 21 25 29 13 1 32 3 48 4 15 5 25 7 12 8 38 10 32 13 34 14 20 15 49 16 12 18 46 21 25 9 3 26 4 35 6 47 11 38 17 48 20 41 21 31 22 43 23 18 9 5 37 8 46 10 22 11 32 15 31 21 31 22 18 24 16 25 21 13 2 33 3 47 4 37 8 48 11 42 12 26 14 32 16 25 17 23 19 14 20 48 23 10 24 26 11 2 36 3 15 6 34 9 21 15 37 18 43 19 28 20 44 23 45 24 27 25 45 3 9 49 11 30 19 42 10 2 23 3 13 7 48 10 35 12 43 13 21 14 31 16 35 18 16 25 14
6 15 1 46 2 48 5 39 7 37 10 46 11 18 14 43 18 26 19 20 20 48 21 32 22 27 23 47 24 31 25 34 14 1 12 2 44 5 22 6 21 7 18 8 47 9 42 11 29 12 43 14 29 16 36 19 36 23 16 25 29 13 1 20 2 28 6 40 7 49 9 13 10 27 12 33 16 33 18 21 20 31 21 40 24 41 25 28 15 1 13 2 22 3 48 4 44 6 41 7 39 8 42 9 38 10 49 11 12 16 23 19 10 20 48 23 46 25 11 4 2 23 15 12 20 33 21 14 14 1 24 6 22 7 14 9 11 10 15 11 30 14 26 15 34 18 39 21 15 22 25 23 24 24 15 25 13
128 103 54 56 99 121 95 138 52 78 128 111 51 68 139 38 51 54 39 120 58 91 131 46 69 101 61 132 112 130 86 129 94 119 54 68 112 53 85 124 77 49 151 148 57 93 46 104 61 126 62 84 90 39 58 38 46 86 101 114 76 85 83 116 144 58 49 130 39 62 93 72 66 116 104
2 1 1 2 2 3 2 1 1 1 2 1 3 3 3 2 1 1 2 1 1 1 2 3 1
# Instance ID: 75
# Total operations: 404
# Actual flexibility: 0.365
# Generated: 2026-02-14 14:26:23
# Format: Extended Brandimarte for MOFJSP (Comparison Dataset)