25 15
5 4 2 31 4 31 5 36 8 14 3 1 28 5 18 12 43 8 1 35 4 37 6 37 8 12 11 43 12 16 13 17 14 18 8 1 33 4 34 9 35 11 48 12 15 13 11 14 34 15 19 9 2 32 3 13 4 37 5 42 6 45 10 21 12 37 13 46 15 16
3 9 3 12 4 17 5 25 7 29 8 45 9 10 10 43 11 38 14 22 7 3 36 4 12 5 23 8 24 9 33 11 49 12 17 2 2 33 11 38
5 2 10 13 14 42 7 2 11 3 38 5 26 10 47 11 20 12 35 15 48 8 5 15 7 43 8 28 9 19 10 44 11 33 13 47 14 34 5 2 11 3 42 5 29 6 46 10 49 5 2 28 3 19 4 37 14 35 15 46
6 2 7 11 10 45 9 1 23 2 29 3 45 7 24 8 43 11 48 12 24 13 30 14 48 7 1 28 3 10 4 32 9 36 11 17 13 19 15 46 8 1 37 3 27 6 15 7 45 9 34 10 46 12 34 15 32 8 1 19 2 22 4 43 7 30 8 46 9 31 11 17 14 26 5 3 25 5 47 7 29 9 42 13 27
4 2 1 20 14 40 5 1 48 7 35 9 34 11 14 15 13 3 7 42 13 22 14 14 3 4 31 10 11 11 13
4 3 1 49 7 27 9 15 6 1 39 2 36 6 21 10 50 11 43 12 22 9 1 11 3 41 4 38 5 38 6 48 7 28 11 35 12 20 15 13 9 1 45 3 15 6 41 7 50 10 40 12 34 13 13 14 20 15 46
7 3 5 11 13 35 15 43 6 2 15 4 18 8 30 12 32 13 20 14 22 7 2 10 7 23 8 20 9 16 12 15 13 48 15 20 2 2 24 7 37 5 3 39 6 41 9 44 11 46 14 32 8 2 26 4 47 5 13 8 20 9 47 10 30 14 13 15 19 8 1 25 2 38 5 23 7 26 9 16 10 35 13 40 15 44
4 3 3 41 8 42 15 20 4 1 15 2 41 3 47 11 44 4 2 43 4 36 5 20 11 46 7 8 24 10 37 11 24 12 44 13 25 14 17 15 42
7 4 6 11 7 31 9 24 11 46 9 1 17 6 39 7 40 8 13 9 35 10 41 11 25 12 35 15 43 4 1 10 6 34 13 44 14 19 3 3 21 11 24 14 50 7 1 31 2 44 3 38 6 16 7 26 11 35 15 46 4 2 21 9 14 11 46 12 18 7 1 27 7 25 8 37 9 49 10 48 12 44 15 28
8 2 3 12 15 31 2 10 24 12 44 8 3 29 5 48 9 31 10 49 11 42 12 45 13 50 15 14 3 5 50 6 44 8 42 9 1 25 2 44 6 35 8 38 9 34 11 40 12 22 13 44 15 21 2 10 38 15 27 8 2 34 8 44 9 19 10 49 11 46 13 37 14 42 15 41 4 3 43 6 46 14 22 15 41
3 2 11 44 13 30 2 7 21 11 50 5 1 33 5 34 6 34 12 49 14 31
6 9 1 31 2 33 3 27 5 26 7 21 10 43 11 35 14 39 15 47 8 3 44 4 46 5 27 6 35 10 24 12 22 14 44 15 46 3 3 26 6 15 7 30 4 6 40 9 21 12 31 13 34 4 3 24 7 24 10 31 15 43 7 2 33 4 11 6 41 7 43 9 26 13 34 15 45
7 7 1 24 5 10 6 22 8 29 10 50 11 49 14 17 3 2 40 14 48 15 40 4 1 31 4 47 9 25 12 27 2 2 33 14 23 8 2 22 5 16 6 23 8 21 9 33 13 49 14 23 15 36 9 1 11 2 49 4 27 6 19 7 16 8 28 9 15 12 12 14 32 4 7 17 8 47 9 43 10 40
3 2 10 18 12 40 2 5 18 6 25 7 3 13 6 30 7 47 9 42 10 36 14 38 15 44
4 9 3 27 5 44 6 50 8 31 9 47 10 37 11 33 13 30 15 49 6 2 15 3 37 5 31 9 11 10 18 15 10 2 1 29 3 33 5 2 18 4 17 10 30 11 30 13 14
4 5 1 43 6 23 8 50 14 50 15 37 4 2 28 5 43 11 43 13 49 8 3 37 4 38 7 50 8 38 10 28 11 36 12 19 14 10 4 6 20 9 33 12 28 14 23
3 3 4 21 9 44 13 16 4 2 22 3 48 4 19 14 10 6 1 43 2 25 7 36 10 26 13 41 14 20
4 5 1 44 6 20 8 40 9 35 12 43 3 3 21 8 32 11 40 9 3 19 4 46 5 12 6 30 8 19 9 49 12 15 14 42 15 39 8 1 38 2 17 3 40 4 21 7 14 9 39 11 23 15 22
8 9 1 21 3 21 4 19 9 46 10 46 11 49 12 23 13 36 14 20 3 7 30 12 47 13 14 6 3 30 4 33 9 25 12 46 14 44 15 23 7 2 41 5 24 7 20 8 35 9 28 10 25 14 11 7 2 21 5 38 8 48 10 47 12 38 14 10 15 21 4 1 31 2 25 3 48 8 39 9 2 19 3 11 4 16 6 18 8 33 9 35 12 13 13 45 14 22 4 1 41 5 48 9 39 15 43
8 9 2 50 3 44 4 35 6 13 9 12 11 22 12 11 14 27 15 29 5 2 46 7 30 10 17 11 39 15 14 7 1 19 2 46 3 20 4 47 10 32 14 11 15 15 6 4 13 5 49 8 22 9 10 11 46 15 36 9 2 13 3 50 4 19 8 19 10 17 11 23 12 20 14 17 15 39 8 1 17 2 34 3 35 8 16 9 18 10 21 11 12 13 17 2 3 31 8 43 9 1 34 4 31 5 23 8 44 10 10 11 21 13 39 14 29 15 43
3 3 3 28 13 21 14 16 3 1 45 5 35 13 50 4 1 30 6 18 10 19 15 48
7 6 1 32 3 34 4 14 6 10 7 23 10 46 7 1 24 2 39 3 17 8 19 10 27 12 22 13 37 7 3 23 5 11 6 26 7 14 9 19 14 11 15 19 9 1 45 2 41 3 27 6 13 7 20 8 48 10 49 12 13 15 38 3 7 11 10 36 15 24 4 3 16 5 31 9 30 14 26 4 11 10 13 24 14 28 15 12
7 5 1 35 2 41 6 46 10 50 15 38 7 2 47 5 32 6 33 7 28 8 37 10 21 13 25 6 2 37 3 10 5 17 8 12 14 45 15 13 3 9 17 13 12 15 23 2 12 36 13 45 5 2 41 5 20 7 37 8 43 15 12 2 2 33 9 38
3 3 1 16 3 31 10 13 9 1 39 2 24 4 31 7 15 8 13 9 28 12 33 14 43 15 27 9 1 46 2 37 3 21 4 32 5 44 7 43 8 32 13 38 14 37
7 8 1 31 2 22 4 22 5 48 8 35 9 20 10 38 12 26 8 2 18 3 40 4 11 6 12 7 13 11 27 14 35 15 36 8 1 13 2 38 5 47 6 41 9 39 10 17 11 26 15 12 2 11 26 12 47 5 2 50 9 27 10 46 13 10 15 30 5 2 12 3 26 6 49 11 48 12 42 2 10 29 13 48
60 50 68 89 73 52 87 57 87 103 48 109 100 48 55 60 47 74 133 144 45 93 124 58 117
3 3 2 2 3 2 2 1 2 3 3 2 2 1 2
# Instance ID: 31
# Total operations: 130
# Actual flexibility: 0.362
# Generated: 2026-02-14 14:26:22
# Format: Extended Brandimarte for MOFJSP (Comparison Dataset)