75 25
5 15 2 31 5 43 6 40 7 10 8 22 11 40 12 34 13 40 14 28 16 17 19 18 20 27 22 17 24 11 25 22 14 1 24 2 48 3 50 4 12 5 36 8 25 9 35 10 22 13 13 18 35 19 36 21 28 23 10 24 34 9 1 14 7 48 8 24 11 33 13 47 14 47 16 48 18 24 19 38 14 2 33 3 41 5 43 6 44 7 25 8 49 9 37 11 30 13 28 14 10 16 45 21 27 23 13 25 25 14 2 42 3 16 4 13 7 47 9 31 13 14 14 25 16 47 17 40 19 35 21 36 22 45 23 35 24 30
8 5 3 24 4 14 13 39 15 36 23 28 5 2 10 7 31 10 46 18 39 25 24 4 4 16 11 32 17 43 21 33 9 2 41 6 11 12 49 17 45 18 40 20 20 21 44 22 28 23 42 15 1 29 3 48 7 50 11 10 12 17 13 11 14 13 16 11 17 45 18 29 19 26 20 10 21 30 23 46 25 16 10 2 30 4 19 6 28 9 44 13 48 14 12 15 12 18 17 21 22 23 29 9 1 23 5 10 9 29 10 30 19 27 20 39 21 26 22 19 23 27 15 2 23 3 21 4 34 5 48 6 29 7 18 10 40 12 22 13 26 14 19 17 18 18 31 20 27 23 15 25 26
3 8 2 23 3 38 6 35 11 26 13 10 15 20 19 34 20 11 11 1 32 4 30 5 46 6 31 8 25 13 41 15 21 18 25 19 25 21 19 24 40 6 1 35 2 33 9 20 11 13 18 18 23 32
6 7 4 48 6 45 11 24 12 41 16 16 22 20 24 14 3 8 48 16 12 21 36 5 1 37 2 29 3 38 10 17 22 30 14 2 49 5 44 7 14 8 22 12 21 15 16 16 16 17 45 18 11 19 33 21 29 23 16 24 11 25 49 15 1 18 2 43 3 46 6 33 8 46 9 32 10 40 11 48 12 45 13 10 14 19 18 22 23 49 24 16 25 46 9 1 20 4 24 5 24 7 11 10 28 11 36 18 33 23 39 25 20
7 14 1 21 2 19 5 18 6 48 8 11 9 44 10 38 11 18 12 49 16 32 20 26 21 43 24 37 25 35 6 6 46 15 17 19 33 20 50 22 48 24 44 14 2 12 3 39 4 28 5 50 6 44 10 23 11 38 12 50 14 43 15 29 17 46 20 46 21 38 25 19 12 4 18 5 22 6 42 7 43 11 31 12 47 14 47 15 47 19 42 21 26 24 14 25 45 10 1 41 2 24 6 43 7 32 8 12 11 34 15 47 20 30 21 20 22 20 9 4 43 8 26 10 23 11 28 14 46 17 29 20 30 22 34 23 18 15 1 49 9 17 11 33 13 44 15 32 16 47 17 25 18 31 19 11 20 24 21 50 22 16 23 37 24 47 25 50
3 7 1 21 5 42 14 26 18 16 19 10 22 22 24 14 13 2 17 4 16 5 42 6 34 7 36 12 46 13 27 15 49 16 39 17 40 18 10 21 21 25 23 11 3 12 4 33 5 10 8 32 9 43 16 38 20 50 21 33 22 21 24 41 25 45
6 11 2 14 3 50 5 50 7 28 8 38 10 44 13 10 14 31 16 13 17 19 19 26 15 2 39 3 13 4 32 6 49 7 10 9 21 10 48 12 12 13 46 14 49 17 35 20 22 22 38 23 10 25 16 4 5 43 7 13 9 43 16 24 11 9 17 10 12 11 38 15 38 16 26 17 12 19 28 20 10 22 24 23 15 25 48 9 4 49 6 46 9 39 10 22 11 20 16 37 17 18 20 13 22 40 15 3 31 4 23 5 35 6 11 8 29 9 22 10 17 11 38 14 29 16 27 17 36 18 36 19 49 21 49 23 40
4 10 1 33 6 10 7 40 8 32 9 50 10 50 14 12 19 37 21 22 24 47 8 6 17 9 45 10 42 11 32 14 29 15 35 23 22 24 25 4 1 28 16 47 18 26 19 44 7 2 22 7 12 13 45 14 32 21 36 24 10 25 30
6 7 3 45 9 42 10 41 11 31 14 49 20 42 22 15 4 4 37 11 46 20 38 21 21 13 2 32 4 45 6 49 8 16 10 11 11 47 12 23 14 10 17 30 20 11 21 25 23 23 25 21 6 2 46 8 40 9 18 10 44 19 48 25 46 15 1 13 3 31 4 20 5 39 10 28 11 17 12 36 13 23 14 35 15 42 18 27 20 50 21 50 24 37 25 34 3 7 48 15 45 25 14
7 6 2 36 4 21 14 44 18 34 20 44 22 16 10 2 16 3 21 10 36 11 19 12 14 17 27 19 44 20 49 22 22 23 39 11 1 48 3 24 5 44 6 21 7 37 8 42 9 10 13 42 18 14 19 39 20 27 15 1 48 3 47 4 36 7 12 8 29 10 33 11 35 12 47 14 14 15 35 16 36 17 46 18 31 20 44 24 19 15 1 33 2 33 3 30 5 47 6 38 7 12 8 32 13 31 14 35 18 13 19 28 20 28 21 40 22 25 24 15 10 1 32 2 14 4 43 5 43 10 47 11 47 12 10 15 43 20 42 21 38 3 4 27 6 39 17 39
6 10 3 23 4 32 6 14 10 23 15 48 16 10 17 50 20 45 22 20 23 32 3 1 15 15 17 22 13 3 7 42 9 11 21 19 15 1 34 3 10 4 31 5 19 6 29 8 28 9 29 15 11 17 18 18 14 21 31 22 22 23 47 24 47 25 18 13 1 42 2 12 3 24 5 12 6 13 8 46 9 49 10 36 13 23 17 37 19 40 24 22 25 20 8 5 50 8 36 10 18 12 17 14 20 15 10 20 15 22 18
5 3 10 49 14 25 17 24 9 1 34 2 30 5 40 6 11 12 26 16 28 18 35 19 27 20 24 10 1 47 6 28 14 48 15 34 19 25 20 48 21 44 23 48 24 30 25 18 5 3 40 12 28 14 17 19 29 25 26 3 6 10 15 48 18 10
7 4 2 19 13 23 17 18 25 42 12 3 22 7 46 8 11 10 24 11 38 12 21 14 35 15 42 21 44 22 23 23 36 25 15 3 11 16 12 38 17 14 7 1 11 2 34 8 29 9 26 14 15 16 16 25 42 10 1 16 2 50 4 19 7 25 12 24 16 13 17 26 18 33 21 28 25 23 7 7 48 10 32 12 28 15 42 18 45 19 46 24 32 15 2 18 3 29 5 36 6 16 7 21 8 26 9 17 10 41 12 39 14 38 17 34 19 21 21 25 23 26 25 32
8 11 3 32 4 29 5 10 11 38 13 23 14 21 15 30 18 12 19 12 20 21 24 17 10 2 18 3 30 7 17 9 26 13 30 15 21 20 37 21 46 23 19 24 50 10 1 41 4 49 5 11 7 45 10 26 14 41 19 22 20 10 22 19 25 29 14 1 11 2 21 4 34 5 50 6 23 7 14 8 24 12 37 14 27 17 26 18 14 20 22 21 33 25 22 15 3 28 4 14 5 19 7 21 9 12 11 50 13 32 15 40 16 14 17 28 18 45 19 13 20 48 21 10 23 49 10 4 49 7 10 8 15 10 19 13 50 15 46 16 24 18 29 19 25 20 49 3 5 45 13 29 14 44 12 1 11 2 49 3 49 8 37 11 41 15 34 18 46 20 43 21 28 22 39 24 29 25 35
4 11 4 39 5 42 7 32 8 50 12 48 15 39 16 36 17 38 20 37 22 49 24 50 15 1 49 2 20 4 11 5 44 8 50 9 25 11 37 16 32 17 25 19 34 20 18 21 14 22 48 23 49 25 42 11 1 47 5 12 7 45 9 12 12 30 14 12 20 47 22 17 23 42 24 43 25 39 9 2 16 8 42 10 49 15 12 18 15 20 27 23 28 24 15 25 34
5 14 1 19 2 29 4 19 7 22 10 44 11 31 12 16 13 31 14 23 16 40 17 24 22 27 23 34 25 45 6 2 48 3 13 5 36 7 39 18 48 19 26 6 6 17 9 40 17 11 20 18 24 31 25 27 13 1 43 3 13 4 36 5 16 8 18 11 46 13 31 15 34 18 25 20 46 22 13 24 42 25 24 12 4 14 7 21 10 50 12 13 14 31 17 31 18 28 19 16 20 20 21 19 23 15 25 36
8 11 5 42 7 50 9 21 13 20 14 16 19 50 20 48 21 18 22 24 23 35 25 16 3 5 30 14 39 19 22 12 4 28 5 42 7 26 8 27 12 40 14 32 16 17 18 24 19 38 20 14 21 24 23 46 6 5 24 11 40 16 41 19 22 22 17 23 45 13 1 27 2 31 6 47 12 23 13 28 14 20 17 13 18 40 19 48 21 36 23 42 24 15 25 25 7 10 23 11 14 14 30 15 23 17 32 18 29 19 24 10 8 21 9 20 11 41 12 30 13 33 14 43 16 37 18 22 22 15 24 28 13 2 49 3 38 4 23 5 30 8 26 9 25 10 17 13 12 14 12 17 36 18 30 22 35 25 19
6 4 1 30 5 10 8 49 22 37 9 2 22 3 44 7 47 13 28 14 39 16 41 17 47 18 24 24 15 6 3 23 4 40 9 10 15 34 16 18 19 48 13 1 18 4 42 7 19 8 24 10 34 11 47 13 38 14 28 15 14 17 12 21 15 23 46 24 32 13 1 17 2 27 3 34 5 35 6 45 11 29 12 27 13 17 14 21 16 48 22 25 24 49 25 25 3 4 32 5 47 8 22
7 13 2 36 6 44 7 33 8 32 11 41 15 34 17 38 18 29 19 13 21 29 22 24 23 38 25 20 3 14 12 16 24 18 15 12 1 49 2 34 3 21 4 29 5 35 7 24 8 16 11 47 13 41 14 33 17 14 18 13 6 4 39 9 31 10 42 11 49 17 17 19 21 11 4 10 5 49 6 28 9 18 10 35 13 13 18 43 19 24 20 26 22 40 25 34 6 4 50 10 42 12 39 15 45 20 27 24 26 7 3 40 6 14 11 44 19 38 21 44 23 31 25 41
4 5 9 12 11 11 12 17 13 42 25 25 6 2 20 3 14 8 30 10 24 20 13 21 34 9 2 27 5 21 6 47 9 25 10 33 12 35 13 17 14 37 24 32 11 1 37 2 35 4 47 5 28 7 14 10 21 11 38 15 21 17 42 21 26 22 43
5 10 1 10 3 44 4 37 11 26 13 44 14 10 15 37 17 37 19 16 25 42 12 1 11 2 33 3 23 4 49 5 28 6 20 7 13 12 29 13 45 15 23 17 36 23 48 5 1 12 2 40 7 30 14 37 15 12 12 1 12 3 15 4 16 6 34 10 24 12 21 13 18 14 22 15 15 19 18 22 15 24 50 11 2 29 3 10 4 44 5 27 9 41 10 27 11 41 17 19 18 19 21 35 23 16
8 9 4 35 8 14 10 32 12 46 14 26 15 23 16 37 23 10 24 47 13 5 29 6 48 7 48 8 47 10 16 12 10 13 42 15 40 17 16 18 48 21 43 24 44 25 11 8 4 23 5 24 9 43 21 38 22 10 23 13 24 28 25 10 10 1 10 2 50 3 49 13 50 15 32 18 13 20 12 21 12 22 34 23 39 4 12 30 17 31 23 14 25 44 5 2 40 5 44 15 10 16 13 19 11 4 1 30 19 35 20 33 21 49 5 1 36 3 32 5 36 11 48 18 11
8 15 1 25 2 29 3 28 5 29 6 19 9 42 10 41 14 33 16 13 18 47 19 44 20 34 21 42 22 23 23 27 5 4 30 8 25 9 29 13 49 20 24 9 1 39 6 16 7 20 13 36 14 16 18 39 23 12 24 46 25 43 11 3 50 4 24 7 46 13 27 17 10 18 10 19 24 20 21 21 29 23 25 24 11 12 1 49 2 13 5 10 8 28 9 25 10 16 12 23 14 32 17 35 22 41 23 21 24 14 8 5 41 6 32 10 43 16 25 17 42 19 24 23 28 24 32 9 2 34 4 13 7 21 8 43 12 33 16 49 22 26 23 35 24 39 12 2 33 3 24 4 40 5 27 11 41 14 22 15 47 16 16 19 23 20 16 21 14 22 22
4 6 4 21 6 42 10 24 13 45 19 25 23 38 4 2 45 6 49 17 10 19 19 6 1 12 12 45 14 25 17 49 19 39 20 50 4 5 33 21 20 22 33 25 27
6 5 3 15 5 40 14 33 21 35 25 42 14 1 22 2 35 7 30 8 27 9 48 10 10 12 35 13 28 17 28 18 12 20 29 22 45 24 28 25 23 7 3 13 5 11 8 33 13 22 15 40 21 24 24 38 10 2 14 3 15 7 11 11 35 15 47 18 19 19 44 20 25 23 45 24 15 7 1 32 7 33 11 31 12 29 13 26 20 23 25 45 5 2 24 9 30 17 13 19 35 20 13
4 7 3 36 4 42 7 19 9 14 17 13 18 35 19 48 11 4 16 5 19 10 49 11 42 13 35 16 24 17 18 21 26 22 17 23 40 24 24 10 2 23 4 37 6 32 7 48 9 23 10 23 17 29 20 49 22 35 25 48 7 5 35 7 30 11 50 16 37 17 26 19 18 23 34
8 12 3 33 4 49 5 36 9 13 10 29 14 18 17 28 18 19 19 29 21 30 22 35 25 20 14 1 21 2 24 3 27 10 37 12 31 13 50 15 27 16 14 18 22 19 29 20 22 22 37 24 44 25 28 7 6 21 9 24 17 45 18 30 19 31 20 46 25 39 10 1 27 2 19 4 36 5 33 6 24 9 40 10 10 14 18 21 47 22 50 13 4 18 5 20 6 24 9 29 10 16 11 50 13 36 14 49 15 50 17 21 18 17 21 40 23 29 8 1 42 2 46 4 43 7 37 10 30 11 29 16 17 21 35 6 6 48 8 42 20 37 21 22 22 33 23 49 5 5 49 8 34 13 26 16 33 17 43
3 4 13 19 14 33 18 33 25 11 9 2 42 6 25 9 48 10 27 13 27 14 22 17 13 20 19 23 11 8 3 37 5 30 8 11 9 44 13 39 17 20 20 47 24 43
5 6 1 16 3 11 7 35 13 48 17 32 22 27 11 2 22 4 30 5 50 6 45 8 22 12 22 14 22 18 13 21 33 22 38 23 48 7 1 34 3 45 6 18 13 25 16 37 18 24 22 24 12 1 49 2 13 3 10 5 30 6 41 9 43 10 27 12 21 15 12 17 45 19 43 25 43 8 1 39 11 27 15 13 16 34 17 10 19 39 21 48 25 25
4 11 1 16 2 27 10 49 11 40 12 18 13 14 16 33 18 18 20 16 22 16 24 46 14 1 47 2 31 3 49 4 49 6 11 7 29 8 19 9 37 12 15 15 13 18 35 19 35 22 28 25 36 3 12 40 17 38 21 21 12 2 38 4 17 9 22 10 16 12 17 13 46 14 20 15 20 19 43 21 28 24 11 25 30
8 6 7 16 12 34 15 42 19 31 21 29 23 30 11 1 33 2 42 4 49 6 46 7 20 10 14 11 37 12 44 15 20 23 12 25 20 8 1 45 5 21 6 15 7 16 11 50 16 44 17 25 21 39 3 5 36 9 38 16 24 15 3 45 4 50 8 22 9 27 11 22 12 10 13 15 14 27 15 16 16 19 17 38 18 27 19 25 21 10 24 50 6 1 36 3 20 6 15 11 15 15 41 24 20 6 5 25 17 41 18 32 20 24 21 36 23 11 5 15 36 16 43 17 12 19 46 21 18
6 8 2 20 4 13 13 47 15 17 17 37 20 34 24 25 25 11 7 1 19 11 28 15 10 18 12 20 20 24 41 25 47 8 6 35 7 20 8 41 12 18 15 25 19 21 22 36 24 37 7 1 34 4 48 7 14 8 49 13 44 16 49 24 11 14 4 48 6 42 7 16 9 22 11 19 12 11 13 27 16 24 18 16 19 22 20 11 22 50 23 22 25 31 10 1 30 2 18 4 27 6 29 8 19 10 22 13 13 17 43 22 34 24 29
8 9 1 23 5 26 10 14 12 41 14 17 15 20 20 28 23 28 25 37 5 4 48 6 42 7 28 14 37 15 37 7 1 40 7 35 13 30 14 28 17 35 18 31 21 34 7 8 30 11 49 12 49 14 28 18 42 21 25 22 36 12 1 35 2 10 8 23 9 28 10 46 13 36 14 19 15 34 18 38 19 25 22 11 24 29 8 4 22 8 40 11 15 15 42 17 45 20 39 21 32 25 15 14 1 22 4 43 5 37 6 49 8 50 11 32 12 21 13 36 18 46 19 32 20 14 21 38 24 44 25 11 6 2 42 6 16 12 47 13 23 15 25 22 35
6 15 1 29 3 45 4 19 5 35 7 31 8 12 9 38 10 43 15 37 16 24 18 36 19 37 20 29 21 46 25 28 3 3 29 8 42 19 26 7 7 38 8 45 11 21 15 20 16 36 18 36 19 11 12 2 32 6 22 7 25 8 47 10 24 11 21 12 32 14 25 16 17 19 27 22 30 25 24 9 1 22 2 21 11 38 14 17 16 19 17 32 20 34 22 41 24 19 15 3 32 4 32 5 22 7 50 8 47 11 14 12 37 13 27 16 17 17 23 18 17 20 14 22 50 23 34 25 26
4 8 4 17 9 45 15 26 20 31 21 14 22 18 23 44 24 45 4 3 24 8 32 14 46 21 47 6 4 20 10 15 16 19 17 17 19 43 20 33 12 2 40 3 44 4 32 6 48 7 27 8 27 12 36 16 50 17 38 19 49 22 12 25 39
6 5 11 33 15 48 16 19 21 34 23 20 10 1 27 4 46 7 29 8 44 10 37 11 25 12 13 16 24 22 40 23 12 12 4 49 6 12 9 41 11 43 13 46 14 50 15 38 16 50 18 31 19 42 22 31 23 36 11 3 41 4 14 5 35 6 34 10 33 12 39 13 49 15 26 16 48 20 32 25 32 12 1 18 2 12 3 24 4 23 6 49 10 39 11 13 12 41 15 47 16 27 19 15 20 38 8 5 15 8 50 9 43 13 23 16 47 17 30 20 45 23 29
7 5 4 46 6 10 8 32 9 36 24 27 12 1 35 2 34 3 45 4 17 6 32 7 46 8 32 12 14 14 22 15 24 20 12 25 41 10 2 31 6 25 10 46 14 42 16 13 18 30 19 19 21 45 23 32 25 40 10 3 45 4 23 6 14 10 28 11 37 12 39 13 37 14 19 22 11 25 41 14 1 43 3 27 5 37 6 29 7 25 10 17 12 34 14 18 16 48 17 28 19 27 20 40 21 43 23 19 9 3 31 6 17 11 43 13 49 15 18 16 24 17 34 20 21 22 47 12 1 40 2 46 5 31 7 26 8 14 12 48 16 20 17 50 19 33 22 36 23 28 25 31
7 8 4 33 9 50 11 12 14 29 15 45 16 35 17 10 21 46 14 1 37 2 31 4 45 6 22 7 33 10 24 15 11 17 15 18 11 20 46 22 50 23 10 24 37 25 33 8 2 32 3 11 4 42 5 29 7 20 9 22 14 27 25 41 14 2 28 3 16 4 11 7 49 10 32 11 10 12 34 15 12 16 10 17 46 21 21 22 39 23 25 25 47 5 1 46 14 40 21 33 22 38 23 43 13 3 29 4 29 5 29 6 33 7 15 9 47 10 23 12 46 14 47 15 31 16 29 20 15 21 32 13 1 50 3 26 5 14 6 41 8 12 10 22 14 17 15 12 16 39 17 21 18 43 19 16 24 13
7 11 5 20 7 17 10 28 11 27 12 21 16 50 18 26 19 21 20 46 22 14 25 11 3 5 14 10 44 13 49 8 2 23 6 31 9 12 13 28 17 20 18 43 20 45 23 40 3 8 26 12 34 15 33 7 3 23 5 29 11 16 15 18 19 18 21 25 22 13 4 4 38 5 10 21 34 24 35 8 3 50 5 14 7 22 8 37 10 14 19 13 20 19 24 16
3 7 1 31 4 20 6 50 8 15 13 16 17 36 18 23 12 4 38 5 14 6 22 9 17 14 33 15 17 16 34 18 14 21 28 22 19 24 11 25 12 8 1 30 2 43 3 48 4 40 6 10 8 26 16 41 19 40
4 11 1 12 2 24 7 12 10 35 11 11 13 33 14 30 15 42 17 38 22 29 23 47 12 2 15 4 14 5 44 8 32 13 20 15 12 17 35 19 26 21 27 22 32 23 42 25 41 3 2 18 16 34 24 46 3 5 10 11 15 21 49
8 4 3 42 7 47 8 19 16 26 15 1 49 2 37 3 36 5 28 6 14 9 43 11 12 13 42 14 13 16 37 17 47 18 19 19 15 21 38 22 41 15 1 45 4 37 5 32 7 45 9 28 11 25 12 10 14 33 15 34 16 19 17 38 18 49 19 42 24 21 25 41 6 6 40 8 49 9 21 11 12 13 28 15 48 3 2 22 4 34 9 12 15 2 40 3 38 4 29 5 19 7 43 9 35 11 30 15 44 16 15 17 19 18 49 21 43 22 22 24 45 25 15 14 2 21 4 35 7 25 9 34 10 16 11 25 13 18 14 38 15 13 18 16 20 45 21 46 22 21 25 26 8 5 38 8 14 12 44 16 22 18 19 20 38 21 42 23 31
8 9 1 42 4 44 5 44 7 33 8 29 9 44 13 42 16 37 18 25 15 1 27 4 31 5 48 8 32 9 30 10 29 12 43 13 47 14 31 15 37 19 42 20 41 22 48 23 29 24 33 8 3 12 4 40 6 36 7 19 18 13 19 23 23 48 24 31 5 3 34 13 32 18 11 20 50 25 38 7 6 35 9 34 10 27 16 37 17 16 18 38 23 27 7 7 39 8 14 13 26 18 14 21 25 24 45 25 30 6 6 32 10 50 11 50 12 12 13 23 23 36 8 7 23 9 23 10 29 11 29 12 22 14 23 16 32 22 27
3 12 3 33 7 15 8 44 9 22 10 40 11 26 12 26 13 10 15 20 17 37 21 22 24 29 7 2 36 7 28 13 49 14 29 15 38 18 44 19 28 12 1 26 2 13 5 13 9 12 12 35 15 34 16 34 17 22 18 39 20 35 21 48 23 16
6 4 4 36 12 13 13 22 17 20 12 8 12 9 48 10 49 12 45 15 17 16 26 17 19 18 50 19 46 20 47 21 41 23 33 8 2 46 7 26 11 35 12 17 16 20 18 37 20 25 23 33 7 2 26 5 44 6 22 9 16 11 13 13 41 21 27 5 3 29 11 28 15 34 22 47 25 26 12 1 13 2 38 3 19 6 15 8 46 10 11 11 49 17 48 21 13 22 31 24 19 25 49
3 12 5 41 7 23 9 17 10 18 11 34 12 32 15 27 16 41 17 22 18 18 19 21 23 49 5 1 44 3 40 8 24 16 19 20 44 11 4 11 8 19 10 31 12 17 14 26 16 40 18 25 19 47 21 13 23 12 24 44
6 13 1 17 2 19 3 27 4 34 8 40 10 46 11 15 13 34 14 16 18 23 19 21 21 47 23 10 6 2 37 7 34 10 26 14 13 22 35 25 12 9 1 31 2 12 6 28 8 21 14 27 16 20 18 24 21 23 25 47 12 1 39 2 27 3 26 7 24 8 48 9 32 10 27 11 27 12 48 20 32 22 25 23 20 14 2 47 5 15 6 20 9 11 11 49 12 38 14 47 15 36 16 28 17 44 19 29 21 37 23 14 24 31 4 4 43 5 17 13 13 17 19
6 12 1 39 2 33 3 28 11 35 15 34 17 42 18 33 19 40 20 25 21 48 22 40 25 28 7 2 41 3 48 4 34 14 45 17 40 18 41 22 16 6 3 36 4 34 5 44 12 45 16 36 24 42 15 1 47 3 14 5 41 7 21 8 38 12 44 13 42 14 16 15 27 16 16 17 12 19 25 22 27 23 45 24 23 13 1 49 5 16 6 24 14 19 15 29 17 18 18 24 19 39 21 24 22 26 23 36 24 23 25 30 11 2 26 4 14 5 40 6 35 7 33 10 35 12 40 16 47 22 36 23 10 25 48
5 3 2 30 3 16 25 41 10 3 17 4 34 5 12 6 38 8 37 11 37 12 44 13 47 15 12 24 12 10 1 36 3 22 4 18 5 34 6 42 8 21 12 13 14 16 22 40 23 12 8 2 35 6 49 7 20 9 14 12 30 19 16 22 13 24 35 13 5 32 6 34 7 22 9 32 10 44 11 49 12 31 13 24 17 19 19 35 20 30 24 48 25 17
8 15 1 34 5 37 6 20 7 49 8 26 9 17 10 10 12 46 13 43 14 24 17 23 18 14 19 10 21 19 24 14 9 4 29 6 17 8 12 9 42 12 27 15 33 19 33 20 37 25 25 9 2 26 5 48 9 38 11 37 15 23 18 12 22 29 23 26 25 19 7 3 29 10 39 16 48 17 29 18 24 23 42 25 41 8 1 34 5 44 8 27 12 12 15 31 16 10 23 12 24 12 7 8 38 9 31 16 45 19 49 21 34 24 17 25 13 15 2 38 3 14 4 43 5 41 6 20 8 12 9 23 10 27 11 26 14 36 17 23 21 27 22 29 23 34 25 44 9 1 13 5 39 8 27 10 43 13 42 14 17 16 40 20 44 23 50
7 14 2 16 3 25 5 11 8 47 10 13 13 27 14 29 15 27 16 11 18 19 19 45 20 11 22 38 23 10 8 1 25 2 40 4 12 9 30 10 15 15 23 22 34 23 13 3 6 33 7 40 11 22 5 12 35 14 39 20 17 23 45 25 42 6 3 23 9 10 10 28 14 17 21 43 25 16 11 2 29 9 40 11 25 12 36 14 25 15 41 16 38 19 37 20 23 21 49 22 29 4 5 12 6 44 10 22 19 30
6 3 7 25 14 27 20 10 11 1 49 3 26 4 40 11 29 12 13 13 49 16 30 17 33 19 13 20 33 24 46 4 11 12 16 10 18 28 20 49 4 1 39 5 28 19 49 24 23 8 2 37 3 40 6 26 11 14 12 41 14 11 15 14 17 17 11 1 49 5 22 8 22 9 26 13 13 17 23 19 39 21 38 22 22 24 47 25 44
5 12 2 11 3 43 7 29 11 15 12 24 13 39 15 17 17 20 19 37 22 21 23 31 25 49 8 2 13 14 43 17 19 19 38 20 21 22 10 23 24 24 27 12 1 50 2 20 3 23 5 44 8 15 9 28 11 36 14 26 17 25 18 11 20 10 24 40 13 3 29 4 37 6 10 7 35 8 47 10 41 11 14 12 30 15 29 21 35 23 17 24 19 25 26 4 1 40 8 20 9 42 22 10
8 13 2 27 3 48 6 25 7 39 9 17 12 39 15 37 16 22 17 43 19 22 20 25 22 24 25 34 14 1 42 3 19 5 32 8 48 9 32 10 35 14 26 16 13 17 32 18 21 19 26 21 26 23 49 25 42 12 1 39 2 16 4 10 8 14 9 13 10 29 14 16 15 25 16 19 17 17 24 30 25 39 5 5 48 7 32 10 13 15 41 19 11 10 2 46 3 36 11 17 12 11 13 28 15 31 18 23 19 28 20 17 25 13 9 8 10 10 10 12 34 13 16 14 38 15 11 16 47 19 25 24 45 6 4 33 9 11 12 25 20 31 23 10 25 42 11 5 37 6 38 9 26 12 24 13 32 14 28 15 44 17 10 18 22 20 44 25 12
7 13 4 19 5 47 8 18 9 37 10 13 11 21 12 41 14 17 16 38 20 38 22 43 24 26 25 20 14 2 50 7 32 9 16 10 37 11 50 12 50 13 10 15 37 16 25 17 42 19 10 21 49 23 25 25 45 8 1 47 2 38 5 30 6 25 9 38 13 11 19 41 20 13 4 10 17 12 29 13 14 14 20 7 1 44 6 12 10 26 12 40 13 24 18 27 22 12 3 7 31 21 25 22 49 6 1 28 2 30 4 19 6 39 18 23 23 37
6 5 5 18 12 26 18 46 19 10 25 43 11 3 25 5 43 6 31 9 21 16 21 17 27 18 39 19 11 20 27 23 44 24 15 14 2 42 3 47 8 23 9 48 10 46 11 29 13 28 14 46 15 42 17 28 19 14 20 26 23 29 25 26 5 3 21 9 14 10 36 16 35 19 17 12 1 46 3 20 4 28 5 42 8 15 9 48 12 45 14 46 16 10 17 46 18 17 23 35 6 1 11 4 18 6 41 18 44 21 31 22 50
6 10 4 14 8 32 10 38 11 47 13 50 15 36 16 36 20 49 21 50 22 47 8 2 29 5 23 14 45 16 10 19 44 21 32 23 33 24 48 13 1 33 4 41 5 17 6 15 7 34 8 42 11 45 12 23 14 18 15 20 16 14 18 37 23 30 8 7 43 10 41 11 13 15 44 17 42 20 18 21 37 23 14 12 1 36 2 16 3 50 4 47 6 12 9 30 11 14 12 26 16 24 17 38 21 21 24 23 4 6 37 16 34 20 17 21 15
3 15 1 38 2 16 3 32 9 28 12 28 14 40 15 30 16 12 17 37 18 23 19 12 21 50 22 49 24 47 25 19 9 1 32 3 40 4 15 10 16 11 11 12 41 16 16 22 34 24 29 5 6 40 12 36 13 45 20 27 22 31
3 15 1 48 2 13 3 35 4 42 9 43 10 46 11 43 15 43 17 45 18 21 20 44 21 28 23 37 24 13 25 31 12 2 47 3 38 7 49 9 43 11 36 13 42 15 12 16 40 18 34 21 31 23 21 24 50 9 1 43 4 23 6 27 10 30 11 42 20 21 22 21 23 32 25 49
8 10 5 41 6 38 9 16 14 14 16 34 18 31 19 44 20 20 23 39 25 25 3 11 28 15 32 17 32 5 3 25 6 50 13 10 18 42 24 24 12 5 19 6 11 7 30 8 24 15 44 17 30 18 29 19 34 20 38 21 17 22 44 23 11 14 3 34 4 31 5 29 6 14 7 39 8 18 15 48 18 24 20 41 21 13 22 44 23 34 24 10 25 49 13 1 47 3 46 6 39 10 40 12 40 14 31 15 23 16 24 19 48 21 47 22 42 24 18 25 50 12 1 39 3 37 6 10 7 36 9 21 11 49 12 11 13 25 17 30 18 19 19 33 20 14 12 1 16 2 11 4 41 5 18 9 14 10 45 14 43 15 36 17 12 19 14 20 37 25 10
7 3 8 32 9 36 25 13 9 5 19 9 31 10 39 11 18 13 32 14 22 17 42 18 13 20 10 3 12 26 18 47 25 42 14 2 16 3 42 4 40 5 16 12 43 13 50 14 41 15 12 18 16 19 28 21 18 22 44 24 10 25 27 13 1 12 2 39 5 32 7 41 8 31 9 47 12 40 15 12 18 33 19 18 20 27 21 36 23 20 14 2 10 3 30 6 22 8 23 9 20 10 30 12 11 13 15 15 32 17 44 18 50 23 11 24 36 25 39 7 1 18 10 22 11 29 15 13 18 41 21 38 24 43
6 3 9 11 11 11 25 37 13 1 17 5 46 6 16 8 21 9 16 10 37 14 26 15 35 17 28 19 20 23 27 24 43 25 38 3 2 43 10 16 24 39 11 2 20 5 22 6 50 7 49 8 40 9 13 13 34 20 26 21 46 24 14 25 32 4 6 32 8 23 13 50 18 49 5 5 19 9 30 10 48 21 23 22 50
8 14 1 13 2 42 6 47 8 42 12 34 13 11 16 22 17 12 19 31 20 45 21 11 22 17 24 25 25 23 10 2 19 4 45 7 45 8 32 10 38 14 26 16 16 20 22 21 41 24 41 6 1 27 9 22 12 43 18 22 22 16 24 28 15 2 32 3 28 6 49 7 11 9 33 10 20 11 45 12 17 13 25 16 41 18 21 20 48 21 26 22 34 25 45 4 4 22 11 30 14 29 22 45 4 4 45 5 45 19 19 20 45 5 4 22 5 18 6 23 13 36 17 33 7 1 22 10 40 12 12 19 42 21 29 22 50 24 40
8 14 2 11 4 35 5 36 6 41 10 34 11 22 15 17 16 10 18 45 19 25 20 41 21 43 22 35 25 43 7 4 12 8 27 15 50 19 23 20 49 22 23 24 11 8 4 30 6 11 7 14 10 10 11 45 12 30 13 20 23 10 4 6 42 9 29 23 48 24 45 11 1 27 2 45 8 23 13 26 14 38 15 46 16 21 17 38 18 42 20 21 22 19 15 1 10 2 16 6 11 7 21 8 43 12 14 15 34 16 37 17 14 18 40 19 40 20 32 22 26 23 42 25 39 8 3 10 4 19 5 14 8 43 10 15 15 43 18 26 22 39 15 1 47 2 42 4 45 5 28 7 41 8 38 9 37 11 28 14 22 16 45 18 41 21 18 22 35 23 15 25 24
4 8 3 49 8 26 9 11 14 12 18 10 19 10 22 42 23 50 6 6 27 8 12 11 25 12 18 15 44 24 24 15 1 10 3 46 7 50 8 38 10 28 11 31 13 41 15 18 17 27 19 23 20 39 21 29 22 37 24 42 25 14 12 1 37 2 32 5 15 7 37 8 10 9 41 15 42 17 32 18 25 21 46 23 13 24 22
3 6 2 21 4 14 5 24 8 45 14 49 24 49 12 1 46 2 40 4 11 7 15 10 15 11 23 12 11 13 46 14 15 16 34 21 22 23 27 14 2 20 5 31 7 32 8 19 9 20 10 11 13 15 15 23 16 29 18 12 20 43 21 24 23 28 24 26
7 9 1 10 3 46 6 42 8 29 12 30 15 44 16 47 18 22 23 10 3 11 50 19 36 23 31 6 3 34 6 30 7 47 13 19 14 37 16 43 15 1 11 3 29 4 30 7 19 9 12 10 38 11 14 12 32 14 43 16 39 17 45 19 17 21 32 22 31 24 25 12 6 40 7 47 11 42 12 11 13 38 17 18 18 26 19 16 21 49 22 28 23 39 24 43 15 1 45 3 33 5 46 6 17 8 32 9 45 10 10 11 15 12 16 15 34 20 19 21 17 22 45 23 38 24 43 11 3 21 4 41 5 49 11 27 15 49 16 39 17 41 18 49 21 12 22 16 25 35
6 11 2 28 3 29 6 18 7 17 11 29 13 32 14 21 17 12 19 18 23 36 24 37 15 3 14 4 23 5 30 6 10 7 25 9 11 10 28 12 47 13 15 15 43 17 28 18 30 21 28 23 26 25 42 7 1 50 4 16 5 45 7 36 8 33 12 48 17 48 10 5 24 6 34 7 12 8 24 10 18 18 27 19 44 20 24 23 35 24 24 15 1 38 2 27 5 50 8 46 9 43 10 38 13 33 15 23 16 36 17 46 19 46 20 41 21 33 22 28 23 31 7 3 39 4 11 7 21 10 42 12 11 13 28 17 14
8 9 2 14 5 16 9 13 12 19 14 21 16 46 17 33 21 42 25 29 8 1 28 2 33 11 40 14 42 19 36 23 47 24 20 25 15 11 2 19 4 31 5 49 7 22 8 32 9 29 10 29 13 42 15 20 20 24 24 14 7 5 11 7 14 10 27 15 35 16 35 21 31 24 10 13 1 39 3 10 4 17 8 26 9 14 10 21 11 46 12 42 13 10 15 36 20 20 21 34 23 41 3 1 37 12 42 20 45 6 10 38 11 20 13 50 20 46 21 18 25 33 10 4 50 7 13 8 46 9 50 10 43 14 38 19 14 22 38 23 25 24 34
6 8 12 35 14 20 17 35 18 11 19 21 20 41 21 50 25 10 12 2 29 3 14 5 46 6 25 7 26 13 37 14 35 16 12 18 34 19 22 23 38 25 47 3 10 15 13 29 20 20 15 1 33 2 14 3 42 4 39 5 25 7 41 8 34 10 22 16 16 18 33 20 48 21 40 23 12 24 49 25 26 14 1 28 3 44 4 23 5 41 6 11 9 40 11 43 14 46 17 50 18 46 20 41 21 21 24 10 25 50 6 2 11 9 41 11 32 14 11 17 20 25 32
4 13 1 12 3 29 4 25 5 10 6 35 7 50 9 49 10 15 11 47 12 13 14 36 19 47 20 18 3 10 13 18 42 20 43 13 1 14 6 22 8 48 10 41 12 23 13 18 14 26 15 23 17 40 19 13 20 30 22 21 24 47 8 1 30 5 42 8 20 9 49 10 21 15 26 18 16 21 50
7 4 16 13 19 36 21 32 24 23 8 3 30 4 18 6 15 8 44 10 18 11 30 15 30 19 27 13 1 23 2 42 4 22 5 12 6 45 9 50 10 20 15 25 18 43 20 33 22 41 23 48 25 39 8 6 22 11 13 15 35 16 48 19 30 21 42 23 28 24 28 8 1 34 3 19 7 25 9 22 14 38 16 28 20 43 22 10 6 2 50 9 15 12 30 14 46 22 36 24 16 6 5 45 8 27 10 49 16 46 17 36 21 12
8 15 1 47 3 34 4 21 5 31 7 18 11 42 12 50 13 31 15 44 16 49 17 27 18 16 21 23 22 11 23 38 10 3 25 7 30 8 14 9 45 15 26 18 20 20 20 21 40 23 42 24 31 3 2 29 9 40 13 42 14 3 10 5 43 6 28 7 42 8 10 9 12 10 20 12 24 13 46 14 33 17 31 18 34 19 47 22 43 7 5 47 6 43 12 22 18 41 19 42 21 28 25 38 5 8 38 12 27 17 12 20 47 22 31 10 2 12 6 14 8 19 10 44 13 19 14 50 16 30 18 40 23 43 24 35 5 4 37 5 41 13 44 17 46 22 45
6 8 1 43 3 21 6 21 7 21 9 11 19 10 21 10 24 39 13 5 42 8 35 9 40 10 33 11 47 13 41 14 10 17 14 18 30 20 10 21 21 22 29 23 40 4 8 38 11 22 12 35 15 24 14 1 11 4 25 7 23 8 46 9 11 10 21 11 22 12 45 13 22 19 26 20 11 23 45 24 44 25 32 8 2 34 10 13 11 28 19 29 20 19 21 16 22 27 24 48 4 8 17 12 25 13 26 14 35
3 10 2 18 4 12 8 16 9 28 12 16 14 17 15 34 18 22 21 36 25 32 6 1 49 5 24 10 28 12 10 19 29 24 14 6 6 25 9 20 11 46 18 44 19 29 24 24
85 158 53 79 95 54 78 48 91 96 90 71 116 101 74 60 100 83 98 61 74 129 133 73 91 70 104 53 69 54 99 75 134 84 74 117 95 99 124 37 67 150 109 45 94 36 103 112 96 121 113 106 71 130 106 79 107 52 49 140 138 111 124 146 72 55 113 96 143 76 50 93 145 78 40
3 3 3 2 1 3 3 3 3 1 2 1 3 1 3 3 1 2 1 3 2 3 2 2 2
# Instance ID: 78
# Total operations: 439
# Actual flexibility: 0.361
# Generated: 2026-02-14 14:26:23
# Format: Extended Brandimarte for MOFJSP (Comparison Dataset)