50 25
3 8 3 18 7 24 8 34 12 26 14 20 20 13 23 50 24 39 13 2 24 5 50 8 17 9 17 10 38 13 15 14 20 15 31 17 15 19 43 20 17 21 16 22 48 12 4 25 5 15 12 22 13 42 14 38 15 20 16 16 17 34 18 40 19 39 20 17 25 30
8 14 1 27 2 26 3 21 4 22 5 43 7 49 9 36 10 40 11 16 19 26 20 19 22 31 23 29 24 41 3 13 39 20 34 21 13 11 1 47 3 49 4 35 8 27 12 47 13 14 15 20 17 26 18 31 22 49 23 35 14 3 49 4 25 6 46 7 46 12 10 13 31 14 47 15 43 17 14 18 18 20 14 22 17 23 28 25 48 5 5 49 6 43 9 15 20 15 24 46 13 1 20 3 32 5 15 6 40 9 28 10 27 14 27 15 34 17 25 21 37 22 43 23 50 24 47 5 6 36 9 41 10 42 11 45 24 46 8 6 20 8 31 10 25 11 21 17 13 21 27 23 14 24 41
4 11 1 47 3 28 6 40 7 48 9 46 10 44 12 20 15 45 17 45 19 34 23 44 13 1 16 4 22 5 40 6 19 9 49 10 23 11 19 12 46 16 12 17 12 18 40 20 18 23 16 6 2 22 4 48 7 42 15 17 16 35 17 41 6 3 12 8 28 9 27 12 43 18 41 21 26
5 4 14 30 17 20 22 12 25 42 13 1 27 3 10 5 31 6 34 7 11 9 35 11 43 13 34 15 26 18 21 19 24 20 29 21 50 11 5 36 7 28 8 26 11 22 13 17 17 28 18 14 19 42 20 16 22 46 24 30 14 4 18 7 36 8 44 9 20 13 46 14 24 16 24 18 41 19 18 20 27 21 12 22 34 23 30 24 32 12 3 32 5 26 6 21 10 45 13 12 15 47 16 42 19 43 21 25 22 39 24 47 25 41
4 11 1 50 2 34 6 25 7 36 9 12 11 29 12 16 13 28 19 29 22 47 24 50 5 2 40 8 24 10 46 12 20 24 50 8 6 20 7 43 8 37 14 21 19 45 21 44 22 30 23 44 8 3 30 7 19 8 47 9 37 10 36 17 27 20 15 24 28
4 9 3 17 4 30 10 23 12 29 13 26 15 17 18 29 21 25 23 48 12 2 40 4 15 5 27 7 15 9 41 11 46 12 11 13 41 14 22 15 26 20 42 25 35 5 7 44 8 41 17 12 18 29 22 13 9 1 38 3 40 6 37 16 49 18 30 20 37 22 27 23 26 25 40
8 13 1 26 7 13 8 26 11 17 12 32 13 23 14 37 15 32 19 50 20 48 21 11 24 28 25 49 3 16 16 20 33 22 29 5 3 38 11 17 17 28 20 48 24 38 10 3 25 5 41 8 15 13 13 16 46 18 17 19 13 22 40 23 30 24 34 13 1 30 2 43 3 50 5 18 6 38 9 48 10 23 12 27 15 36 16 30 20 37 23 29 24 15 5 3 24 6 36 7 22 12 13 13 49 8 4 40 8 12 9 23 11 12 16 30 17 24 19 50 24 22 6 4 15 5 10 18 28 19 47 23 29 24 10
7 6 1 13 5 31 9 35 18 21 20 32 21 36 4 1 23 6 22 16 21 20 14 15 1 39 3 16 4 30 8 29 9 42 11 29 12 17 13 14 14 22 15 50 17 10 20 18 21 24 22 25 25 19 12 4 16 5 48 6 19 12 32 15 13 16 47 17 48 18 16 19 41 20 17 22 33 24 36 10 4 40 5 23 6 16 8 11 11 13 12 49 15 30 19 30 20 12 22 23 14 1 37 3 16 4 40 6 15 7 50 10 46 11 22 14 14 15 31 16 17 17 37 20 50 22 35 23 29 3 3 22 9 23 13 36
6 10 3 15 6 24 7 17 10 46 12 11 15 37 16 19 20 27 22 29 24 10 7 4 42 8 25 15 39 16 21 18 38 21 50 25 13 7 1 27 3 49 4 23 5 45 9 10 16 11 21 45 12 1 26 9 16 12 22 13 34 14 16 15 13 16 32 20 49 21 50 23 11 24 19 25 43 3 2 16 5 47 9 31 4 4 48 11 27 17 36 20 40
6 12 2 40 3 34 6 48 7 41 11 20 12 14 13 11 14 35 16 33 18 27 24 24 25 37 5 7 31 9 11 10 26 16 17 25 13 6 5 23 6 33 7 33 8 15 9 46 19 38 9 2 15 8 30 11 33 12 22 16 31 17 29 18 32 22 42 23 38 10 2 21 3 32 5 33 9 33 10 22 11 18 15 46 18 13 19 44 20 46 14 1 27 3 33 4 39 6 27 11 35 13 30 14 31 16 44 18 44 19 34 20 39 21 47 24 39 25 42
5 10 2 26 5 49 6 13 7 29 9 22 12 28 15 46 19 23 23 30 25 12 5 1 26 6 15 14 43 18 36 19 25 9 7 11 8 41 10 11 12 49 15 10 19 50 23 10 24 29 25 48 4 4 50 5 43 6 13 9 27 11 4 18 8 20 10 25 11 10 13 41 15 31 17 19 19 37 21 31 24 42 25 18
5 14 1 18 2 16 3 27 4 49 5 28 6 12 7 37 10 47 14 45 16 43 17 24 20 32 21 18 24 10 3 15 34 18 43 22 40 15 2 14 3 50 4 37 6 41 8 21 9 35 10 22 11 19 12 30 17 13 18 22 20 20 23 30 24 11 25 41 5 2 47 3 43 16 26 17 36 25 48 13 2 18 3 35 5 18 6 24 7 38 16 35 17 20 18 46 19 34 20 30 21 30 22 43 23 15
6 10 4 25 5 29 9 27 10 41 12 44 13 25 17 21 19 35 22 20 23 26 12 2 24 3 35 7 29 9 39 10 36 14 29 16 25 17 46 20 10 21 31 23 41 24 29 13 5 15 6 47 7 12 8 48 9 23 12 39 14 10 15 25 19 10 21 32 22 10 23 15 25 12 9 3 43 4 16 6 37 11 42 13 36 15 28 18 39 20 18 24 12 11 3 18 5 22 6 18 7 44 12 17 13 18 15 43 16 22 22 16 23 42 25 26 7 5 21 10 18 11 34 12 29 13 48 17 39 19 14
7 3 3 29 15 21 22 17 10 2 45 3 14 4 42 5 26 10 39 12 45 17 37 21 19 24 16 25 42 3 2 36 7 44 12 21 8 7 46 8 34 11 36 14 19 16 17 18 48 19 11 24 15 4 6 40 9 49 10 49 16 49 9 1 44 5 19 6 43 7 49 8 49 10 13 13 44 16 31 24 41 7 2 34 3 13 7 42 9 38 10 21 12 31 19 41
6 8 1 21 2 29 3 19 9 39 11 43 12 28 22 45 23 17 12 3 46 6 18 8 40 9 38 10 47 11 49 12 33 13 28 15 18 17 12 21 19 23 33 15 1 31 6 23 8 19 9 29 10 20 11 28 12 50 15 46 16 28 17 19 18 10 19 50 20 48 22 36 25 20 8 3 23 6 50 8 15 9 33 11 47 15 45 16 35 21 34 9 3 41 7 24 9 18 13 42 14 42 15 42 19 35 20 19 23 32 11 1 20 3 46 5 48 6 16 7 39 9 18 10 28 17 28 22 11 24 14 25 27
7 14 1 45 5 16 6 44 8 16 10 33 12 13 15 28 16 47 19 40 20 44 21 16 22 25 24 27 25 34 13 3 39 5 50 6 48 8 27 9 20 10 11 11 15 15 36 16 25 17 17 18 33 19 47 20 46 15 2 49 3 41 4 40 6 40 8 42 9 49 11 28 12 32 13 16 14 10 17 13 18 39 19 28 23 38 24 16 9 1 18 3 29 7 39 9 46 10 46 15 23 19 48 21 32 25 36 4 11 32 13 49 16 26 19 47 8 1 24 4 24 7 16 8 44 9 39 18 31 19 22 20 31 10 1 29 6 38 7 11 9 37 10 38 14 26 15 40 17 17 23 37 24 49
5 8 2 44 4 31 14 10 15 41 16 41 18 26 21 18 25 17 8 5 10 8 44 12 20 14 23 15 11 18 13 20 40 25 29 14 1 17 3 26 4 35 5 36 6 32 9 16 13 44 14 45 15 19 20 18 22 20 23 21 24 37 25 14 8 1 47 10 50 13 32 14 18 15 19 19 31 21 26 23 16 10 1 25 5 40 7 30 9 21 10 50 18 25 19 14 21 48 22 31 24 22
3 4 6 16 20 12 22 36 25 45 7 3 17 6 47 11 40 14 38 15 48 17 44 22 12 8 1 16 2 16 7 46 8 50 9 30 20 37 22 48 23 31
8 11 1 29 2 17 4 34 5 37 9 38 11 18 13 12 14 14 15 40 16 11 24 40 15 2 23 3 13 4 38 5 16 6 24 7 26 9 36 12 44 14 21 15 31 16 43 19 13 23 17 24 48 25 50 7 3 21 13 12 14 33 15 50 16 47 22 22 23 43 3 2 34 5 15 16 30 9 1 27 3 29 4 42 7 22 9 45 12 27 13 41 14 11 16 14 4 11 26 22 43 23 47 25 11 13 2 19 4 43 5 11 11 29 15 37 17 33 18 45 20 34 21 27 22 11 23 48 24 26 25 13 8 5 43 6 36 10 18 13 30 18 21 22 35 24 40 25 32
5 6 2 42 10 35 20 12 21 14 22 25 25 41 7 2 49 3 47 6 38 15 16 17 46 18 11 21 38 4 4 27 14 12 19 45 22 26 6 1 23 10 20 11 49 13 43 15 17 23 42 10 3 12 4 13 5 29 7 13 8 27 10 12 15 49 21 40 23 23 25 16
5 3 3 45 4 43 9 29 15 2 29 3 15 4 21 6 12 7 40 9 26 11 17 12 16 13 22 15 18 17 43 19 27 21 20 22 44 25 36 7 1 48 2 18 5 11 12 35 13 47 19 18 25 40 8 1 42 4 30 7 26 8 33 9 32 10 11 18 20 20 33 14 1 34 2 47 3 36 4 47 5 14 6 31 9 50 13 46 14 15 15 28 16 10 21 29 22 47 24 21
4 11 2 27 6 32 11 18 13 32 15 24 16 14 19 20 21 14 22 44 24 24 25 14 12 2 34 3 47 6 13 7 29 9 33 13 28 16 33 18 48 20 20 21 10 22 43 25 42 4 9 38 13 28 18 29 23 46 11 1 48 2 36 4 43 9 13 11 34 13 34 14 37 16 37 18 24 20 20 22 12
4 9 1 20 11 40 12 31 13 24 19 42 20 23 21 34 22 25 25 30 8 1 50 13 48 14 22 18 34 19 15 20 10 21 11 25 15 10 1 31 3 41 5 32 11 28 13 45 16 24 18 50 21 11 22 29 24 26 6 3 27 10 18 11 31 14 35 20 18 22 16
4 12 2 26 3 18 5 45 8 42 9 21 10 41 11 35 13 14 14 25 16 15 20 39 22 31 3 19 10 21 44 22 10 3 2 10 13 31 21 12 3 6 37 21 49 23 26
8 6 3 31 6 39 7 11 8 34 11 32 22 12 12 1 35 3 29 10 28 11 43 16 24 17 45 19 24 20 13 21 22 22 24 24 35 25 15 13 3 50 4 16 5 36 6 18 11 49 12 27 13 43 16 21 17 23 19 43 20 19 23 28 24 24 3 8 36 18 24 24 49 5 7 25 10 49 13 49 19 24 24 29 12 1 38 4 42 6 10 9 47 11 38 15 14 17 25 18 17 19 38 20 27 21 41 23 46 4 10 49 13 37 17 12 19 11 10 3 47 4 35 5 36 7 26 10 47 13 17 14 21 15 34 19 50 20 13
4 13 1 19 6 42 8 44 9 39 10 32 12 42 13 10 14 13 16 16 19 27 21 29 24 39 25 37 5 4 46 6 24 8 39 18 48 21 34 8 1 44 2 49 3 29 10 29 12 49 17 12 22 48 24 24 13 1 34 3 23 5 38 6 23 8 30 9 21 10 38 11 24 12 50 13 28 14 22 18 24 19 27
7 10 1 10 2 44 5 10 8 32 12 35 13 43 21 12 22 18 23 43 24 33 6 4 28 9 28 10 48 15 14 16 20 25 42 8 2 28 3 39 10 17 14 39 17 50 20 43 23 35 25 17 8 5 27 8 11 9 37 11 13 13 26 21 25 22 40 23 44 5 4 50 6 15 15 40 23 20 25 17 12 1 35 2 37 5 38 7 23 11 28 12 47 13 10 15 48 16 13 18 11 19 27 23 38 10 3 39 10 44 13 17 14 40 16 37 19 39 20 26 22 48 23 48 25 38
6 9 4 22 10 35 14 38 15 25 16 37 17 25 20 22 22 24 25 25 7 1 28 3 28 6 44 18 48 19 34 20 33 25 47 11 1 30 2 29 3 16 4 44 5 41 8 23 10 12 16 44 17 31 18 33 23 50 13 2 28 6 17 9 46 12 30 13 31 14 14 17 33 18 16 19 39 20 18 21 10 22 15 24 22 8 2 25 4 10 8 46 15 27 18 37 20 48 24 20 25 35 12 1 31 2 50 4 10 5 30 6 31 12 48 14 49 18 34 19 47 20 38 21 23 22 40
3 15 1 36 2 24 3 30 5 14 7 36 8 17 9 50 10 28 12 13 13 32 15 32 18 36 19 42 21 28 24 20 12 6 32 8 22 11 47 12 35 13 47 15 39 17 41 19 20 20 25 21 20 22 34 24 28 4 3 22 17 27 18 38 22 12
5 3 5 47 7 26 11 37 11 2 38 7 38 9 20 11 18 12 29 14 21 19 44 20 43 21 50 22 29 24 11 10 1 32 2 12 4 38 9 19 13 33 16 42 17 49 21 41 22 40 24 28 15 1 16 2 24 4 10 7 49 9 16 10 45 13 27 14 32 15 14 17 27 19 23 21 10 22 47 23 14 25 20 13 4 13 6 33 9 31 10 13 12 27 13 19 16 27 17 35 18 15 20 41 22 45 24 43 25 20
7 9 2 24 6 37 13 35 15 39 19 19 20 22 22 40 24 26 25 39 14 1 42 2 46 5 10 6 20 7 10 9 17 10 22 13 36 16 31 17 28 18 44 20 43 21 22 22 33 12 2 45 3 39 8 14 11 23 12 33 14 12 17 31 19 30 21 20 22 10 23 40 24 12 6 1 45 9 23 12 12 21 25 22 13 25 31 5 5 35 7 28 12 29 13 25 21 22 15 2 19 3 27 4 25 5 15 9 18 10 38 12 30 13 33 15 39 16 33 18 35 20 38 22 47 23 25 25 38 14 2 26 4 22 6 23 10 44 12 33 13 26 14 32 15 46 16 50 17 49 21 49 22 49 23 30 25 30
3 14 1 37 2 38 3 29 5 33 10 39 11 41 14 14 15 48 16 17 17 47 19 24 20 23 21 42 23 22 4 8 43 10 44 18 28 22 45 9 3 10 8 23 11 39 13 44 17 31 18 45 21 30 22 41 23 24
7 15 2 39 3 26 4 14 5 50 7 41 9 35 10 21 12 11 14 44 16 14 17 46 18 20 21 11 23 30 25 41 11 1 24 2 29 5 49 6 44 10 40 12 36 21 23 22 20 23 18 24 44 25 34 15 1 17 2 11 4 30 5 12 6 47 8 29 10 46 11 40 15 38 16 19 17 33 18 29 19 13 21 19 25 47 12 2 31 5 48 6 16 8 11 10 18 17 38 18 26 20 44 21 50 22 49 23 40 24 33 5 4 49 7 34 10 37 13 18 14 44 12 1 18 3 38 7 48 8 18 9 20 14 14 15 22 17 11 20 14 23 40 24 21 25 23 10 2 37 4 20 6 50 8 30 9 32 10 21 19 42 20 11 21 16 24 45
7 5 2 47 3 11 5 30 15 31 23 27 7 4 46 7 43 9 24 16 39 19 29 22 18 23 39 12 2 37 4 37 7 11 8 44 9 41 10 33 11 35 15 34 18 21 22 31 23 32 24 37 4 1 30 4 45 5 24 17 48 3 9 48 11 48 25 19 14 1 26 4 43 5 41 6 27 7 15 8 14 11 14 12 36 13 41 14 47 16 35 17 32 18 20 20 29 6 6 28 7 36 9 38 11 29 13 11 23 15
5 6 6 16 9 21 16 20 18 36 21 14 24 16 5 8 36 9 49 15 48 17 47 22 11 4 8 38 9 47 16 25 22 21 7 6 21 7 50 8 49 9 39 11 41 13 22 18 27 10 1 34 6 43 7 25 10 45 12 20 14 13 17 31 19 23 20 21 24 19
6 9 1 44 9 38 12 22 13 22 14 29 15 48 16 20 22 48 24 16 14 1 42 3 35 5 31 7 33 8 41 9 12 10 49 12 16 16 40 17 28 19 14 20 50 21 48 23 34 4 2 33 9 12 10 25 21 43 10 1 17 6 19 10 33 12 24 13 19 15 28 17 13 20 38 24 29 25 23 9 3 40 7 15 10 41 11 19 12 34 14 38 17 44 20 43 22 41 3 14 13 15 41 25 10
4 6 2 19 8 39 14 26 20 50 21 41 24 36 11 1 23 2 43 3 25 4 23 6 25 10 46 12 30 13 38 16 43 19 21 21 33 3 2 24 7 38 21 20 8 1 24 5 45 10 50 13 10 16 10 18 17 19 15 22 25
8 10 1 28 2 19 3 27 4 25 16 15 17 36 18 24 19 26 23 13 25 45 12 4 50 5 29 9 43 11 18 12 15 15 26 16 40 17 27 20 42 23 26 24 15 25 18 6 1 13 6 30 9 10 15 49 17 14 22 50 7 4 37 5 27 7 25 8 30 13 17 14 33 25 25 9 3 12 4 42 6 21 11 39 19 28 21 42 22 15 24 13 25 27 7 1 28 8 33 10 14 16 47 17 42 20 26 24 27 5 5 40 9 30 11 42 17 17 24 26 12 3 36 4 35 5 25 8 37 11 34 13 21 14 23 16 45 17 32 19 25 20 50 25 29
6 3 3 41 5 25 18 40 9 1 15 3 38 5 28 6 32 7 23 8 23 11 16 15 27 16 32 6 2 44 3 15 6 28 12 44 18 23 24 21 3 5 49 13 40 19 42 7 1 10 2 15 6 24 13 22 14 32 20 38 25 38 8 2 36 3 47 8 25 10 46 13 21 19 35 22 44 24 31
8 13 1 42 2 12 3 39 6 19 7 40 8 15 10 37 11 44 15 25 18 32 20 13 21 19 25 49 12 1 33 3 35 9 17 10 40 11 10 12 33 14 50 15 36 16 26 17 10 20 35 24 42 13 2 34 4 13 5 16 6 25 12 10 13 46 14 37 15 29 17 35 20 38 22 45 23 42 25 40 7 5 24 6 26 9 42 10 35 12 37 22 47 25 50 10 2 40 3 39 4 48 12 32 13 16 16 22 18 22 22 21 23 26 25 30 6 6 15 7 20 11 49 20 17 22 50 24 48 15 2 12 3 38 5 36 7 26 8 40 11 15 12 38 13 22 15 25 17 18 18 25 19 35 20 42 21 33 24 17 14 1 19 2 14 3 13 4 27 5 27 9 41 10 34 11 44 13 22 14 43 17 31 20 45 22 13 25 30
5 12 1 47 2 12 3 44 5 48 6 38 8 17 10 39 16 14 18 22 19 31 22 36 23 19 10 3 26 5 13 6 28 7 22 8 50 9 34 10 33 11 16 13 16 25 20 6 1 21 2 26 3 24 12 28 15 12 17 36 10 3 32 8 11 9 40 11 28 15 21 17 12 18 47 20 14 22 26 23 15 14 1 24 5 50 7 25 8 49 11 44 12 30 13 44 14 25 17 26 18 11 19 40 20 31 21 34 23 34
5 4 4 22 8 40 22 43 25 29 6 2 18 6 46 7 21 9 44 13 35 23 15 7 3 20 6 49 12 44 15 47 19 37 21 47 25 35 4 12 13 17 21 21 43 24 45 10 1 32 5 48 7 28 11 37 14 49 16 37 20 12 21 25 23 22 24 16
5 15 2 22 3 44 4 32 5 37 8 50 9 25 10 46 13 12 19 39 20 31 21 50 22 19 23 30 24 10 25 24 10 1 37 8 35 11 30 13 23 14 44 16 27 18 27 21 21 22 37 25 50 13 1 42 2 42 3 41 5 14 8 17 9 38 11 13 18 21 19 22 21 50 22 22 23 47 24 21 4 7 12 12 25 16 10 18 41 7 6 11 15 48 17 50 18 35 22 50 23 43 25 12
3 10 5 31 6 10 7 25 8 45 12 35 13 44 17 18 19 38 20 34 23 11 12 1 39 5 22 6 37 8 27 10 40 11 40 17 15 19 32 20 11 22 18 23 38 25 24 5 2 49 5 28 6 32 8 45 9 17
8 3 12 43 18 32 25 42 5 8 42 9 45 11 16 16 45 19 26 10 7 37 8 20 10 37 13 33 15 13 17 41 18 36 19 26 23 49 25 23 12 1 33 2 29 5 32 6 26 7 16 9 26 14 49 16 16 18 16 19 35 23 42 25 47 15 1 18 2 46 4 18 7 39 9 23 10 11 12 19 14 48 16 27 17 31 18 41 20 44 21 28 23 49 24 25 3 9 20 20 14 23 34 8 1 11 2 50 4 45 7 15 8 16 12 47 19 40 21 38 9 2 47 4 27 6 18 9 46 12 18 14 15 15 40 20 30 23 48
6 3 7 12 20 17 23 23 11 3 18 5 36 7 22 8 40 9 41 10 24 11 27 15 25 17 12 19 22 21 31 7 7 28 9 22 11 41 12 11 16 35 22 46 25 33 13 3 33 4 10 9 10 10 35 11 10 12 13 14 12 15 20 16 18 19 33 20 45 22 31 25 34 9 1 30 5 36 7 50 9 28 14 33 15 18 16 49 18 34 23 38 14 1 39 3 38 5 25 6 29 8 30 9 16 10 25 13 11 17 18 18 30 20 36 22 18 23 35 25 12
6 11 2 40 3 47 7 26 8 36 9 45 12 28 16 49 19 31 20 25 21 22 23 13 15 1 41 2 41 3 41 4 39 5 30 6 39 8 35 10 24 11 34 12 50 13 10 14 14 18 43 19 40 21 18 14 1 11 3 35 4 25 5 24 8 33 11 33 12 38 13 45 14 33 15 10 17 24 18 45 19 46 23 29 7 4 15 6 13 14 19 19 33 23 27 24 44 25 43 8 3 17 5 43 11 34 12 16 15 47 18 33 23 50 25 41 4 4 39 9 47 10 26 23 30
7 6 1 18 4 19 5 16 7 33 8 17 10 39 8 4 16 5 19 8 13 10 47 12 30 13 18 18 11 19 31 12 3 30 6 30 7 33 9 45 10 28 15 41 16 17 17 25 19 25 21 34 22 17 24 24 12 1 39 3 10 6 23 7 21 12 37 13 15 16 46 17 42 21 48 22 12 23 35 24 38 6 13 24 17 21 19 36 21 48 22 18 23 43 3 5 19 6 49 16 45 13 2 37 4 13 6 26 10 42 12 31 15 32 17 36 19 41 21 25 22 48 23 33 24 24 25 45
7 10 3 22 7 37 9 47 13 14 15 16 18 39 20 50 22 33 24 33 25 39 13 1 12 2 25 3 30 5 36 7 23 8 12 9 50 14 40 15 41 18 22 23 46 24 19 25 29 15 1 24 2 50 4 46 6 18 7 50 11 17 12 11 13 16 14 49 15 46 17 39 19 25 20 39 22 46 24 17 8 5 49 10 25 11 35 15 23 17 21 21 45 22 10 25 33 13 3 44 4 48 5 47 6 29 7 25 11 24 12 38 13 46 15 34 16 18 17 42 21 41 25 39 14 2 40 3 44 4 41 5 39 6 35 7 49 12 47 16 13 18 20 19 14 20 10 21 41 22 27 23 30 7 4 28 8 37 10 23 12 40 15 18 19 49 25 11
7 12 2 14 3 10 6 30 7 35 12 35 13 19 14 45 17 25 19 11 22 38 23 23 25 24 11 2 18 3 45 5 20 6 18 9 30 12 21 14 42 15 19 17 50 24 17 25 30 4 4 12 7 26 18 29 23 19 6 4 42 8 26 9 12 12 40 18 31 20 50 12 2 46 3 43 6 39 7 46 9 10 10 16 14 41 15 16 19 28 21 22 22 44 23 32 12 3 11 4 29 10 22 12 15 13 48 14 45 16 11 17 47 18 47 19 25 20 40 24 33 13 1 19 4 27 5 18 7 48 8 48 9 10 11 23 12 41 13 21 15 24 17 21 18 16 23 12
48 105 54 64 72 48 101 90 77 85 96 79 101 129 104 88 84 46 126 92 80 60 52 55 104 67 115 119 55 77 107 56 117 124 68 90 54 133 84 103 66 91 80 54 98 86 91 120 118 138
1 3 3 3 1 3 3 2 1 3 2 3 2 1 2 3 2 2 3 1 3 3 2 1 3
# Instance ID: 69
# Total operations: 282
# Actual flexibility: 0.358
# Generated: 2026-02-14 14:26:22
# Format: Extended Brandimarte for MOFJSP (Comparison Dataset)