20 10
3 6 1 23 2 43 3 33 5 29 8 28 10 30 4 1 47 3 20 5 49 8 32 5 1 45 3 41 7 25 9 34 10 44
6 2 2 16 7 35 2 2 46 4 28 2 3 45 7 36 3 4 30 5 33 7 50 1 6 42 5 4 41 7 39 8 28 9 38 10 20
6 2 5 10 7 44 3 2 34 3 47 8 36 4 1 24 4 18 5 49 7 49 5 1 25 2 20 3 46 5 50 7 40 6 1 45 2 42 4 22 5 20 6 39 9 33 6 2 18 3 28 4 14 6 11 8 23 9 46
8 4 2 21 4 39 8 42 10 17 5 3 14 4 10 6 12 8 36 10 43 4 2 44 3 17 7 48 10 44 6 1 28 6 35 7 12 8 33 9 35 10 42 6 1 47 2 17 3 20 7 33 8 36 10 31 2 4 23 8 26 1 6 14 4 3 28 4 38 5 31 8 38
7 6 1 43 2 28 5 11 6 24 7 33 10 46 3 3 46 5 50 10 29 4 3 18 5 19 6 48 8 28 4 1 23 4 47 5 29 7 19 5 1 43 5 35 6 40 8 49 9 20 3 3 43 6 33 9 34 4 2 40 3 34 8 10 9 14
8 3 4 24 5 19 10 27 5 2 46 4 50 6 10 7 43 9 24 6 1 31 4 42 6 14 8 27 9 45 10 44 6 1 25 2 25 4 26 5 21 6 25 9 24 6 1 27 3 15 5 22 7 14 8 18 9 43 3 1 25 4 47 9 47 4 1 50 2 14 3 22 8 40 1 8 15
7 4 2 41 4 29 5 46 10 10 5 2 22 6 47 7 50 8 49 10 39 1 5 36 5 3 40 5 42 8 28 9 29 10 26 5 4 42 5 29 6 50 8 38 9 17 2 1 30 8 42 4 1 37 3 29 8 16 9 38
8 3 3 16 4 24 9 23 3 5 43 6 40 9 16 6 2 35 3 20 4 20 5 49 6 20 8 30 5 2 40 3 29 5 33 7 19 8 29 3 6 29 8 37 10 46 4 1 36 7 32 9 18 10 39 3 1 26 4 28 9 33 1 6 37
5 4 4 23 6 49 7 42 9 38 3 2 20 4 30 10 40 6 1 41 4 25 6 27 7 48 8 47 10 34 1 2 13 6 1 40 3 18 4 14 5 30 6 36 10 19
6 2 5 46 10 22 5 2 44 3 26 4 45 5 43 8 28 6 1 33 2 38 3 23 6 21 7 30 9 39 2 6 31 8 22 6 1 37 2 35 4 41 5 13 8 43 10 13 5 1 30 5 44 6 41 7 28 9 46
3 3 2 45 9 17 10 44 2 2 46 9 39 5 2 39 3 38 4 19 7 31 8 14
7 2 6 39 10 43 6 1 49 3 34 5 11 7 10 9 24 10 30 4 3 30 4 44 5 39 9 22 5 2 23 3 29 4 21 6 16 7 11 5 1 14 3 30 5 30 8 24 10 23 2 3 37 5 27 2 4 11 6 18
7 4 1 23 2 34 4 13 7 38 4 4 34 7 47 9 17 10 15 2 9 17 10 20 2 2 48 8 32 6 1 33 2 40 4 26 5 42 6 17 7 39 1 1 34 4 2 29 3 14 6 37 7 29
3 2 2 40 7 11 3 1 25 3 21 6 46 1 3 43
8 2 3 12 8 13 5 4 20 5 36 6 21 9 21 10 43 2 3 17 6 20 1 8 23 3 5 49 6 30 7 11 1 6 11 4 1 44 3 34 7 48 10 43 2 2 10 3 32
7 2 2 14 7 17 4 2 48 7 50 8 10 10 29 4 3 44 5 33 8 49 10 16 4 2 42 3 18 4 19 8 24 6 1 25 2 24 3 26 5 21 7 29 10 31 6 2 37 3 33 5 19 7 47 8 12 9 34 6 1 25 2 20 3 35 4 30 7 10 10 46
5 4 4 46 6 35 8 38 9 23 4 1 27 5 42 8 31 10 31 2 5 41 6 45 4 1 33 2 37 5 11 6 44 2 2 39 4 17
6 1 9 28 2 5 38 6 37 5 2 22 3 19 4 24 5 11 9 22 6 3 13 5 44 6 33 7 44 9 24 10 43 2 3 16 6 20 6 3 22 4 27 5 13 7 35 9 28 10 34
3 5 2 29 3 10 7 14 8 26 9 45 6 1 19 2 40 4 20 5 25 8 35 9 20 6 1 24 2 27 3 18 4 35 7 17 10 47
6 6 2 30 3 10 4 50 6 17 8 43 10 29 5 2 29 4 17 6 44 8 49 9 39 2 2 27 6 12 4 2 47 4 20 5 41 8 28 2 2 15 9 48 5 4 37 6 36 7 13 8 50 10 16
41 101 106 134 109 122 117 130 79 98 44 101 130 39 150 111 81 80 45 91
3 1 3 1 1 2 2 3 3 1
# Instance ID: 26
# Total operations: 119
# Actual flexibility: 0.376
# Generated: 2026-02-14 14:26:22
# Format: Extended Brandimarte for MOFJSP (Comparison Dataset)