40 20
3 7 2 20 4 14 5 34 8 18 10 40 12 33 14 39 6 1 17 2 49 6 24 8 37 14 45 18 49 8 1 24 4 50 5 32 6 20 10 25 12 30 14 43 16 50
3 7 1 38 7 28 8 47 10 14 12 35 14 49 17 43 4 11 16 14 22 19 48 20 37 3 10 17 11 50 16 10
7 7 5 43 6 47 7 47 9 23 11 22 19 25 20 31 10 3 27 5 11 7 43 9 27 10 38 12 39 14 19 15 40 17 49 18 38 5 1 14 5 29 15 10 16 11 17 28 9 2 42 4 43 7 31 8 38 9 31 16 19 17 27 18 33 19 20 4 2 15 6 17 10 43 13 13 11 2 33 3 46 5 29 6 37 9 25 11 22 12 25 13 45 15 16 17 40 19 46 11 1 13 2 31 5 24 7 22 8 39 9 13 10 17 14 48 15 50 16 25 17 34
8 6 3 26 11 50 14 23 15 36 17 26 20 37 5 2 31 10 21 12 14 13 47 19 12 12 1 36 4 13 5 42 6 25 8 11 9 38 12 25 13 31 16 27 18 36 19 13 20 10 10 2 34 6 27 7 26 9 48 13 19 14 30 15 31 16 46 18 24 19 25 7 7 13 9 10 10 18 11 21 13 10 17 49 18 38 9 3 33 7 49 8 31 9 46 11 36 12 18 13 50 15 40 18 26 5 4 44 5 25 7 28 8 25 10 50 10 1 33 6 40 7 32 8 24 9 48 10 14 11 34 14 48 15 16 18 22
5 12 2 49 3 42 4 27 7 43 8 16 9 17 12 39 13 19 16 19 17 31 18 17 19 21 8 3 29 4 37 10 50 12 13 13 50 16 34 17 24 18 48 11 1 49 3 50 4 48 5 25 6 49 7 50 11 35 12 13 17 13 18 41 19 45 12 1 18 2 12 3 39 4 32 7 14 8 17 9 25 11 29 13 45 18 37 19 31 20 38 12 1 41 2 24 3 20 4 45 5 15 8 30 13 49 14 50 15 30 17 29 18 23 20 14
5 5 1 10 9 49 14 28 16 10 20 29 6 2 47 3 33 4 43 10 39 15 24 18 36 3 8 12 9 33 14 15 6 2 46 4 33 6 23 12 21 15 38 20 46 4 6 17 8 36 17 41 18 17
5 9 3 15 5 28 6 28 9 18 13 25 14 24 15 32 19 19 20 16 8 2 41 5 29 6 35 7 43 13 40 14 46 18 18 20 41 4 3 24 12 39 18 13 19 23 8 1 16 5 39 9 42 11 36 15 40 16 49 19 24 20 49 6 3 11 8 18 10 13 11 23 14 30 16 20
8 4 2 17 4 26 10 36 18 43 4 8 14 18 23 19 43 20 37 6 5 18 7 27 10 48 11 22 12 41 19 17 3 4 35 9 21 15 45 8 1 27 3 11 4 24 5 49 7 39 8 35 17 18 19 17 4 1 49 14 12 17 27 18 25 11 1 34 2 19 3 26 4 28 5 14 10 43 14 30 15 11 17 14 19 36 20 36 7 1 31 3 34 11 43 12 15 14 14 16 24 17 26
8 6 3 16 6 26 8 47 11 24 14 48 18 18 11 3 20 4 27 5 38 6 16 7 48 8 24 12 46 13 16 17 36 18 30 20 20 10 1 28 4 43 5 12 7 10 11 20 15 32 16 28 17 10 18 37 19 27 9 3 30 8 24 12 20 14 46 15 17 16 18 17 23 18 50 19 34 8 4 10 5 11 9 14 10 33 11 49 14 10 16 23 18 45 5 1 18 2 42 6 24 8 29 9 22 9 1 12 4 34 9 37 10 46 11 30 12 45 13 13 14 28 19 49 7 1 33 7 14 10 31 13 39 14 16 17 41 18 46
7 5 1 27 2 46 5 18 7 44 8 27 7 2 20 10 49 11 42 14 19 16 44 19 11 20 22 10 1 43 2 46 6 40 7 40 9 48 15 13 16 24 17 37 19 26 20 48 9 4 43 5 48 7 20 10 42 14 37 15 46 18 41 19 47 20 39 12 3 15 4 30 6 18 8 35 10 12 11 33 14 39 15 47 16 28 17 45 18 14 20 30 10 1 39 2 33 4 14 5 21 6 26 11 33 12 41 14 25 16 40 17 46 11 1 43 2 41 3 13 4 38 5 43 9 46 11 34 13 14 15 40 17 43 18 25
3 5 2 33 4 38 5 24 12 20 19 21 5 2 15 5 39 6 32 8 28 13 19 9 1 15 6 18 7 27 10 19 11 23 14 29 17 45 19 22 20 49
7 3 3 27 14 31 17 35 10 1 47 3 28 4 45 5 28 12 40 15 38 16 15 17 27 18 35 19 40 6 2 38 4 12 5 17 7 43 16 23 19 20 10 1 27 4 25 5 26 7 15 8 44 9 43 10 17 11 33 12 50 14 38 9 2 31 3 48 5 45 7 18 9 15 12 46 16 29 17 17 20 33 4 8 36 14 15 16 45 17 49 3 10 10 12 50 18 24
7 3 5 24 7 33 12 30 8 1 30 6 36 7 11 12 10 13 50 15 36 19 28 20 18 3 5 33 6 46 20 41 6 2 15 13 12 14 34 15 11 18 16 20 15 6 1 20 5 25 6 32 7 29 8 24 11 22 10 1 40 3 29 7 16 9 21 11 15 13 35 14 24 15 42 18 20 19 26 8 6 41 8 19 10 27 11 44 13 26 15 23 18 46 19 37
8 3 13 13 19 39 20 47 6 1 50 3 11 4 39 6 14 12 50 19 13 11 2 33 3 22 6 50 7 19 9 13 10 49 11 20 12 45 14 24 16 33 18 25 7 1 44 3 10 5 13 6 36 9 26 11 43 16 36 4 7 21 11 27 15 35 19 49 9 6 46 7 46 9 36 10 42 11 10 13 16 14 21 17 36 20 34 12 2 29 3 19 5 45 7 21 8 44 10 15 11 42 12 22 15 19 18 31 19 33 20 15 5 3 38 6 20 13 48 16 39 20 21
5 4 1 37 8 11 13 20 14 18 12 1 28 2 10 3 23 5 29 8 16 12 40 13 36 14 10 15 49 16 41 17 17 18 22 10 1 27 5 19 7 12 8 44 13 37 14 35 15 29 16 41 17 43 20 36 6 1 14 8 19 9 18 12 34 19 48 20 29 4 8 22 9 17 11 42 20 40
4 3 2 20 12 19 18 14 9 1 28 5 50 6 11 8 41 9 28 12 46 17 22 19 43 20 25 7 3 18 5 42 6 41 8 27 11 29 14 11 18 18 12 1 46 2 16 3 36 4 30 5 42 7 12 8 34 10 26 17 23 18 50 19 42 20 33
3 8 2 43 3 11 4 30 5 42 12 25 13 10 14 49 17 38 9 1 40 6 24 7 16 8 45 10 44 13 31 14 49 19 25 20 39 10 1 25 6 22 7 20 8 27 9 50 10 25 11 22 12 30 15 11 20 35
8 12 1 41 3 15 5 21 6 40 7 44 8 10 9 35 10 34 12 26 17 29 18 45 19 33 9 6 30 7 17 9 19 12 40 13 13 16 16 17 16 18 43 20 23 9 1 30 2 31 8 29 11 32 12 36 13 31 14 16 16 31 19 27 4 6 14 8 29 9 30 14 11 12 1 15 2 50 4 10 5 16 6 17 8 46 9 11 10 32 13 12 15 29 16 29 17 20 11 1 24 2 31 4 32 7 16 9 47 10 41 11 19 12 35 14 22 16 28 17 27 8 6 18 7 30 8 44 9 26 10 32 11 47 12 41 14 18 5 2 34 3 11 4 11 12 18 20 37
5 11 2 21 7 13 8 18 10 47 12 39 14 35 15 25 16 38 17 38 19 31 20 32 8 4 38 7 15 8 15 10 35 14 20 15 32 16 22 20 31 5 5 46 6 15 8 44 13 40 18 50 12 2 30 3 43 4 34 6 19 7 11 8 40 11 14 15 23 16 43 17 46 18 26 19 40 10 2 23 4 27 5 15 6 16 10 21 11 23 15 36 16 29 18 36 20 21
4 11 1 39 2 29 3 10 5 31 7 33 11 11 12 24 13 40 15 30 16 10 18 17 9 1 38 2 14 5 18 8 24 9 40 11 21 12 45 14 40 16 25 8 3 36 5 32 10 23 12 49 13 47 14 47 16 13 17 49 8 3 16 5 37 10 43 12 37 13 41 15 28 16 27 19 43
4 12 1 26 4 28 7 23 9 33 11 44 12 24 13 31 14 16 15 10 17 13 18 36 20 40 3 1 25 14 26 15 33 6 1 33 2 19 7 40 9 27 15 19 19 15 5 2 48 4 28 7 25 8 43 18 13
8 4 2 32 16 22 18 39 20 29 4 1 20 6 37 14 50 18 38 7 3 11 9 34 11 19 13 28 17 44 18 44 19 39 11 1 19 4 19 5 11 6 30 7 22 11 44 12 28 13 43 14 13 18 24 20 10 5 4 35 12 14 15 48 19 31 20 29 9 1 12 2 38 5 14 6 14 7 23 9 42 10 22 15 32 19 14 7 6 44 7 27 8 44 10 45 12 30 14 29 15 39 9 1 23 6 39 7 11 8 21 9 16 10 48 13 40 14 35 17 17
6 10 2 21 3 33 5 33 7 17 8 28 9 32 10 45 11 42 12 31 14 11 4 1 10 3 16 6 13 18 20 9 1 24 2 46 4 27 8 45 10 45 15 25 17 29 19 10 20 23 12 1 13 2 22 3 26 8 30 9 13 11 33 14 44 15 50 16 42 17 20 19 12 20 20 7 3 19 5 30 7 41 9 41 10 47 13 42 16 24 3 4 27 5 30 10 23
3 11 1 45 2 34 3 50 4 42 6 20 7 18 8 35 10 39 12 21 15 25 20 31 9 2 34 3 18 4 47 5 38 6 45 7 44 8 19 10 25 14 32 8 3 34 5 48 7 12 9 29 10 42 12 43 14 22 18 31
4 9 1 16 4 40 7 39 9 15 10 13 11 44 14 37 15 48 16 35 8 1 33 2 35 3 29 4 15 9 29 12 12 13 40 16 39 4 1 30 3 29 5 25 9 31 4 4 24 7 26 15 47 17 50
8 10 1 38 4 44 5 33 8 42 9 30 12 49 15 50 18 48 19 15 20 49 5 4 37 5 47 15 37 17 13 19 24 11 2 17 3 31 5 13 7 14 8 44 9 36 12 11 14 31 16 10 17 25 18 30 3 1 44 16 35 20 14 4 1 38 9 11 14 24 15 29 10 1 28 2 34 4 19 5 18 7 32 8 12 11 38 13 26 17 39 18 37 5 3 30 7 46 8 24 18 10 19 14 9 2 33 3 40 9 30 10 17 14 16 15 39 17 14 18 26 20 28
8 3 6 44 7 39 10 30 9 2 10 4 21 7 38 8 49 13 15 15 18 16 36 18 14 19 32 7 1 47 2 22 3 29 4 45 12 17 13 13 17 13 6 2 50 7 40 10 29 11 18 17 19 20 15 9 3 46 4 15 6 22 8 34 12 38 14 43 17 48 19 31 20 25 10 2 44 4 18 5 26 7 43 10 14 11 41 13 50 15 21 18 49 20 41 4 3 42 7 20 11 30 19 13 11 2 21 3 44 6 43 7 20 9 47 10 16 12 26 13 32 14 29 16 39 18 12
5 8 3 32 6 28 7 22 8 19 10 27 16 28 17 23 20 49 5 2 11 4 31 6 11 15 45 17 47 11 2 47 3 25 4 33 7 16 8 12 9 39 11 23 12 42 13 33 17 14 20 30 6 7 47 10 28 12 14 14 32 15 28 16 10 12 1 17 4 43 6 41 7 16 8 30 9 15 10 24 14 10 15 10 16 35 17 22 18 28
6 3 4 21 14 47 19 46 5 4 44 5 17 8 33 13 38 20 47 10 5 12 6 38 7 46 8 11 9 50 10 29 12 39 14 33 15 32 19 20 6 1 21 2 24 7 20 8 46 11 10 20 13 4 4 27 6 16 8 50 9 32 11 1 44 2 10 3 48 5 44 6 46 9 31 13 13 15 34 17 36 18 33 20 48
3 6 1 45 2 16 4 29 9 32 11 18 13 45 9 1 41 3 11 5 40 8 26 12 48 13 31 17 21 18 18 19 28 12 1 38 2 35 4 46 7 28 9 15 10 36 13 30 15 45 16 39 17 11 18 14 20 32
7 5 2 31 8 29 12 17 14 50 20 37 10 1 47 5 42 6 14 7 45 8 50 9 35 11 25 14 18 17 50 18 29 6 1 17 3 18 7 39 11 26 12 42 14 16 9 1 36 5 10 6 31 7 46 12 46 14 46 15 22 16 19 17 14 12 1 20 3 43 4 38 6 50 7 35 9 15 11 49 12 38 13 36 15 44 18 15 19 24 11 1 44 2 47 3 47 4 24 5 36 8 31 9 11 12 12 17 25 18 14 19 49 3 11 45 15 45 18 20
5 8 1 32 5 18 6 13 7 39 9 41 11 28 17 43 19 34 3 6 24 12 40 14 42 4 2 19 3 38 13 25 15 21 11 1 33 5 20 9 21 12 43 14 36 15 15 16 48 17 43 18 18 19 38 20 19 9 1 49 3 48 9 37 11 40 12 19 13 43 14 21 16 29 19 16
4 12 2 30 3 46 5 43 8 35 9 38 12 19 13 28 14 17 15 48 17 32 18 28 19 17 8 3 39 6 21 7 44 10 46 14 18 15 33 16 41 20 37 8 3 47 6 42 9 24 10 14 11 27 14 22 15 13 20 48 12 1 30 2 42 4 34 6 33 8 26 11 44 12 23 13 24 14 42 17 45 18 12 19 37
4 10 2 49 4 39 6 31 7 36 9 34 10 40 11 16 16 38 18 33 20 18 7 2 25 12 46 13 24 15 27 16 40 17 26 20 47 8 2 50 3 13 6 10 9 37 10 12 14 22 18 10 20 41 12 2 30 5 44 6 42 7 40 8 48 9 22 10 28 12 11 13 50 14 26 17 45 18 35
5 12 1 22 3 13 4 15 7 27 8 14 9 17 13 42 14 19 15 34 18 50 19 13 20 37 3 6 15 13 40 17 49 10 1 10 3 32 5 12 6 13 8 44 9 12 13 10 14 12 16 14 18 43 5 1 17 2 17 6 49 13 48 14 10 9 1 20 2 25 5 19 10 36 13 50 16 36 17 24 18 27 20 32
8 9 2 28 8 19 9 32 10 48 11 19 12 18 18 10 19 20 20 14 6 1 36 5 26 11 25 14 31 16 46 20 23 5 4 40 7 12 12 17 14 31 17 39 10 2 46 3 42 5 29 6 43 10 50 12 27 14 40 17 15 18 37 20 50 12 3 14 4 26 7 17 8 33 9 31 11 11 12 15 14 50 15 28 16 31 17 39 19 10 3 1 41 4 22 10 24 10 2 24 3 17 4 43 6 43 7 23 9 49 11 31 12 31 19 38 20 12 4 1 15 4 49 14 49 20 33
4 12 1 19 3 11 4 34 5 32 6 49 8 47 10 47 11 30 12 27 13 27 17 10 19 45 3 11 45 19 48 20 19 11 1 40 4 18 5 31 8 17 9 44 10 42 11 24 14 22 15 45 17 50 19 47 8 2 48 3 44 4 36 6 28 7 47 8 24 10 33 13 28
6 7 1 28 6 33 11 22 14 44 15 44 16 20 19 19 6 1 42 2 46 4 30 9 41 13 29 15 23 11 3 38 5 34 6 43 8 12 9 39 10 46 14 45 15 14 16 12 17 32 20 17 6 4 50 6 42 8 34 10 23 14 26 20 32 11 3 28 6 47 7 44 8 14 9 16 11 50 12 26 13 33 16 41 18 33 19 43 10 1 30 5 16 6 17 8 31 12 21 14 28 16 39 17 14 18 43 20 38
3 4 1 10 2 13 7 25 20 31 5 4 43 6 35 11 24 15 18 16 27 12 1 48 3 42 7 29 8 33 10 32 11 44 12 21 13 42 14 14 16 28 17 35 18 50
6 4 1 15 6 45 15 46 16 17 6 4 18 5 44 8 25 16 35 17 10 18 37 12 4 15 5 38 8 22 9 22 10 18 13 18 14 11 16 36 17 21 18 27 19 45 20 11 10 6 46 7 23 9 18 10 42 11 41 14 26 15 25 16 28 17 18 20 13 8 1 50 2 23 6 28 9 32 10 13 16 22 19 38 20 24 8 1 20 6 37 11 14 12 40 13 33 15 15 16 33 19 26
59 52 107 140 79 79 60 119 158 112 56 133 94 154 69 53 43 109 84 64 64 126 115 43 59 146 121 79 118 40 113 94 51 53 62 112 70 85 58 96
1 3 2 3 1 3 2 1 1 1 3 1 2 2 1 1 1 3 3 3
# Instance ID: 58
# Total operations: 220
# Actual flexibility: 0.382
# Generated: 2026-02-14 14:26:22
# Format: Extended Brandimarte for MOFJSP (Comparison Dataset)