100 30
7 9 3 36 6 29 15 12 17 27 18 26 19 28 21 14 27 20 28 42 10 1 13 8 38 10 28 11 23 15 11 16 28 24 22 26 11 28 16 30 46 12 1 38 3 33 6 14 8 21 11 13 17 32 19 14 20 38 21 30 24 18 26 50 29 30 7 6 35 7 50 18 32 21 42 23 21 24 42 27 48 14 2 39 3 40 5 36 7 34 11 34 14 35 16 36 17 22 19 39 21 16 22 43 24 25 26 10 29 40 14 1 50 3 10 4 48 5 42 7 50 10 23 11 28 12 25 13 50 14 36 15 13 17 43 25 36 28 23 9 1 10 8 18 16 25 18 36 21 15 25 31 27 39 29 21 30 19
4 14 2 31 4 25 6 26 7 39 10 35 13 45 16 16 19 27 20 44 21 33 23 26 26 16 28 33 30 20 11 1 25 4 27 5 22 10 50 11 25 15 21 23 50 26 15 27 10 29 28 30 38 6 10 10 12 35 13 43 17 41 19 45 29 11 15 1 35 4 19 6 20 7 18 8 24 11 30 15 18 19 13 20 16 23 49 24 27 25 33 26 30 27 29 30 18
8 10 2 17 4 21 5 46 10 15 14 30 17 25 20 44 22 22 24 26 28 39 18 1 22 2 41 4 46 6 44 9 12 11 42 12 10 13 24 14 31 15 13 18 21 19 29 21 14 22 11 23 13 26 43 27 26 30 10 14 3 41 7 33 10 25 11 36 12 24 13 18 15 22 16 44 17 42 19 14 21 30 23 39 29 23 30 34 11 3 11 8 25 13 16 15 10 16 24 18 50 20 36 21 24 23 28 25 38 28 47 13 3 43 4 43 5 12 12 13 15 45 16 17 17 16 18 42 20 43 25 45 26 16 27 20 28 28 12 4 38 5 23 6 27 11 11 12 17 14 45 15 23 16 36 18 12 20 46 22 21 24 39 15 3 24 4 35 5 20 7 11 9 40 10 27 11 41 12 44 16 26 18 21 19 43 21 43 25 48 29 21 30 29 8 2 41 7 25 10 11 13 43 14 31 19 38 27 50 30 22
5 12 7 14 9 43 15 26 18 27 20 13 22 43 23 31 24 37 26 37 28 46 29 48 30 22 11 1 43 5 40 6 33 7 23 8 39 16 43 18 12 19 35 20 27 27 18 28 19 11 5 46 14 31 16 12 17 42 19 41 22 37 23 28 24 47 26 48 27 30 28 12 16 3 27 5 29 7 11 9 45 11 30 12 41 15 32 16 41 19 29 21 49 22 10 24 24 26 24 27 40 28 18 30 19 8 7 26 8 41 12 31 16 28 17 28 18 48 20 12 24 19
6 5 1 25 6 16 7 19 19 31 25 33 13 3 50 5 29 6 22 9 47 12 45 20 27 21 14 23 25 25 30 27 15 28 26 29 11 30 43 4 4 45 17 45 22 11 26 35 14 1 18 7 22 8 42 9 24 10 48 14 21 16 38 18 30 19 50 21 30 23 46 24 27 25 20 28 15 6 3 25 12 25 13 28 15 20 21 25 27 41 10 5 20 7 33 12 32 14 16 18 39 20 44 21 22 25 47 26 25 30 45
6 14 6 17 9 30 11 25 13 31 14 15 16 17 17 45 20 32 23 22 24 16 26 49 27 46 28 21 29 44 15 1 47 2 32 3 43 6 20 9 44 10 12 11 48 12 14 15 24 16 23 17 36 19 22 21 21 23 27 27 24 4 3 39 9 50 23 45 26 31 9 2 31 3 21 5 32 13 39 19 37 24 39 25 46 28 27 30 23 18 1 43 4 36 7 30 8 43 10 11 12 28 13 40 15 24 16 48 18 40 20 40 22 33 23 29 24 17 26 27 27 39 28 21 30 40 14 1 35 2 38 3 45 7 45 9 40 13 19 16 38 18 13 20 40 23 20 25 37 27 37 28 43 29 10
8 18 1 23 2 45 3 12 4 50 6 16 7 36 11 37 12 11 14 49 15 16 20 43 21 44 23 32 24 26 27 19 28 29 29 35 30 36 5 12 43 20 14 22 19 23 12 26 16 15 2 28 4 29 5 42 6 43 8 38 9 43 10 25 13 23 16 36 18 16 19 31 21 41 23 21 25 26 28 13 6 3 11 12 50 23 23 24 28 26 23 27 43 13 4 14 9 33 11 36 14 23 15 42 17 30 18 43 22 19 24 35 25 37 27 10 29 14 30 28 13 1 39 4 18 6 36 7 39 8 36 9 38 10 47 12 14 17 25 20 14 21 46 22 12 23 33 5 10 46 12 47 20 42 25 17 30 14 7 2 13 3 41 5 28 10 20 11 12 20 39 25 15
4 4 8 34 9 23 10 46 13 29 13 5 33 9 13 11 17 12 34 13 43 14 21 15 40 17 20 18 40 19 40 21 34 24 25 25 37 16 1 43 4 12 9 33 10 21 12 40 14 15 15 31 17 50 19 19 20 39 21 17 23 24 24 46 25 14 28 12 29 39 15 3 47 4 35 5 32 7 33 9 33 10 50 11 50 14 46 16 38 22 50 23 13 24 47 25 25 26 16 30 26
7 13 2 47 4 19 6 23 8 24 12 25 14 21 15 18 21 44 24 34 27 32 28 12 29 11 30 39 13 1 12 2 23 3 45 4 17 5 30 6 19 8 38 10 21 11 48 17 13 23 31 26 20 29 24 13 3 38 4 12 8 20 9 18 10 12 11 26 14 18 16 15 18 21 20 32 23 21 24 45 29 50 9 2 21 6 34 12 34 13 22 21 12 22 28 27 34 29 14 30 27 17 1 50 2 16 4 21 6 50 7 22 10 16 12 11 14 38 15 45 17 33 18 33 19 41 20 20 21 15 23 44 26 45 30 36 13 1 12 2 41 3 25 4 22 7 41 15 10 17 39 20 40 21 48 25 21 28 27 29 15 30 40 9 4 45 8 38 10 48 20 41 23 48 24 32 26 50 27 40 30 23
6 13 2 10 3 22 6 49 7 21 8 44 10 16 13 26 17 38 18 39 19 13 21 29 25 46 26 24 7 4 36 5 35 11 41 14 17 27 38 29 11 30 17 13 4 14 5 33 6 10 7 25 9 23 10 40 12 45 19 38 20 15 22 14 24 29 26 35 29 31 14 4 32 5 21 9 29 10 19 13 26 17 32 19 11 20 29 21 12 22 33 23 23 25 22 26 32 29 19 16 2 44 4 10 6 26 9 44 11 25 13 18 15 18 17 46 19 37 20 47 22 11 23 31 24 37 25 42 26 23 27 16 18 4 32 5 44 6 13 7 17 8 26 10 49 11 43 15 50 16 36 18 47 19 31 20 44 22 49 23 32 25 13 26 38 27 43 28 13
4 5 1 13 10 10 11 49 13 18 22 31 18 3 13 7 34 8 50 9 30 10 32 14 12 15 36 17 29 18 43 20 27 21 31 23 37 25 39 26 50 27 30 28 44 29 22 30 25 6 2 21 16 29 17 27 22 40 23 47 29 10 13 1 24 3 37 7 39 8 39 10 25 11 39 13 30 17 20 20 19 23 48 24 48 29 48 30 45
8 6 12 27 14 36 18 14 19 36 20 18 25 15 16 2 30 3 44 4 49 6 10 11 27 13 39 14 41 15 14 20 20 22 37 24 28 26 15 27 28 28 38 29 23 30 40 17 4 37 6 30 7 12 8 13 9 18 10 14 13 41 15 39 16 13 19 37 21 46 22 39 24 42 26 34 27 10 28 11 29 38 12 1 45 4 45 7 22 11 45 16 28 17 13 20 18 21 10 23 46 24 19 25 17 29 25 16 2 44 5 17 6 20 7 19 8 49 10 10 12 28 13 30 16 15 17 12 19 38 24 18 25 10 26 46 27 11 29 50 18 2 20 3 48 5 40 6 42 7 33 8 28 10 45 11 35 14 27 15 28 17 26 18 33 21 33 23 24 24 13 27 40 29 36 30 23 12 2 19 3 32 7 44 11 12 14 50 16 26 18 30 19 14 20 13 23 11 26 33 27 18 4 3 17 13 41 19 35 28 19
3 4 5 20 7 27 9 13 24 48 7 9 14 13 18 19 12 20 33 24 27 28 50 29 37 7 5 32 6 47 16 35 17 22 20 36 22 25 23 34
7 5 4 36 6 18 16 41 17 40 19 42 11 4 43 5 41 8 37 13 26 15 25 16 49 17 40 23 14 24 28 29 19 30 30 16 2 45 3 13 4 25 6 28 11 18 13 17 16 40 18 14 19 37 21 19 22 28 24 48 25 36 27 13 29 30 30 28 12 2 24 7 40 11 25 12 38 15 41 19 25 20 26 21 37 22 11 23 32 28 33 29 17 6 1 39 5 40 10 46 21 37 28 11 30 35 17 2 47 4 11 6 19 8 49 12 24 13 19 15 34 16 27 17 35 18 14 19 29 23 17 24 31 25 49 26 18 28 16 29 15 12 1 16 5 44 6 31 8 15 10 20 15 15 17 19 18 17 19 34 20 24 21 30 27 37
5 17 1 19 2 37 3 10 4 43 5 11 6 43 7 13 9 31 17 40 19 11 20 31 24 19 25 10 26 19 27 47 28 10 29 45 8 1 40 3 45 4 25 5 10 10 18 22 14 24 46 28 11 4 4 21 8 22 13 16 19 39 13 2 23 4 16 6 37 13 44 17 34 18 48 19 39 20 36 22 23 26 39 28 28 29 17 30 36 9 8 33 12 33 14 33 18 40 19 36 23 28 26 21 27 32 28 45
6 7 5 26 9 42 10 50 14 24 15 43 19 27 23 39 18 1 36 2 10 5 43 6 45 10 30 11 42 12 43 14 50 16 22 18 14 20 12 21 42 24 27 26 26 27 26 28 13 29 14 30 23 8 3 30 4 27 7 17 14 45 18 32 20 38 25 25 29 10 12 1 46 3 35 6 42 8 47 10 27 14 47 19 12 20 30 23 39 24 45 27 15 29 17 11 1 36 2 25 4 36 6 24 12 39 13 33 17 20 23 11 24 39 25 38 29 18 16 1 39 2 50 3 46 4 11 12 10 13 29 17 36 18 11 20 46 21 29 23 13 24 36 25 45 28 48 29 26 30 25
4 16 1 11 2 33 4 21 7 18 8 33 9 35 10 14 12 39 13 39 14 41 17 10 18 32 20 19 25 37 26 27 28 20 14 1 34 3 42 9 28 15 24 16 36 17 46 18 14 20 50 21 38 24 48 27 43 28 50 29 21 30 26 9 1 42 2 26 5 40 9 21 10 46 12 35 15 38 17 33 18 47 7 1 45 4 46 6 30 12 31 24 24 28 41 30 41
3 10 1 20 8 14 9 20 15 28 16 28 17 28 22 37 23 20 24 15 28 41 16 1 38 2 35 4 23 8 16 10 34 12 25 14 17 15 48 16 10 18 39 20 48 23 14 26 23 28 34 29 22 30 37 11 3 35 6 11 9 32 12 50 15 29 16 24 20 16 21 50 23 29 24 40 29 35
5 11 1 10 3 12 4 37 9 45 15 41 20 23 25 12 26 17 27 38 29 37 30 43 15 1 47 5 34 7 20 10 35 11 31 12 45 19 15 20 25 22 37 23 34 24 18 25 26 26 26 27 10 29 18 10 1 44 3 28 10 40 14 50 15 22 19 33 23 15 26 24 28 23 29 24 8 3 38 13 10 19 23 22 40 25 21 26 29 27 30 28 37 18 2 17 3 49 4 20 6 45 7 30 9 21 10 29 11 10 13 48 15 18 19 28 20 37 22 46 23 12 24 24 27 16 28 41 30 21
4 6 2 43 8 40 10 37 13 10 25 49 27 21 11 1 45 6 47 7 15 9 27 10 46 14 38 19 33 20 32 24 18 25 29 27 45 15 1 44 2 37 5 30 6 46 8 25 11 13 12 29 13 23 17 20 18 37 24 48 26 30 27 35 28 45 30 24 8 2 46 4 22 13 14 17 10 19 34 20 25 21 17 29 25
4 5 1 17 6 21 9 29 10 42 22 20 4 4 45 9 49 24 14 29 25 6 3 50 4 31 9 18 11 49 22 39 24 23 9 4 16 6 17 12 27 13 16 18 37 25 30 27 11 29 23 30 41
5 4 6 33 15 31 17 28 21 49 14 1 10 3 22 4 19 5 33 6 15 17 22 19 31 20 42 22 45 23 47 25 43 28 37 29 37 30 26 8 1 49 3 31 10 35 13 27 18 12 20 16 21 45 28 33 6 10 41 15 50 16 46 18 40 25 41 26 21 12 2 18 5 36 11 44 13 30 14 50 17 47 19 21 20 14 23 11 26 40 29 31 30 10
3 8 2 38 4 38 6 32 13 11 14 16 20 36 26 35 27 29 13 3 36 4 18 5 15 7 43 8 32 9 48 12 16 15 25 18 27 20 50 22 29 29 48 30 47 11 2 34 3 29 4 32 5 41 11 12 13 34 15 37 18 14 20 38 22 36 27 46
8 7 6 28 9 31 10 33 22 33 25 40 26 16 28 12 11 2 10 3 14 6 20 10 43 11 24 13 30 15 10 16 42 20 16 21 19 26 22 11 2 12 3 27 7 32 8 18 10 11 15 19 19 45 21 37 24 45 28 18 29 49 5 2 45 6 48 7 29 9 31 16 38 15 1 30 6 24 10 27 13 42 15 47 17 44 18 31 20 13 23 41 24 28 26 49 27 20 28 43 29 40 30 18 11 7 28 8 21 13 14 14 48 17 41 18 21 21 47 22 49 24 44 29 33 30 15 6 6 28 11 45 23 22 24 37 25 46 27 40 14 4 25 7 22 9 31 10 26 11 39 12 19 13 14 15 19 19 46 20 25 21 36 23 22 25 44 28 12
3 15 1 19 4 15 6 10 7 47 9 47 13 10 15 10 17 18 19 46 24 35 25 18 27 22 28 34 29 15 30 32 16 2 46 3 46 5 46 6 46 8 24 10 20 13 46 17 49 18 17 19 11 20 35 21 49 24 47 26 20 28 23 30 37 5 7 10 12 31 19 36 21 16 28 42
7 9 1 33 8 14 12 43 15 42 16 45 18 24 26 48 27 37 28 28 5 9 10 18 22 19 49 22 32 24 41 16 1 19 3 30 4 33 5 29 10 14 11 21 13 17 14 33 15 30 17 17 19 32 21 32 22 48 24 10 25 12 28 34 15 1 19 2 39 4 30 5 49 7 49 8 50 9 49 10 36 14 33 15 18 16 43 22 23 23 49 24 11 28 10 16 1 10 3 30 5 16 9 22 10 13 11 47 12 21 16 29 17 19 18 14 19 10 20 50 21 48 22 40 24 49 30 15 18 1 47 2 26 3 50 4 28 6 14 7 42 9 23 11 34 12 38 15 30 19 34 20 37 21 37 22 38 23 16 24 13 25 21 29 49 6 10 39 16 50 23 32 24 47 29 44 30 31
6 12 1 44 2 38 6 43 8 20 15 41 22 50 24 42 25 32 26 35 28 25 29 37 30 39 17 2 40 4 33 5 31 7 29 10 14 11 26 12 33 13 48 15 10 16 25 20 31 21 39 22 43 24 31 27 30 29 43 30 32 8 7 42 10 32 15 32 18 22 21 26 25 26 27 39 29 11 10 4 34 10 31 12 20 13 27 17 27 22 19 24 39 25 18 27 29 30 30 7 2 47 9 30 12 26 15 13 21 35 22 28 29 17 8 6 12 8 47 9 40 10 12 14 47 15 46 29 29 30 46
5 8 3 12 7 45 11 12 12 10 19 22 22 30 23 39 24 14 5 4 21 5 40 10 23 18 26 24 49 13 3 25 4 49 6 44 9 40 10 11 11 23 13 21 16 26 19 30 20 32 22 11 28 43 29 21 13 3 48 6 19 8 39 9 33 14 41 15 15 17 21 18 42 19 11 20 41 21 38 29 48 30 21 17 1 26 2 25 3 21 4 15 5 24 6 40 9 34 10 40 12 46 15 38 18 14 19 16 20 33 21 49 22 33 24 25 26 14
8 14 3 38 6 37 8 20 12 15 13 34 14 16 15 22 16 43 17 23 20 27 26 45 27 12 28 20 30 24 10 2 46 3 25 6 31 8 16 12 46 14 29 18 17 24 24 27 18 29 48 14 1 16 2 22 3 33 5 42 6 17 9 37 11 32 14 49 16 48 18 13 19 34 21 40 22 32 30 42 12 3 11 9 36 10 17 11 39 12 13 13 36 14 48 15 42 18 11 23 47 24 33 25 36 10 4 37 11 26 16 24 19 11 20 23 21 16 24 36 26 45 27 38 28 23 7 2 46 3 40 4 50 5 11 9 42 15 43 27 26 9 2 29 7 10 18 21 20 25 22 33 23 36 26 36 28 23 29 34 9 7 22 10 41 11 26 14 44 18 42 22 28 28 42 29 36 30 44
5 4 19 37 21 30 24 26 27 45 4 2 28 15 13 24 23 27 43 15 3 22 7 50 8 25 10 19 13 31 15 40 16 29 18 24 21 10 23 20 24 21 25 10 26 36 27 42 28 10 5 1 21 10 26 19 21 24 15 25 20 18 1 32 4 29 5 32 6 47 7 39 8 45 9 49 10 20 11 44 13 46 14 22 15 22 17 46 21 11 24 25 25 42 26 21 28 41
5 18 1 18 3 34 5 16 6 36 7 45 8 44 11 50 13 48 14 33 15 44 17 26 24 27 25 47 26 20 27 37 28 18 29 42 30 43 15 1 19 2 33 5 38 6 37 7 35 9 38 11 17 14 16 17 35 19 26 20 25 22 26 23 47 26 50 28 30 4 8 25 21 28 26 27 30 25 5 6 35 17 24 18 12 22 30 30 13 14 1 41 3 42 4 33 5 33 6 13 7 50 8 18 9 37 12 30 22 11 23 38 25 46 27 19 28 16
3 12 4 30 5 16 6 24 9 12 10 22 12 50 17 20 20 39 21 32 23 27 24 25 29 36 5 1 12 8 24 21 41 24 11 29 22 15 1 13 2 14 3 12 5 37 6 43 11 27 13 28 15 45 21 20 25 31 26 28 27 30 28 11 29 13 30 24
6 7 6 11 8 29 12 39 13 13 21 15 23 36 26 18 15 3 49 7 32 8 40 9 16 10 44 11 26 12 16 15 32 19 17 21 47 22 39 23 44 24 45 29 35 30 23 10 6 20 9 26 16 42 17 48 18 13 19 15 25 22 26 47 28 36 30 27 13 1 39 4 47 7 45 8 40 12 46 14 33 17 10 21 43 23 34 25 15 27 24 28 40 29 10 5 4 19 10 11 17 34 26 23 29 28 18 2 42 4 10 5 16 6 48 8 26 9 45 11 45 14 12 16 26 19 19 20 33 22 17 23 43 24 30 25 37 26 28 27 15 29 30
7 4 10 28 12 28 14 29 26 44 8 1 26 3 42 4 17 10 33 12 48 21 50 26 22 28 10 7 4 45 7 26 9 29 10 16 21 49 24 41 30 46 6 6 26 13 40 15 50 23 43 24 13 27 21 13 3 15 6 43 8 47 9 45 12 21 13 33 14 13 16 42 17 38 20 33 24 31 26 37 29 47 7 3 48 4 49 5 47 11 23 14 19 18 49 27 18 13 2 45 4 39 5 12 10 13 12 28 13 39 15 30 16 11 17 40 21 48 24 47 27 25 30 33
4 16 1 35 2 35 3 25 5 48 10 39 12 15 13 41 15 36 18 46 19 39 20 21 21 12 22 17 25 41 26 29 27 16 11 1 18 3 19 5 25 10 26 12 11 14 18 19 33 20 12 26 12 27 46 29 43 15 1 12 3 13 4 19 11 34 12 32 15 41 16 32 17 37 21 40 23 17 24 49 25 24 26 23 27 11 28 24 5 4 17 11 46 13 15 20 48 22 32
4 5 10 46 18 15 20 18 27 21 29 36 15 5 10 6 23 8 17 9 15 11 30 16 37 17 44 18 20 20 33 21 45 22 27 24 15 25 45 26 33 27 43 11 1 37 4 28 5 36 6 29 11 48 15 40 21 30 24 45 25 46 29 12 30 35 4 5 49 14 48 18 11 23 13
5 12 3 16 6 30 7 12 9 16 10 35 11 14 12 11 18 46 24 48 27 22 29 23 30 15 18 4 23 7 26 8 45 9 33 11 44 13 14 14 38 15 29 16 23 17 10 19 47 20 33 24 25 25 21 26 42 27 30 28 48 29 32 4 2 30 9 44 21 35 22 13 8 1 18 3 26 5 23 10 33 11 15 21 24 26 23 29 14 10 1 35 4 16 7 34 9 30 10 21 14 12 15 41 24 18 29 12 30 17
6 13 1 24 4 15 6 16 11 29 13 26 16 48 17 31 19 24 20 42 21 49 22 20 26 50 29 50 17 2 16 3 30 5 14 6 26 7 15 8 23 9 12 10 24 11 32 13 34 15 40 19 43 20 29 22 21 23 28 27 45 30 26 13 2 17 3 11 7 34 8 37 12 22 14 17 15 15 16 10 21 40 23 38 26 32 27 19 29 13 16 3 20 8 28 10 15 12 30 16 37 17 49 18 21 19 36 21 26 22 21 23 30 24 48 25 34 27 10 28 13 29 48 12 4 49 5 14 7 41 9 22 12 32 15 17 19 16 20 48 23 43 24 37 27 20 28 45 17 2 22 3 20 4 32 5 39 9 10 10 36 12 36 13 28 15 43 17 19 19 28 20 10 21 15 26 21 27 41 29 22 30 24
8 14 4 12 5 20 9 49 14 22 16 37 18 45 20 46 21 49 24 44 26 11 27 15 28 12 29 36 30 50 12 1 26 8 43 9 13 10 21 11 16 12 36 14 27 17 45 18 31 22 49 26 50 30 24 15 2 35 6 24 7 33 10 48 11 25 13 36 15 20 16 36 18 30 23 26 24 33 26 46 28 11 29 39 30 24 18 1 35 2 30 3 37 4 31 6 39 7 40 8 10 9 17 10 22 11 44 12 19 14 28 17 34 18 39 22 42 23 13 26 39 30 50 7 4 26 14 38 15 26 20 39 22 39 29 27 30 11 12 2 46 5 32 6 19 9 19 10 47 13 45 14 47 15 24 16 49 24 33 26 16 29 37 9 6 11 9 46 14 10 15 48 23 46 24 17 26 22 29 21 30 11 11 4 40 5 17 7 45 11 50 16 26 17 15 21 48 23 39 26 28 28 49 30 38
3 12 5 42 7 12 10 47 11 30 16 33 17 43 19 20 20 50 22 46 24 13 26 10 28 27 13 2 17 3 16 6 45 8 48 9 38 11 42 12 50 13 30 14 50 16 34 18 37 19 50 20 48 16 2 50 3 42 11 47 12 44 13 21 15 44 16 46 17 28 18 21 21 20 22 41 23 17 24 15 26 24 27 22 29 38
6 11 1 47 2 40 5 44 6 49 8 33 9 37 14 26 15 18 20 28 26 46 27 13 11 1 41 7 42 8 27 9 38 14 32 15 24 19 39 21 28 23 30 24 50 30 16 13 1 19 3 34 5 19 7 17 8 31 10 47 11 12 12 28 13 19 19 38 20 18 27 25 30 13 8 7 11 9 24 12 21 17 34 18 35 23 45 24 10 28 39 13 1 46 4 34 5 37 7 18 13 39 14 48 15 22 21 18 22 50 23 17 24 31 28 38 30 10 4 4 48 7 19 17 28 29 22
6 6 6 18 8 24 22 41 23 45 24 17 29 15 18 1 44 2 33 4 45 8 46 9 35 10 17 11 48 13 19 16 24 17 44 18 35 20 45 22 26 24 34 25 44 28 14 29 27 30 15 7 2 30 5 46 8 17 10 45 20 41 21 44 24 48 4 4 16 8 46 9 50 22 15 4 19 12 23 32 24 31 28 48 16 1 21 3 48 7 41 10 17 12 50 14 14 15 12 16 50 18 46 19 11 20 33 21 10 22 15 24 28 26 18 29 17
3 8 6 42 9 27 10 41 11 23 19 35 20 16 22 36 30 11 15 1 35 2 32 3 30 4 17 5 26 7 20 8 42 11 37 13 48 17 41 20 44 23 33 26 11 28 37 29 14 16 2 11 3 42 4 34 6 11 7 22 9 14 10 43 12 37 13 37 14 25 19 14 22 25 25 48 27 22 28 35 29 21
5 15 1 21 2 37 3 44 8 26 9 10 11 43 15 12 16 15 17 47 18 13 20 24 21 15 25 18 26 26 28 15 4 5 20 16 41 21 24 30 32 12 5 24 8 31 11 25 13 33 15 11 16 19 21 48 25 13 27 12 28 20 29 13 30 15 17 1 41 3 35 4 41 5 11 6 18 7 13 10 39 12 23 13 47 15 25 16 35 22 11 24 13 25 20 26 16 27 22 28 16 12 5 21 6 18 8 13 11 18 12 45 13 13 14 12 16 46 17 49 21 16 25 38 27 23
6 15 1 31 3 18 8 47 11 26 12 49 15 50 17 44 18 17 22 31 23 14 26 30 27 49 28 39 29 25 30 29 15 1 33 3 22 5 17 10 30 19 43 20 21 21 32 22 43 23 21 24 33 26 50 27 38 28 23 29 30 30 31 14 3 24 4 12 6 27 8 22 13 42 14 12 16 44 17 18 19 11 20 15 21 12 24 16 27 17 28 39 5 1 20 8 20 12 28 17 15 30 42 8 1 24 2 41 8 23 10 34 11 28 23 22 26 28 27 43 10 2 39 3 37 4 11 8 19 11 17 13 37 15 25 18 17 21 27 29 50
4 16 1 14 2 28 4 40 6 12 8 31 11 46 12 10 13 12 15 28 18 19 20 44 22 14 24 32 26 21 27 11 29 11 16 2 23 3 15 4 42 6 15 7 25 8 38 9 39 13 16 14 12 18 26 19 41 22 45 23 29 24 39 25 27 26 50 9 2 42 4 30 5 36 13 36 18 30 21 35 23 45 25 42 28 21 14 1 16 3 11 4 35 5 10 6 12 8 37 9 21 10 21 12 11 16 50 20 18 21 43 24 48 27 10
3 17 2 29 4 23 5 32 7 13 9 31 11 46 14 13 15 32 17 30 18 46 19 14 22 21 24 37 25 32 26 30 27 21 28 24 5 15 23 18 32 22 27 24 23 28 17 7 4 18 9 48 14 31 20 37 21 34 22 26 23 25
8 13 2 18 6 50 10 38 13 36 14 23 15 19 17 20 20 27 21 13 22 41 24 12 25 23 26 28 17 1 28 2 17 4 32 5 39 6 50 12 33 14 13 16 44 18 46 20 13 21 16 23 38 24 15 25 41 28 42 29 39 30 24 4 11 25 13 12 21 30 29 15 18 1 33 2 37 3 20 4 42 6 21 10 27 16 32 18 13 19 35 21 27 22 44 23 39 24 24 26 43 27 25 28 33 29 20 30 50 16 1 36 2 13 3 12 4 30 6 39 8 42 11 14 12 21 13 43 14 35 16 18 17 16 19 29 21 22 27 46 29 18 14 2 29 3 46 4 47 5 48 7 32 8 38 10 17 15 44 17 13 22 50 23 39 24 21 25 10 27 35 16 1 12 2 15 3 30 5 26 8 19 9 32 11 20 13 11 16 26 20 37 21 26 23 17 25 20 26 27 27 29 29 48 6 1 32 8 32 13 39 18 47 19 16 21 23
7 16 1 39 4 41 5 26 6 37 7 32 8 42 9 21 10 48 12 29 14 27 16 26 19 47 22 44 23 14 26 40 29 17 10 7 41 9 49 10 34 12 46 14 23 15 26 19 12 22 18 27 20 30 32 14 1 23 2 14 3 15 5 37 6 32 12 30 13 21 14 34 15 15 16 26 18 23 19 31 23 39 27 46 5 3 17 11 25 24 37 29 47 30 45 17 1 18 2 39 4 39 6 35 8 32 10 29 11 44 12 36 13 31 14 49 15 15 17 32 23 22 25 23 26 12 27 49 29 12 13 1 10 4 43 7 16 8 50 9 10 11 15 13 32 14 23 15 26 16 12 21 31 22 18 23 35 10 1 40 5 31 6 28 18 15 20 37 22 25 23 18 24 47 26 10 30 22
5 11 2 43 4 16 7 42 10 20 11 31 14 19 15 34 18 13 20 25 28 25 29 39 17 1 26 2 31 5 32 6 44 7 26 8 39 12 32 13 14 15 40 16 27 17 36 18 43 20 36 22 28 25 21 26 31 27 20 9 6 46 7 11 8 12 11 41 12 25 17 47 18 43 28 29 30 24 13 1 45 4 26 5 49 6 10 9 22 11 22 13 11 19 34 24 49 26 14 28 50 29 33 30 12 12 1 26 2 23 6 36 9 25 11 26 12 42 14 28 16 12 17 42 20 26 22 28 29 19
3 7 16 37 17 44 18 22 20 46 22 43 26 42 28 45 6 1 23 2 27 6 24 13 42 18 44 30 12 15 1 12 3 22 9 36 10 39 12 44 13 31 15 36 16 44 18 22 21 32 22 44 23 26 24 43 26 48 29 12
7 13 1 20 3 23 5 22 6 23 8 45 10 29 14 29 18 50 19 30 22 10 24 28 27 35 29 22 7 13 22 14 43 15 26 16 32 18 33 19 40 20 49 8 2 29 8 12 9 24 13 38 14 38 15 45 16 31 21 31 16 1 13 7 27 9 42 10 41 12 22 13 43 14 31 16 34 17 41 18 35 19 33 20 23 21 44 23 45 26 27 28 38 10 4 22 11 15 12 47 15 19 19 19 23 14 24 28 25 23 26 24 29 40 5 7 37 19 15 23 37 26 46 30 32 10 3 22 5 21 6 48 9 27 15 48 21 42 22 43 23 49 24 39 26 39
7 16 1 37 2 35 4 19 6 31 9 46 12 10 13 44 14 31 16 48 18 30 19 12 22 43 23 20 24 28 25 40 29 15 15 1 35 2 41 3 48 5 17 7 25 10 39 11 18 13 10 14 39 15 35 17 31 20 36 21 42 24 31 28 34 10 2 39 6 21 11 26 14 46 24 22 26 41 27 25 28 20 29 31 30 36 12 2 15 5 31 7 43 13 24 14 30 16 50 17 50 18 46 24 13 27 18 29 19 30 42 13 1 40 3 50 5 30 7 12 10 23 12 41 14 41 17 28 18 21 25 25 27 44 28 49 29 29 18 2 27 4 42 7 26 8 31 10 44 11 13 13 29 19 22 20 45 21 36 22 46 23 20 24 45 25 27 27 28 28 27 29 30 30 48 8 9 23 13 34 19 46 20 43 23 13 24 45 25 37 29 36
8 14 1 41 2 17 7 34 8 41 9 19 10 11 11 40 13 44 14 46 16 16 19 24 26 14 27 47 29 49 14 2 36 3 23 5 20 8 41 10 21 11 44 17 28 18 47 22 49 25 15 26 39 27 10 28 39 30 46 9 7 26 11 49 14 24 17 28 20 37 25 28 26 34 27 14 30 30 10 6 31 7 46 13 19 15 30 17 21 21 33 27 49 28 14 29 40 30 39 16 1 21 3 18 4 20 5 12 8 23 10 21 11 45 13 11 16 20 20 34 22 41 23 25 24 32 25 43 29 12 30 32 14 4 19 7 46 9 28 10 13 13 25 14 13 16 11 17 27 18 50 21 25 22 19 26 25 28 43 29 26 16 1 50 3 42 5 30 6 29 7 27 10 21 12 16 14 25 15 35 17 45 18 22 20 43 21 36 25 33 26 19 29 48 12 2 43 7 33 9 14 11 31 13 50 14 44 15 38 16 21 17 34 20 44 21 34 25 13
6 17 1 32 2 18 4 43 5 34 7 14 9 21 11 32 12 19 13 33 14 22 16 43 17 41 18 45 20 36 21 39 25 13 30 42 11 4 40 5 42 11 21 12 23 13 15 17 17 19 44 22 42 24 47 27 30 30 47 12 1 22 2 44 7 25 11 24 12 34 17 29 19 45 23 40 25 31 27 50 28 12 29 37 10 1 50 2 20 3 15 9 37 10 24 12 37 14 44 22 10 28 44 29 48 6 8 36 14 24 17 39 19 34 23 46 24 36 14 1 27 4 27 5 14 7 29 8 10 10 38 12 44 16 16 21 42 22 22 26 35 27 44 28 36 29 25
8 17 2 21 3 37 5 26 6 17 9 41 11 45 12 31 13 20 15 10 19 44 20 13 24 21 25 42 26 10 27 15 29 45 30 17 9 6 45 13 14 15 27 17 17 20 32 26 22 27 19 28 37 29 41 14 1 29 3 47 4 24 5 21 6 39 9 40 13 37 15 47 19 19 20 19 21 21 26 25 27 44 29 40 14 1 17 2 50 7 42 9 25 12 19 13 50 15 23 18 26 19 35 20 35 21 49 23 34 27 26 29 18 5 4 21 9 30 16 13 19 50 25 26 6 3 33 5 12 8 27 9 27 13 25 18 30 9 3 36 7 50 12 10 13 47 14 46 17 14 23 34 24 22 30 33 13 1 12 4 16 8 41 9 13 11 45 13 20 14 34 18 36 19 33 20 50 21 24 22 46 27 17
6 17 1 34 2 45 3 42 4 39 5 28 6 49 8 15 12 30 13 24 15 12 17 47 18 18 21 28 22 48 23 48 28 38 29 24 16 2 50 4 32 5 22 8 50 11 16 13 24 14 19 15 12 16 24 18 18 19 20 20 24 23 33 24 24 25 41 29 21 6 1 24 14 16 16 12 20 35 24 12 30 24 18 1 45 2 27 5 21 6 15 7 10 8 35 9 24 10 38 12 17 15 20 16 13 17 49 18 19 20 33 21 11 24 38 28 49 30 48 17 1 39 2 44 4 25 9 30 10 46 11 36 13 44 15 41 16 22 17 37 18 25 20 16 21 40 22 24 23 27 26 20 29 10 10 1 28 5 26 7 20 9 48 20 22 22 34 24 12 27 23 28 30 29 14
6 18 1 37 2 27 3 22 4 42 6 37 7 11 10 20 11 42 13 22 15 38 17 26 18 34 20 24 21 14 23 50 25 46 26 13 27 25 11 2 39 5 42 6 37 9 40 11 43 13 44 20 18 26 38 27 14 29 13 30 39 9 1 42 3 36 8 21 12 30 17 11 21 13 23 27 25 48 26 11 13 1 39 2 47 4 18 7 16 10 43 14 10 15 49 16 46 19 37 21 40 27 10 29 25 30 50 14 3 35 5 42 7 21 9 11 12 12 14 17 15 15 18 46 19 47 21 42 22 38 23 30 25 40 26 16 4 1 36 2 17 15 48 27 22
3 15 6 23 7 48 9 47 10 13 11 18 13 10 14 36 16 36 17 33 20 34 24 14 26 45 28 12 29 36 30 39 4 2 35 15 38 27 31 29 28 7 4 42 6 48 7 45 11 40 18 35 25 23 29 29
3 4 2 12 3 43 10 33 28 29 8 1 45 3 18 8 13 12 38 22 22 23 39 26 24 27 20 6 1 33 7 25 8 10 10 21 18 21 25 50
5 5 9 10 10 29 12 20 17 10 29 17 12 2 16 3 39 5 27 11 48 14 13 16 50 20 48 22 47 24 19 27 24 28 32 29 11 8 4 50 13 42 16 48 17 21 19 24 24 43 25 12 27 47 18 1 18 4 43 7 35 8 25 10 26 13 11 14 38 16 48 17 33 21 42 22 33 23 22 24 41 25 19 27 15 28 50 29 19 30 16 16 4 22 7 21 10 39 11 10 12 30 14 13 15 40 17 42 21 48 22 36 23 42 24 32 26 45 27 11 28 38 30 20
6 11 2 21 3 25 10 21 14 46 17 17 18 27 20 41 22 36 25 30 28 30 29 42 10 2 35 5 35 6 25 7 12 10 31 15 15 21 41 25 29 26 50 30 15 16 1 24 2 17 5 24 6 35 8 29 9 20 16 13 17 47 19 10 20 28 21 27 22 16 24 36 25 48 26 37 28 49 7 2 13 3 16 9 47 12 28 13 30 23 42 24 34 18 2 39 3 43 6 37 7 47 8 14 10 30 12 41 14 30 16 27 17 30 19 21 22 10 23 41 24 27 25 17 26 49 27 22 30 14 8 3 48 6 23 9 36 10 33 12 40 13 13 23 18 28 34
7 10 4 48 7 23 9 17 13 27 14 38 19 24 20 38 22 10 24 14 26 29 16 1 41 3 50 4 22 6 44 8 42 9 30 10 33 12 49 13 24 14 29 19 19 22 18 24 23 26 42 27 15 28 23 13 3 21 6 24 8 23 9 28 10 44 12 50 13 25 15 40 19 12 21 26 26 39 27 49 30 36 7 4 47 6 26 9 18 23 25 24 36 25 20 29 37 10 5 46 7 27 9 29 16 47 17 17 21 39 23 36 24 13 25 12 27 16 14 4 45 5 29 7 42 9 49 12 43 13 50 14 20 15 43 17 43 20 50 21 19 22 49 26 26 30 12 5 3 15 5 39 23 43 25 43 29 34
4 17 2 47 3 23 4 39 5 35 9 50 13 13 14 47 16 49 17 28 18 18 19 18 25 16 26 21 27 25 28 13 29 31 30 26 9 1 15 2 36 3 33 4 36 15 14 17 34 22 50 24 27 26 29 11 3 34 7 10 11 15 12 33 14 16 16 45 18 30 21 32 24 21 26 30 27 27 5 12 33 14 17 15 14 26 13 27 32
5 5 11 43 18 18 20 36 21 16 25 37 7 6 33 10 35 12 31 14 26 16 30 20 24 25 34 10 1 48 2 30 6 12 13 48 15 13 17 26 22 37 26 20 28 34 29 36 17 2 41 3 11 4 43 5 32 9 22 12 46 15 28 18 13 19 36 20 22 21 27 22 13 23 39 27 40 28 48 29 48 30 11 10 1 20 2 33 11 24 12 28 14 39 15 24 17 13 24 30 28 28 30 34
3 7 1 45 5 26 6 24 10 25 12 11 22 19 28 36 8 2 13 11 30 12 34 13 38 14 36 20 12 23 40 30 17 6 3 31 8 16 18 28 19 20 21 43 29 32
8 17 1 22 3 24 5 13 6 12 8 43 9 16 10 15 13 42 15 32 16 10 18 20 21 13 23 36 24 26 25 40 27 36 28 39 5 4 17 11 38 13 26 22 39 27 25 9 1 38 5 42 12 28 13 36 14 30 15 50 17 23 21 27 23 35 18 1 32 3 42 4 15 6 45 7 36 9 15 10 31 11 49 12 50 13 41 16 28 20 26 21 32 22 16 23 44 24 49 25 39 26 10 17 1 28 3 33 4 32 7 25 9 42 11 23 14 28 16 40 18 20 20 28 21 45 24 30 26 24 27 23 28 20 29 48 30 48 10 3 15 5 21 7 48 8 48 9 39 23 27 24 30 25 50 29 39 30 24 6 6 15 10 29 12 20 22 25 28 19 30 27 5 3 45 12 46 15 38 17 42 22 43
5 9 1 45 3 34 4 40 9 46 10 50 11 13 13 11 28 18 29 24 7 1 20 7 19 16 29 19 31 25 13 27 15 28 37 5 3 46 4 15 15 27 24 10 27 35 17 2 37 3 43 5 44 6 31 7 39 9 42 14 10 15 24 16 23 17 39 19 21 23 48 24 17 26 19 28 24 29 31 30 20 4 7 26 11 35 26 34 30 44
5 7 1 21 7 34 17 23 18 48 21 37 23 32 24 16 5 8 48 10 22 16 12 17 25 21 13 13 1 22 2 10 3 11 4 26 5 37 8 38 9 21 12 24 16 24 17 25 22 14 24 22 25 24 4 5 44 15 45 20 49 25 21 9 2 32 5 39 7 11 8 10 9 38 10 22 13 13 17 17 18 48
5 5 2 15 12 45 20 16 23 41 30 18 7 6 48 10 28 12 45 15 37 25 46 26 29 29 32 17 1 12 2 47 3 37 4 15 5 39 6 49 7 39 8 24 15 11 17 50 19 17 20 42 22 30 23 47 25 31 28 23 30 27 7 7 17 8 37 13 40 20 12 26 41 28 11 29 15 17 1 34 8 36 10 48 11 35 13 15 14 34 15 49 16 23 17 42 18 38 19 21 22 25 23 12 25 42 27 14 29 42 30 44
5 12 2 20 4 37 6 49 8 10 10 48 15 38 19 27 21 15 23 32 24 10 27 41 30 20 14 3 14 6 50 9 42 10 28 11 24 13 14 14 48 15 21 16 28 19 24 20 31 21 21 26 38 30 49 14 2 47 5 14 6 35 7 25 9 14 11 36 12 13 17 50 18 48 22 14 26 15 27 22 28 12 30 16 6 5 10 6 45 10 36 14 14 24 11 29 37 16 3 43 4 18 5 15 6 27 9 17 13 19 15 18 16 44 18 21 20 30 22 36 23 31 24 13 27 41 28 34 30 15
4 4 2 30 18 16 22 47 27 49 5 1 33 9 10 14 18 17 33 24 49 9 1 27 8 27 9 32 16 46 18 26 20 39 21 27 22 15 24 17 5 3 39 9 10 20 11 25 38 30 36
8 11 6 29 10 13 11 16 14 39 18 50 19 37 20 27 21 43 23 42 25 45 26 10 16 4 26 8 17 10 34 11 17 12 17 14 24 15 28 16 49 17 31 19 24 20 20 21 23 24 16 25 43 27 37 28 13 5 12 45 14 35 15 10 20 48 22 25 4 10 32 18 23 19 35 22 47 13 1 28 3 44 4 31 7 27 11 25 14 23 17 30 19 12 24 18 25 22 27 23 29 41 30 23 11 5 40 7 11 11 18 13 12 14 28 17 12 18 27 19 38 25 44 28 29 30 43 14 1 48 5 20 6 32 8 50 9 22 13 32 14 28 15 29 16 50 20 10 23 39 28 26 29 27 30 31 8 1 28 6 34 8 11 9 11 14 34 16 11 17 48 22 40
8 6 2 29 5 15 9 40 11 39 23 35 30 46 9 1 25 3 47 5 44 7 38 14 50 15 47 19 30 21 43 25 47 5 4 26 6 13 10 40 12 23 14 14 17 1 21 3 38 5 47 6 38 7 14 9 10 13 21 16 49 21 16 23 32 24 20 25 16 26 48 27 19 28 16 29 36 30 18 8 3 43 13 27 16 13 22 29 23 43 24 42 29 26 30 44 5 5 28 8 45 25 10 26 47 28 30 11 6 25 7 22 9 38 14 13 16 49 17 10 18 49 22 21 25 41 27 22 29 24 15 2 49 3 11 5 39 8 47 10 48 11 44 12 32 13 43 16 24 17 27 19 47 20 36 23 46 26 35 27 31
8 14 1 35 2 46 3 17 5 13 8 30 12 13 14 41 16 23 17 18 19 28 20 17 21 12 24 36 26 43 6 3 13 6 41 22 29 24 43 26 46 29 23 9 3 39 11 46 15 11 18 49 23 23 25 27 28 10 29 32 30 36 15 2 37 3 18 4 30 10 16 12 50 13 45 16 34 17 16 18 38 21 34 23 31 24 24 26 18 28 17 29 26 16 1 18 3 15 6 14 7 12 8 26 14 40 15 10 16 43 18 10 19 35 20 17 22 23 23 19 25 23 26 27 27 35 13 1 19 8 26 9 27 11 31 13 50 14 27 16 47 19 38 23 14 25 38 26 42 28 19 29 32 4 1 22 11 45 21 22 24 15 18 1 48 4 40 5 46 8 40 9 27 10 39 11 35 13 48 15 10 16 46 18 48 19 33 21 14 24 26 25 50 26 33 27 40 29 38
6 14 3 23 7 41 10 36 11 27 12 22 13 25 14 29 16 35 17 39 20 14 21 17 22 12 25 31 26 36 12 2 22 5 32 6 12 14 43 19 25 20 10 22 27 23 32 24 17 25 35 27 23 29 46 6 1 39 6 13 11 15 16 11 19 36 20 49 14 5 39 6 19 7 34 11 39 13 31 14 16 15 36 16 49 17 15 18 37 20 50 23 24 26 19 27 32 13 5 17 8 34 10 39 11 50 12 16 13 26 14 48 16 44 17 39 18 26 22 16 27 27 29 38 18 3 49 4 44 5 14 6 31 7 23 8 33 10 17 12 26 13 22 14 37 16 17 17 30 18 39 19 48 22 10 23 37 26 37 28 18
7 13 1 45 3 24 7 37 13 36 15 50 19 18 20 18 21 20 22 45 23 42 24 49 26 48 30 22 7 6 50 12 12 15 25 19 18 21 17 24 27 26 24 17 1 34 2 50 3 43 5 27 7 40 10 39 11 34 12 26 13 33 17 40 20 31 21 25 22 31 25 29 26 40 28 28 29 16 7 1 26 3 40 8 11 11 17 17 46 27 39 30 20 9 2 35 7 42 10 15 16 17 18 35 21 37 23 20 26 49 29 14 12 1 19 5 41 8 45 12 25 13 18 15 23 19 47 20 24 21 32 23 28 28 21 30 11 14 1 19 2 46 3 25 5 15 9 50 10 46 11 12 14 13 15 39 16 29 19 20 22 18 27 26 29 13
8 8 3 13 5 41 8 36 14 37 16 43 19 20 22 28 24 43 5 1 13 12 48 16 38 18 39 27 44 11 7 14 10 20 13 25 15 33 17 22 18 19 19 42 20 12 21 23 25 41 29 35 13 4 20 6 46 8 14 9 16 10 31 11 35 15 23 16 38 19 49 21 17 22 12 24 32 25 10 6 4 40 7 49 10 23 12 26 17 49 27 48 5 13 19 24 31 25 11 26 18 30 37 7 5 47 9 17 15 40 16 24 21 16 28 15 29 14 8 1 45 3 26 6 22 11 47 13 46 24 32 26 13 28 13
5 7 2 46 3 39 11 50 13 25 17 29 20 10 26 10 15 4 44 7 12 8 39 9 19 11 30 12 43 13 44 16 35 19 50 20 28 21 29 22 33 25 36 27 46 29 19 6 2 20 10 46 22 37 23 34 27 37 28 45 9 2 35 3 19 7 30 10 16 17 47 18 17 19 23 22 38 30 30 13 1 16 2 22 6 27 8 46 17 42 18 34 22 24 23 34 24 21 26 11 27 11 28 13 29 40
5 7 2 38 4 21 9 33 14 15 16 16 18 18 26 15 4 5 43 14 18 17 32 19 42 4 18 49 22 44 28 21 30 13 10 3 11 5 11 7 15 10 25 13 11 21 26 24 45 25 29 26 40 29 47 11 3 16 7 34 8 10 13 42 14 48 15 48 19 33 25 39 26 42 27 13 29 34
8 11 4 35 8 10 9 50 14 11 15 39 17 46 18 18 19 39 24 27 25 15 28 13 16 2 14 4 35 6 15 7 28 8 30 9 47 10 30 12 38 16 50 17 41 19 22 22 49 25 42 26 49 27 23 28 16 6 3 50 4 11 8 15 14 46 22 28 26 15 14 1 14 2 38 3 46 7 48 10 13 11 20 12 29 13 45 15 46 22 15 23 17 25 26 28 29 30 20 12 1 20 2 14 3 19 8 32 9 20 10 47 13 15 14 33 21 28 23 42 25 12 27 41 4 3 50 14 19 25 22 26 24 5 8 24 12 11 22 17 24 39 27 29 15 1 19 2 15 3 14 6 26 7 31 8 31 10 17 12 50 18 19 20 24 23 17 24 32 25 50 26 21 30 30
8 18 1 31 2 10 3 30 4 10 9 28 10 31 11 49 18 19 19 33 20 41 21 49 22 44 25 41 26 26 27 47 28 50 29 29 30 10 4 2 13 5 44 13 23 29 33 7 4 37 7 27 15 43 16 14 27 43 29 41 30 11 8 1 32 2 50 11 35 12 42 13 49 14 14 25 12 28 38 12 3 26 5 34 6 17 8 19 9 13 10 22 14 13 15 45 25 36 27 33 29 36 30 50 13 2 16 5 14 7 20 8 15 10 46 15 41 16 35 18 45 20 22 23 27 25 10 26 26 28 20 12 3 21 7 43 8 35 14 41 17 33 18 42 19 42 20 41 23 12 24 13 26 42 27 39 7 3 48 4 19 10 45 13 43 14 25 23 36 29 20
5 18 2 36 3 48 5 29 11 49 12 46 14 42 16 32 18 26 19 49 20 10 21 40 22 19 23 10 25 25 26 49 28 21 29 20 30 48 6 4 46 6 33 7 23 14 45 20 14 26 11 17 3 35 5 14 9 31 11 41 13 47 15 32 17 25 20 11 22 12 23 42 24 22 25 37 26 47 27 44 28 45 29 32 30 32 14 2 39 5 36 6 16 9 42 11 20 12 20 15 15 17 45 20 29 21 12 22 28 25 11 26 40 27 40 14 4 12 7 50 8 28 10 27 12 47 13 26 15 10 18 33 21 22 22 43 25 49 26 39 28 36 29 10
6 10 1 15 2 27 4 20 9 15 11 41 12 50 19 24 20 40 22 32 26 25 12 2 40 7 15 8 32 9 29 13 25 15 35 16 43 17 48 21 15 23 39 26 30 30 48 14 2 17 4 25 5 22 9 48 11 23 14 49 15 44 17 18 20 41 23 30 24 16 26 32 28 46 29 40 8 6 48 10 22 11 28 12 13 14 31 16 38 23 28 28 36 5 9 44 16 41 19 34 23 46 29 17 18 1 40 9 17 10 21 13 31 14 50 15 37 16 16 17 50 18 15 19 17 20 49 21 27 22 34 23 21 27 16 28 27 29 22 30 42
3 7 4 24 5 38 15 36 20 45 21 45 22 48 26 21 5 2 34 10 29 12 21 13 48 17 49 17 2 22 3 38 5 43 8 35 9 45 10 33 12 11 14 50 15 48 17 10 18 17 20 40 21 20 23 14 25 17 26 19 27 43
3 4 1 24 14 38 15 11 19 46 17 2 30 3 31 4 37 6 15 7 44 8 36 10 32 11 38 13 24 20 42 21 37 22 43 23 41 24 37 25 20 26 39 27 25 14 1 39 2 44 5 39 7 40 8 28 14 14 16 46 18 32 20 32 22 30 24 37 28 16 29 35 30 40
8 12 3 36 4 25 7 11 9 30 12 50 13 10 14 34 17 17 20 37 21 49 23 31 25 44 8 4 15 5 42 13 27 15 14 21 17 22 45 23 21 29 33 13 4 14 7 32 8 37 9 37 12 28 14 18 15 21 17 43 19 48 21 10 24 10 25 19 27 50 14 2 13 5 38 7 37 10 35 12 13 14 14 15 21 16 45 17 27 21 26 22 37 23 33 27 24 29 22 13 1 10 5 44 8 12 9 40 10 44 12 39 18 15 19 12 20 37 22 13 25 29 26 29 30 22 18 1 12 5 41 7 13 8 43 9 34 10 36 12 47 13 37 14 14 15 30 17 19 19 37 22 24 23 29 24 42 25 44 28 12 30 31 8 8 27 10 13 17 23 18 39 22 42 24 36 27 10 30 43 11 6 17 9 14 10 38 13 35 14 23 16 12 22 43 24 39 27 21 29 42 30 10
4 15 1 34 2 44 3 13 4 12 5 48 7 47 10 29 13 43 17 13 18 28 21 50 22 12 23 11 26 49 28 20 16 1 22 2 42 6 14 7 24 9 11 11 27 14 13 16 14 17 23 18 32 21 39 22 39 23 17 26 40 29 33 30 49 5 5 26 18 23 19 34 27 12 28 22 4 14 11 19 11 24 19 29 23
8 9 5 25 6 37 11 34 15 21 16 42 22 48 24 20 25 27 30 47 10 1 24 5 12 8 14 10 42 13 12 17 13 18 36 20 46 21 23 24 46 8 2 10 3 48 13 29 14 41 15 36 18 43 20 49 28 50 9 1 15 2 12 3 19 6 25 8 44 12 23 16 11 17 19 27 29 11 8 36 11 35 14 44 15 19 17 19 19 14 22 43 25 26 26 37 28 19 29 43 11 1 35 2 29 5 20 10 23 15 46 18 32 21 16 24 34 28 41 29 33 30 24 16 2 30 5 43 10 23 11 41 12 47 16 24 17 32 18 43 19 34 20 49 21 30 22 40 23 43 24 15 27 42 29 38 10 3 22 4 17 8 18 9 30 15 40 22 24 24 38 26 13 29 15 30 12
8 6 1 46 4 50 10 47 14 49 16 10 29 47 12 1 10 3 31 4 43 7 19 8 31 9 42 12 33 13 36 18 33 20 24 24 47 27 27 6 1 34 7 16 20 42 23 32 29 17 30 49 5 1 45 9 23 12 18 14 42 30 36 8 1 21 2 21 3 18 5 25 20 44 21 26 24 35 29 35 16 3 25 4 32 7 12 10 42 11 25 12 18 13 34 15 32 17 24 19 39 20 43 22 45 23 18 25 12 27 36 29 17 17 1 18 2 39 3 31 5 12 9 28 11 26 13 33 14 37 16 19 18 40 19 39 21 39 22 26 23 13 26 27 27 14 28 34 11 2 27 3 22 7 39 11 48 15 47 23 26 24 15 27 34 28 49 29 38 30 43
3 4 4 47 11 44 21 28 29 38 10 5 17 6 25 8 23 12 32 13 36 14 38 20 31 21 21 23 14 25 47 17 3 40 4 38 5 20 6 18 7 29 8 12 9 33 10 24 12 16 13 24 14 23 18 41 20 30 21 23 25 28 26 19 28 42
5 8 6 25 12 50 14 26 19 48 20 44 22 13 26 17 29 46 14 1 16 3 10 5 10 7 41 12 21 14 30 18 20 21 42 23 33 24 16 26 47 27 10 29 11 30 23 12 6 13 7 19 14 29 18 19 19 44 20 41 23 33 25 38 26 20 28 26 29 41 30 50 16 5 47 6 13 11 42 12 43 13 29 14 18 15 29 17 39 18 40 20 24 21 27 22 11 23 20 24 25 26 21 29 30 5 6 21 10 20 11 31 25 50 28 21
8 5 13 34 18 27 20 40 24 14 30 27 5 5 18 7 46 9 45 11 27 21 31 17 1 42 3 43 4 33 5 42 9 46 11 22 12 20 14 26 15 44 17 39 18 30 20 49 23 31 26 16 27 20 28 26 29 37 10 7 19 10 18 11 41 13 16 14 21 19 23 20 22 22 11 25 43 29 34 15 2 28 3 45 4 32 6 12 7 26 13 16 16 13 17 33 19 28 24 22 26 26 27 17 28 39 29 47 30 24 8 5 26 8 24 11 22 12 32 14 22 15 11 18 23 22 33 8 2 50 3 21 8 44 9 29 11 10 18 12 19 31 20 15 13 1 39 2 33 3 34 4 46 9 28 13 24 14 43 15 31 16 23 19 15 23 44 27 12 29 29
5 6 1 42 11 18 22 28 23 49 24 17 27 37 5 1 10 5 14 11 13 17 31 27 50 8 2 12 3 43 6 13 7 41 8 40 12 23 16 10 27 34 4 3 31 6 12 8 44 11 40 11 3 19 10 20 11 22 12 26 15 47 17 29 18 43 19 12 21 39 25 39 27 42
5 17 3 18 4 27 7 36 8 48 9 20 10 37 11 34 13 19 14 21 15 28 18 18 19 37 22 47 23 39 24 23 28 43 29 14 6 3 21 7 24 8 24 18 31 19 50 25 17 4 7 16 21 22 22 26 27 18 10 1 15 2 34 4 35 6 16 10 12 17 31 21 41 24 47 27 14 30 40 4 11 18 15 24 17 13 21 17
4 9 9 38 10 49 11 22 14 11 15 29 16 50 17 18 21 18 25 23 17 2 12 3 22 5 21 6 32 7 10 8 18 9 38 12 49 13 36 14 26 15 44 16 47 20 28 24 27 26 42 27 11 30 45 10 3 47 4 27 5 38 8 43 9 14 13 13 14 31 22 12 24 26 29 22 9 1 16 4 34 5 13 7 36 9 28 16 47 18 36 27 14 30 27
5 11 13 29 14 40 15 18 16 32 18 31 22 23 23 11 25 14 26 31 28 36 30 40 4 1 20 7 20 13 32 25 45 11 1 27 4 44 6 36 14 40 16 50 17 17 20 40 22 47 25 42 26 31 28 37 15 2 25 3 50 6 10 9 46 10 20 16 48 17 29 18 31 22 27 23 30 24 11 26 18 28 48 29 20 30 29 11 2 25 3 47 6 35 8 10 9 14 13 33 16 11 17 47 19 49 23 14 29 10
3 12 1 17 7 45 8 33 9 20 12 13 15 41 19 12 21 37 23 27 26 31 27 11 30 20 7 1 13 4 37 10 48 11 11 13 10 14 23 28 29 18 3 34 4 13 8 47 9 24 10 39 11 19 13 26 15 35 16 50 19 25 20 12 21 13 23 43 26 18 27 25 28 12 29 20 30 47
6 7 4 26 6 24 10 26 13 44 14 32 19 11 24 36 15 1 49 2 33 5 33 10 11 11 41 12 41 15 48 16 34 17 46 18 25 23 36 24 14 26 43 28 34 29 11 13 1 11 5 30 8 33 9 39 13 28 15 13 17 23 18 29 22 17 24 45 25 26 27 29 28 32 10 3 21 5 41 6 12 8 20 10 26 11 14 14 14 19 25 21 38 22 11 4 2 28 4 49 6 42 22 38 9 7 36 8 15 10 13 15 32 17 20 24 36 25 39 26 44 28 14
6 9 3 25 4 23 7 20 9 18 15 27 16 22 22 27 23 23 27 20 7 3 31 11 49 18 38 20 43 25 47 29 32 30 26 14 2 23 4 48 6 30 9 38 12 16 14 45 15 48 16 29 17 47 20 26 22 41 24 31 26 42 30 13 17 2 26 3 24 5 15 7 44 8 27 9 15 11 21 14 49 16 47 17 28 22 34 23 12 25 33 26 18 27 20 28 50 30 20 18 2 43 3 46 5 49 6 20 9 41 11 44 12 19 13 13 14 41 16 29 17 40 18 30 19 38 21 43 25 39 27 44 29 13 30 17 6 8 14 10 14 12 27 19 47 26 30 27 37
100 74 143 89 112 74 100 74 89 110 75 109 38 89 92 87 50 51 84 57 74 82 42 108 40 106 118 79 115 77 91 52 72 94 49 65 79 89 112 44 112 112 44 78 119 69 42 123 116 95 48 131 106 133 83 157 98 77 58 44 92 118 95 54 69 39 116 97 90 90 77 52 100 124 108 92 118 97 70 95 140 120 83 111 59 55 118 51 111 99 50 98 147 76 80 56 69 40 116 75
1 1 1 1 2 2 1 2 1 3 3 3 3 2 3 2 3 3 1 3 3 2 3 1 1 2 2 1 3 3
# Instance ID: 87
# Total operations: 553
# Actual flexibility: 0.361
# Generated: 2026-02-14 14:26:23
# Format: Extended Brandimarte for MOFJSP (Comparison Dataset)