40 20
6 6 3 50 8 11 10 31 12 36 16 35 19 42 3 8 20 12 35 15 38 8 1 22 4 35 6 17 11 10 12 11 13 27 17 50 19 37 3 1 11 4 16 11 46 12 1 39 2 32 3 18 5 10 6 33 7 46 8 25 11 31 13 26 15 15 16 33 18 41 5 6 26 8 39 9 28 16 19 19 30
3 11 2 37 4 33 5 34 6 23 7 17 9 35 10 11 11 23 16 21 17 45 19 45 11 2 32 3 18 4 43 7 45 8 18 9 42 10 10 12 43 16 20 18 23 19 16 7 1 18 2 46 5 43 7 49 12 11 15 28 18 20
4 9 2 34 4 41 5 10 6 47 15 47 16 38 17 42 18 31 19 12 9 2 43 3 44 4 44 8 43 11 50 13 15 17 37 18 21 20 35 9 3 28 4 29 5 29 9 35 13 14 14 15 16 39 17 46 19 30 7 3 10 8 28 12 49 13 26 15 29 17 50 20 14
5 8 2 44 4 23 7 14 9 24 11 19 13 16 14 43 16 17 9 1 13 2 41 4 18 7 37 10 13 12 39 14 34 16 42 19 32 4 2 28 10 12 14 13 20 31 11 3 20 4 44 5 49 8 44 9 14 10 17 12 37 14 37 16 28 19 48 20 40 5 5 48 8 30 9 41 11 29 17 45
8 8 4 22 6 24 7 26 8 33 10 45 14 21 16 23 20 45 11 3 37 4 45 5 49 6 18 7 48 8 50 10 21 12 29 13 39 16 36 17 43 3 5 40 11 46 16 38 8 3 41 4 37 7 19 9 16 11 23 15 37 19 10 20 37 5 9 50 10 21 15 41 18 18 20 29 8 2 28 10 43 11 47 13 25 15 22 16 24 19 35 20 23 12 1 41 2 14 3 46 5 26 6 50 8 27 10 31 11 49 14 33 16 49 19 35 20 15 7 2 28 3 16 9 19 10 34 15 26 18 11 19 30
4 6 5 35 6 47 8 41 12 22 18 13 19 30 10 3 37 4 15 6 35 9 49 11 14 14 39 17 26 18 46 19 46 20 24 12 1 30 2 26 6 41 9 13 10 13 12 36 13 45 15 43 17 41 18 25 19 10 20 50 5 1 36 5 25 12 24 14 35 19 26
4 3 14 19 15 44 19 20 10 1 35 2 44 3 39 4 21 6 33 10 29 12 12 14 38 18 41 19 26 11 1 15 3 18 4 39 5 41 9 23 14 17 15 39 16 39 17 28 19 20 20 40 11 3 15 5 27 6 11 7 34 8 30 9 13 15 31 16 44 17 10 19 46 20 50
5 8 1 50 4 26 6 45 7 45 10 39 14 31 15 22 17 27 3 6 44 7 50 16 28 8 3 14 5 50 8 40 9 15 13 12 14 45 17 21 18 19 11 2 32 4 50 5 50 7 49 8 25 9 23 10 34 11 38 12 44 19 24 20 32 11 2 16 7 23 8 42 9 19 10 24 11 16 14 16 15 49 17 36 18 41 20 35
4 7 6 34 7 25 8 43 11 43 15 20 17 42 18 20 5 1 39 13 41 15 25 16 12 17 44 7 2 38 6 12 8 50 11 18 14 23 17 37 19 44 4 2 34 8 25 9 19 14 11
5 4 3 18 10 14 12 26 13 47 4 6 38 14 22 18 16 20 47 7 4 30 5 16 9 17 12 44 14 31 15 42 19 13 5 1 50 3 20 6 16 7 44 11 10 12 1 48 2 40 3 24 4 10 5 49 6 43 9 13 10 36 12 30 14 40 16 19 18 40
3 6 2 29 4 33 9 36 11 22 14 21 17 26 8 1 37 6 42 7 16 8 30 10 26 12 50 14 10 19 48 11 3 47 4 21 6 24 7 28 10 36 11 40 12 16 14 44 15 29 16 27 17 36
5 4 5 29 7 25 15 11 20 38 9 1 29 2 39 9 37 11 34 12 47 13 48 15 33 17 22 18 32 12 1 32 3 19 5 11 7 32 8 34 9 21 13 21 14 29 15 39 16 17 18 44 19 13 6 3 16 8 13 10 28 16 30 17 43 20 21 9 1 39 2 46 6 39 8 31 12 19 13 20 16 14 19 39 20 42
5 3 14 38 16 29 20 42 4 1 50 7 14 17 35 19 22 9 2 45 4 47 5 16 7 25 8 30 9 31 14 48 15 37 17 33 10 4 17 5 29 6 39 9 34 11 21 12 25 15 42 16 12 18 20 19 35 10 2 27 3 14 7 43 8 17 10 26 11 36 14 13 15 26 18 46 20 47
6 4 5 22 8 19 14 19 19 43 3 6 10 15 14 17 23 7 2 44 4 37 5 34 14 40 15 32 16 14 20 49 9 1 21 4 40 7 29 10 49 12 48 13 15 15 29 18 24 20 44 6 1 24 11 10 15 45 18 50 19 22 20 23 9 2 15 4 50 6 44 10 45 14 43 15 45 16 21 17 41 20 13
5 6 3 34 4 12 6 29 10 22 17 38 20 27 8 5 11 8 44 10 15 12 46 13 18 14 41 15 31 17 42 7 5 38 6 48 10 21 12 20 15 39 16 13 17 15 12 4 25 5 40 6 17 7 14 8 48 9 22 10 30 11 17 12 39 13 11 15 45 17 39 4 2 17 11 39 14 13 17 23
5 10 2 47 3 27 5 31 6 25 7 44 9 26 11 30 13 31 18 29 19 20 10 4 45 5 38 9 50 10 47 11 18 12 12 13 15 15 28 17 43 19 19 12 6 36 7 30 9 10 10 34 11 36 12 11 14 17 15 15 16 35 18 32 19 31 20 43 9 1 45 3 16 4 44 6 13 12 13 13 36 14 35 19 11 20 32 9 1 27 4 23 6 44 7 12 9 11 14 37 16 25 19 48 20 48
8 6 5 17 8 10 10 48 14 49 16 41 17 43 10 1 17 3 37 4 31 6 15 7 36 10 44 11 12 12 11 13 27 15 40 5 4 12 7 11 11 49 16 23 19 31 11 1 33 2 10 3 16 6 44 11 38 12 43 13 47 15 10 16 13 18 30 20 21 12 4 48 5 20 6 23 8 21 9 15 11 21 12 29 13 22 15 10 16 19 18 31 20 42 6 1 18 3 18 4 41 7 37 8 47 13 10 7 1 50 8 42 9 16 10 17 16 11 18 38 20 50 11 1 28 4 50 5 22 6 25 8 32 9 39 11 42 13 29 14 24 16 39 18 12
3 4 2 22 3 35 7 15 17 23 9 1 25 4 33 6 16 7 17 11 35 14 25 15 40 16 45 17 28 8 4 10 6 25 8 27 12 18 14 37 15 10 18 20 20 38
6 6 3 50 5 43 6 39 13 11 15 18 19 21 12 1 48 2 50 3 26 4 10 10 46 11 46 14 36 15 32 16 36 18 39 19 45 20 46 8 3 14 8 23 9 12 12 24 13 20 14 47 17 19 20 45 7 4 23 5 23 6 18 7 15 9 25 10 24 19 12 3 2 49 6 31 10 34 3 1 48 5 22 7 10
8 12 1 11 3 21 6 30 8 32 11 35 13 48 14 23 15 15 16 42 17 37 18 10 19 37 5 4 28 8 29 9 24 16 41 20 25 3 8 49 12 36 20 18 10 1 30 2 18 3 39 4 25 7 48 8 38 11 34 13 41 14 26 16 45 11 1 49 3 29 4 14 5 29 6 25 7 14 8 29 9 11 14 16 18 25 19 47 11 4 16 6 42 8 47 10 26 12 21 13 44 16 28 17 10 18 44 19 50 20 44 11 1 19 2 13 3 13 6 28 8 15 9 35 11 27 12 45 14 33 15 15 17 33 8 2 17 3 43 4 39 9 10 13 25 14 49 16 33 19 12
7 11 4 10 5 18 6 14 9 36 10 46 11 44 13 12 16 37 17 45 18 14 20 24 8 5 37 7 21 11 37 13 31 15 33 16 36 17 17 20 33 10 2 27 3 45 5 28 8 39 11 48 12 21 13 39 14 12 15 32 18 47 12 1 28 4 28 6 41 7 10 9 37 12 41 13 29 15 10 16 48 17 14 19 20 20 34 3 5 50 15 13 17 11 10 1 19 3 32 4 42 9 35 10 46 13 49 14 50 18 42 19 11 20 13 11 4 26 5 14 6 14 7 21 9 27 10 21 11 19 16 48 17 36 18 13 20 37
3 12 3 14 4 45 6 36 8 37 10 38 12 43 13 19 14 23 17 47 18 36 19 40 20 30 9 4 43 8 32 9 31 10 47 12 38 13 17 14 15 15 43 19 49 10 1 50 4 44 5 39 7 26 8 38 10 19 13 36 15 38 17 23 18 20
3 9 3 24 4 35 6 29 8 13 10 40 11 35 12 18 14 12 17 50 5 1 50 5 47 10 30 16 49 18 36 5 3 31 5 48 8 16 9 18 20 25
7 4 3 15 6 32 9 43 10 19 8 4 19 5 32 8 13 9 13 11 43 17 34 18 48 20 47 5 2 26 3 14 7 33 12 47 20 29 12 1 36 3 10 4 38 5 40 6 14 7 27 8 48 9 40 10 35 15 28 17 19 18 24 9 2 21 3 21 4 24 5 28 8 14 13 39 14 39 16 47 20 19 4 2 33 4 20 15 28 18 30 12 1 28 2 11 3 20 4 38 6 12 8 46 9 27 13 22 14 15 18 32 19 20 20 17
5 4 4 43 16 36 19 21 20 32 9 3 34 5 50 7 31 8 11 9 28 12 30 14 34 15 46 18 34 3 6 32 14 24 17 34 10 2 36 3 24 4 32 6 28 10 22 13 17 14 24 15 25 16 17 18 15 5 2 29 10 40 11 43 14 23 16 46
8 12 1 35 2 14 3 42 4 31 8 10 9 20 12 49 13 39 15 35 16 38 18 13 20 37 7 1 37 7 15 8 28 10 10 11 34 15 47 19 19 9 1 41 2 27 4 12 5 45 6 42 7 31 9 16 10 38 12 29 7 3 21 5 25 6 32 8 31 9 19 10 35 20 24 10 2 48 7 42 8 46 10 12 13 28 15 23 16 44 17 15 18 13 19 10 9 1 17 4 26 7 10 8 26 11 42 12 37 13 42 18 39 20 17 9 2 13 3 48 8 21 9 13 13 12 16 49 17 16 19 17 20 27 12 1 49 4 22 5 49 8 43 9 24 10 34 12 26 13 35 15 48 17 10 19 50 20 36
4 4 1 24 2 43 8 19 14 19 6 4 39 6 30 8 30 12 41 18 18 19 39 3 5 11 11 14 20 44 11 2 41 5 39 6 44 7 42 8 40 12 17 13 22 14 10 15 42 16 50 17 26
6 11 1 31 2 37 3 42 4 46 5 44 7 34 10 32 12 38 15 29 16 42 20 47 6 1 41 3 32 10 10 13 10 14 23 15 43 4 2 45 7 44 9 10 10 15 8 1 44 3 23 6 33 7 22 12 29 13 44 17 30 18 45 7 2 38 3 43 5 29 6 23 11 38 13 34 19 11 4 6 40 7 46 12 42 17 17
4 9 5 47 7 22 8 37 11 13 12 26 16 21 17 30 19 46 20 47 3 1 49 3 25 9 46 8 3 27 4 29 10 33 12 41 17 29 18 24 19 29 20 21 8 3 47 5 31 6 19 7 47 9 24 12 50 13 42 19 20
7 4 2 45 5 32 13 18 14 16 3 2 31 8 48 15 12 4 6 11 7 29 12 28 15 15 7 1 21 5 31 7 49 9 30 13 42 17 43 19 45 8 3 35 5 10 7 44 8 32 11 32 15 12 16 18 20 35 5 4 30 8 23 9 46 12 33 19 48 8 1 37 4 41 6 49 8 45 14 42 15 48 16 23 19 40
3 6 2 21 4 40 8 40 12 22 13 39 15 28 11 1 19 3 46 4 16 6 44 8 28 9 28 10 13 15 46 16 11 17 13 18 20 8 5 22 6 17 8 23 11 11 14 21 15 20 17 11 19 24
3 10 2 26 4 10 8 16 10 36 11 27 12 39 14 44 15 33 16 13 19 36 3 7 41 8 14 20 49 11 1 35 2 30 3 26 5 44 11 16 12 46 13 23 16 21 17 20 19 11 20 35
6 4 1 15 6 48 11 15 12 38 10 1 10 5 35 8 21 11 18 14 30 15 12 16 14 17 38 19 41 20 31 12 1 27 2 41 3 11 4 39 5 50 6 11 7 36 10 37 14 13 15 32 18 41 19 49 9 2 30 3 47 5 42 7 20 8 18 11 15 12 42 15 48 16 44 10 1 35 2 48 4 36 5 15 6 23 10 41 11 10 14 25 17 26 18 11 11 1 50 2 28 3 25 6 46 8 25 10 48 11 17 12 46 16 16 17 34 19 32
3 7 1 46 3 30 9 18 11 41 14 49 17 31 19 42 9 2 22 4 50 6 24 10 11 12 19 14 13 15 36 19 45 20 21 5 1 31 7 20 10 45 11 17 17 23
3 7 6 19 11 24 15 19 16 34 17 34 19 15 20 12 6 3 10 4 30 5 12 14 18 18 33 20 30 4 2 48 6 29 8 21 13 36
6 7 1 28 4 31 16 34 17 21 18 14 19 32 20 32 8 2 47 4 32 5 41 7 32 9 46 10 29 16 17 20 46 3 9 46 11 13 20 37 8 1 49 5 42 10 43 11 34 16 37 17 35 18 14 19 16 11 1 10 2 36 9 15 10 45 13 12 14 19 15 12 16 22 17 17 18 33 20 33 9 4 49 6 20 7 50 11 26 15 27 16 29 17 32 19 11 20 38
8 9 4 49 6 25 10 49 11 44 13 47 14 39 15 41 17 33 18 17 7 1 19 5 20 11 17 12 20 16 10 17 22 20 40 6 1 21 4 25 6 21 10 25 14 18 19 49 4 2 16 5 41 9 47 10 23 12 1 37 2 10 5 48 7 11 8 25 9 31 10 17 11 27 12 48 16 13 17 23 19 23 6 2 32 4 40 7 19 8 13 13 38 15 22 4 3 36 12 21 14 25 16 42 9 1 34 2 14 5 42 8 13 12 22 13 12 17 23 18 43 20 38
8 12 1 14 5 31 6 35 7 49 8 43 9 24 10 20 12 21 13 48 16 47 18 14 19 45 4 1 46 3 15 6 39 17 40 3 3 21 17 41 19 39 4 11 41 13 43 15 31 19 50 11 2 29 4 16 5 32 8 34 11 33 12 38 13 28 14 23 15 40 16 31 19 48 11 1 16 2 21 3 49 6 33 7 32 9 42 10 27 13 27 14 30 17 38 18 22 8 2 29 6 50 9 46 12 15 13 22 14 16 15 12 17 26 9 2 26 5 30 6 27 7 23 10 14 12 50 16 21 19 46 20 13
6 6 3 47 4 26 6 38 11 21 14 46 17 47 5 2 12 7 48 8 32 13 17 15 14 6 3 37 5 16 6 32 8 45 17 26 20 19 8 3 25 10 17 14 45 15 31 16 42 18 23 19 15 20 23 5 1 22 12 28 16 11 19 49 20 38 4 3 29 9 24 12 35 18 19
7 10 2 18 4 47 6 40 7 37 8 28 9 20 12 42 15 26 17 34 20 45 8 3 32 4 44 5 35 8 48 11 19 12 38 13 28 19 20 12 1 16 2 41 3 12 4 29 8 11 9 28 10 41 11 44 13 40 15 24 19 40 20 29 11 1 46 2 40 3 13 4 50 5 15 8 36 12 24 14 17 15 37 17 18 19 47 8 2 41 3 37 7 41 10 26 15 14 16 35 17 34 18 13 9 5 27 9 18 10 28 11 31 13 13 15 27 17 49 18 42 19 42 9 5 16 6 21 8 36 9 31 10 21 12 41 14 36 17 36 19 38
90 55 60 75 105 69 63 72 52 76 40 72 61 92 81 88 127 47 114 154 119 49 45 117 79 99 62 111 57 139 38 57 72 54 50 114 102 154 101 91
3 1 1 2 1 1 3 3 3 3 1 1 3 3 2 2 1 3 1 1
# Instance ID: 57
# Total operations: 209
# Actual flexibility: 0.383
# Generated: 2026-02-14 14:26:22
# Format: Extended Brandimarte for MOFJSP (Comparison Dataset)