10 5
6 3 2 19 3 28 5 37 1 5 32 1 5 36 1 1 43 2 1 34 5 40 1 4 33
7 2 1 14 3 32 1 1 47 3 1 32 2 44 3 31 3 2 40 3 50 4 21 1 1 39 1 3 22 1 2 12
5 2 3 44 4 40 2 1 28 2 32 1 3 27 1 3 37 2 4 31 5 21
8 2 3 43 4 27 1 4 15 2 2 44 5 28 2 1 30 5 28 2 4 20 5 38 2 1 32 4 49 2 1 14 3 50 2 2 11 3 19
3 3 1 14 4 25 5 33 2 1 48 4 19 3 2 38 3 14 4 46
6 1 5 33 2 3 25 5 17 1 2 41 3 1 26 2 38 4 23 3 1 17 3 18 4 14 2 2 15 4 30
4 3 1 44 3 28 5 29 1 2 33 3 1 18 2 25 4 41 1 3 45
6 3 3 18 4 49 5 15 1 3 35 3 2 46 4 14 5 18 2 1 39 4 43 2 2 18 5 37 3 1 19 3 29 5 20
4 1 3 24 2 3 15 5 26 1 5 27 1 3 49
8 3 1 47 2 19 3 20 3 3 12 4 11 5 15 1 5 26 3 2 50 3 11 4 41 3 3 29 4 40 5 25 3 2 14 3 13 4 20 2 4 39 5 23 2 2 30 5 30
85 100 61 122 55 93 51 115 67 97
3 3 3 1 2
# Instance ID: 7
# Total operations: 57
# Actual flexibility: 0.389
# Generated: 2026-02-14 14:26:22
# Format: Extended Brandimarte for MOFJSP (Comparison Dataset)