100 30
6 11 1 30 8 21 15 35 17 45 19 44 20 45 22 12 23 10 25 49 26 12 28 14 13 3 10 4 34 6 10 10 10 12 50 15 30 16 45 18 50 19 23 21 23 23 24 26 44 29 14 13 1 17 3 13 5 27 6 28 10 25 13 16 16 21 17 13 18 49 22 10 24 36 26 21 28 35 11 3 10 7 27 10 44 12 48 14 28 17 23 20 37 24 14 27 24 29 23 30 46 5 6 21 11 11 17 33 19 32 30 11 6 7 47 10 37 20 29 21 10 22 24 27 22
3 15 5 28 6 37 7 24 11 44 12 20 14 38 18 35 19 35 23 31 24 16 25 40 26 33 27 46 28 33 30 44 8 1 35 7 13 12 27 19 43 23 22 25 24 27 26 30 15 15 1 29 3 10 4 34 7 29 10 37 14 12 18 37 19 19 20 13 22 41 23 46 24 17 26 21 27 21 30 46
3 4 7 10 11 26 22 13 30 42 6 5 23 17 47 21 13 26 30 27 29 30 41 14 1 42 2 35 9 31 10 14 11 15 13 41 14 25 15 22 18 24 19 14 22 14 27 45 28 39 30 11
3 13 2 45 3 19 4 39 5 41 7 12 8 43 9 27 10 50 23 27 24 40 26 16 27 16 28 20 11 5 21 8 47 9 29 17 22 20 35 21 14 24 36 25 25 28 15 29 16 30 12 9 4 13 5 31 7 15 8 17 21 24 22 31 23 12 26 21 28 39
4 18 1 46 2 32 4 37 5 40 6 37 7 41 8 33 11 19 12 13 13 25 18 50 19 44 20 44 22 27 26 41 27 33 29 18 30 50 14 2 48 4 15 5 22 6 16 8 10 11 44 12 29 13 47 19 45 22 36 23 44 25 40 27 36 29 26 15 1 25 7 22 9 25 11 50 13 23 15 19 16 37 17 16 18 24 19 17 20 20 22 30 24 12 25 42 28 33 10 3 48 4 41 6 18 7 25 10 39 13 32 17 21 18 42 19 50 27 47
4 15 2 46 3 34 4 18 11 25 12 17 14 30 15 14 17 11 19 33 20 13 22 41 25 45 26 10 28 29 30 17 9 7 46 9 14 17 42 18 45 22 40 26 31 27 44 28 22 30 19 5 6 17 12 37 20 45 24 29 25 16 13 4 30 5 19 7 12 8 41 13 11 16 37 18 46 20 34 24 38 26 33 28 31 29 19 30 45
5 5 9 35 16 34 23 34 29 15 30 40 16 1 12 3 34 6 31 7 16 8 24 13 32 15 41 16 20 18 25 20 43 22 29 26 21 27 29 28 50 29 49 30 20 5 8 25 12 12 16 21 20 44 26 38 16 1 14 4 12 5 44 8 27 10 16 11 17 12 49 13 47 15 12 16 24 19 46 20 49 21 27 22 26 27 34 29 13 5 11 49 12 18 13 36 18 27 27 31
3 9 9 37 12 41 14 12 15 28 16 50 19 49 22 20 26 25 28 15 14 1 43 2 44 5 42 6 21 10 46 16 17 17 33 18 16 19 10 20 14 22 14 26 29 27 40 28 36 7 2 11 5 43 10 45 12 32 13 32 16 10 21 37
6 12 2 18 4 41 9 46 10 43 11 15 12 46 14 17 21 48 22 24 26 13 28 20 29 48 14 1 31 4 10 6 22 7 46 9 21 12 37 16 50 18 49 21 21 22 43 24 20 25 19 26 26 28 17 12 6 50 8 23 9 31 10 17 11 31 14 46 15 40 16 47 21 38 24 26 25 40 26 36 16 1 45 3 12 4 32 5 37 8 11 12 47 13 47 17 19 18 37 22 20 23 13 26 47 27 45 28 38 29 27 30 37 13 2 22 3 22 4 18 8 19 10 45 12 37 14 47 18 14 19 40 21 41 24 35 26 38 28 41 14 2 39 3 11 4 25 5 36 7 20 8 46 12 19 13 14 14 16 19 47 20 28 22 36 24 14 25 38
8 9 1 39 3 34 10 14 14 23 19 50 20 18 21 29 23 11 28 50 17 1 18 2 44 3 30 5 24 7 22 10 20 11 50 13 20 14 24 15 29 16 50 17 38 18 13 23 34 25 36 26 24 30 31 18 1 33 2 11 5 34 7 41 9 12 10 15 11 29 12 21 13 11 16 16 17 12 18 11 19 21 20 46 25 43 27 27 28 44 30 32 17 1 25 4 23 5 26 7 39 9 31 11 41 12 35 13 21 14 30 15 26 18 13 19 48 22 25 25 46 26 19 27 25 30 20 7 3 32 4 27 10 29 25 12 26 48 27 29 30 20 15 1 31 3 28 5 28 10 14 11 15 12 45 13 41 15 15 16 36 18 15 19 25 22 15 23 31 28 16 30 36 10 1 45 3 27 9 12 14 18 18 26 19 44 21 45 22 47 23 32 30 10 15 1 19 2 46 3 35 6 17 9 36 10 24 12 43 13 32 14 28 17 39 18 41 19 48 20 48 22 39 26 42
6 10 1 40 3 39 7 25 8 17 13 40 18 50 21 24 23 45 25 37 30 45 15 2 34 5 10 8 23 9 15 10 49 11 12 12 40 13 37 18 45 19 26 20 34 22 19 25 22 26 23 29 47 9 3 45 7 27 8 36 10 17 11 16 21 45 22 14 24 34 29 32 6 6 18 10 31 11 37 14 32 19 12 23 13 12 2 13 4 48 6 30 7 43 13 49 15 46 16 10 17 13 25 45 27 42 28 37 30 43 7 3 50 4 18 7 42 11 40 18 16 21 46 29 29
8 12 1 11 3 23 9 43 11 16 13 18 15 33 16 10 19 21 21 21 26 40 28 26 30 38 14 2 35 3 18 7 45 8 44 9 27 10 31 13 24 15 49 18 29 19 30 20 32 21 28 27 36 30 40 8 4 36 6 30 12 22 13 49 15 37 22 49 26 45 28 19 6 1 24 3 29 4 30 24 46 27 26 29 23 4 7 32 14 42 18 30 26 33 17 2 29 3 24 4 15 6 46 7 47 8 11 12 14 14 17 16 20 17 27 18 23 19 21 20 21 21 28 23 29 25 27 29 17 10 2 29 8 22 10 18 11 21 12 38 20 39 24 22 26 34 27 47 30 49 6 1 38 2 41 6 28 11 19 17 13 22 18
3 16 1 24 2 29 4 26 5 29 7 12 11 20 14 13 18 47 20 23 21 47 24 17 25 12 26 22 27 34 28 42 30 31 16 3 24 8 11 10 35 14 13 15 49 17 14 18 12 19 47 20 40 21 21 24 40 25 42 27 32 28 41 29 40 30 26 10 1 13 2 26 3 35 5 26 8 36 9 17 13 19 17 43 24 42 30 30
3 11 3 18 5 44 6 17 7 13 8 24 12 15 13 42 15 36 22 47 25 19 28 49 18 3 36 4 48 9 33 11 46 12 36 14 36 15 46 17 31 18 22 19 18 20 25 23 24 24 34 25 41 26 29 28 25 29 34 30 25 15 3 13 4 30 5 11 8 40 9 42 10 40 14 17 15 21 16 34 17 32 18 47 19 25 21 35 23 17 26 48
3 15 3 29 4 24 6 40 8 11 10 20 11 42 12 27 13 26 17 20 18 35 22 31 25 31 26 47 27 47 30 24 18 1 28 3 44 4 26 5 47 6 32 7 31 10 35 12 47 14 15 15 31 17 43 18 14 21 43 22 10 24 37 26 49 29 19 30 26 4 9 36 13 21 15 25 29 26
4 15 1 19 2 10 3 20 5 20 6 38 9 39 10 40 11 26 17 17 18 42 22 49 24 49 25 36 26 15 28 11 14 3 20 4 20 6 31 7 13 8 49 9 41 16 37 17 39 18 46 19 45 20 42 21 29 24 24 25 37 18 1 50 3 13 4 42 6 12 9 47 10 44 12 30 14 47 17 47 18 12 19 21 20 32 23 49 25 45 26 45 27 30 28 21 30 50 17 1 13 3 11 5 14 7 33 9 29 11 27 12 42 13 39 14 30 15 10 16 14 18 34 19 27 20 13 23 28 24 27 27 30
8 14 2 50 4 29 5 44 6 33 8 24 9 44 12 33 13 31 14 24 17 34 21 42 23 46 25 23 27 28 14 4 34 5 49 7 28 9 33 11 31 13 14 14 33 15 10 17 13 20 30 21 40 24 47 28 11 29 37 7 10 38 19 47 20 50 21 10 22 25 27 13 28 38 14 1 45 3 46 8 19 12 14 16 18 17 45 20 26 21 42 24 36 25 47 27 26 28 29 29 27 30 40 17 1 36 2 38 4 28 7 40 9 31 11 14 12 19 13 41 14 29 16 30 20 24 21 13 23 34 24 46 27 31 28 50 29 10 8 5 26 6 18 12 15 14 32 17 41 23 35 24 38 28 14 15 1 19 3 45 8 25 10 23 11 30 12 49 13 37 16 32 17 42 20 47 24 10 26 23 27 12 28 26 29 47 14 4 38 8 40 9 44 10 27 12 16 13 24 14 39 18 40 19 48 21 46 23 10 24 39 25 45 30 46
4 10 1 17 2 27 3 20 18 40 19 30 20 41 21 27 26 49 27 29 30 29 13 1 28 2 44 3 39 8 18 11 44 15 49 18 45 19 45 21 10 23 12 25 38 26 40 29 23 4 2 14 6 48 10 46 13 31 9 1 28 3 22 4 39 10 40 15 16 18 26 20 32 24 16 27 43
4 12 3 28 6 25 7 37 8 48 9 45 10 50 14 18 16 27 18 38 25 34 28 30 30 22 10 1 10 3 49 4 16 8 35 13 11 23 37 24 33 25 11 26 25 28 38 13 3 33 4 23 5 20 6 28 7 19 8 36 9 20 13 40 14 50 22 30 24 17 26 28 30 32 16 1 38 4 35 5 27 7 42 8 47 9 32 11 33 13 36 17 38 20 31 21 20 22 35 23 26 24 40 25 10 30 21
7 9 2 16 4 37 7 32 13 34 14 39 15 34 17 37 18 37 19 30 6 1 32 8 48 11 24 12 34 17 46 30 25 16 2 45 4 14 5 29 7 46 11 22 13 33 14 37 17 41 18 13 20 11 21 39 23 48 24 25 25 15 27 19 28 43 12 2 42 3 44 6 21 7 14 10 22 11 50 18 21 20 47 24 43 26 13 28 25 30 27 5 6 36 7 23 10 26 17 46 18 46 18 1 42 4 24 5 22 6 21 7 23 10 15 11 21 12 16 13 23 15 38 16 29 17 38 18 33 20 13 21 22 22 14 26 26 27 35 8 1 16 5 22 7 40 16 19 17 44 22 17 24 44 29 20
6 11 1 17 3 49 7 31 9 10 10 49 12 13 17 12 18 34 21 35 29 11 30 43 11 5 20 7 28 11 49 14 39 15 15 19 14 20 36 21 19 23 30 24 28 25 39 4 1 33 15 41 21 16 26 21 11 3 20 10 15 11 20 12 16 13 35 17 35 18 47 21 42 22 36 24 18 25 26 16 1 46 3 25 4 34 6 29 12 19 13 26 16 22 17 36 18 48 21 20 22 11 23 29 24 32 25 35 27 25 28 47 11 4 29 6 43 8 20 9 14 11 14 12 19 13 37 17 28 21 37 25 44 28 30
6 5 2 27 6 37 16 26 23 13 28 37 5 6 27 18 20 26 29 28 46 30 26 5 17 16 18 13 20 13 23 46 29 33 5 1 13 2 19 9 44 21 17 22 23 15 3 28 4 46 5 50 7 40 9 37 11 46 13 27 15 36 21 38 25 11 26 45 27 19 28 41 29 50 30 24 5 4 44 8 32 15 29 18 23 24 15
5 16 2 39 4 11 5 37 6 12 7 30 8 30 10 11 15 24 16 20 20 44 21 36 22 28 23 14 24 11 27 26 30 15 13 1 37 5 29 8 38 13 13 14 42 15 14 16 13 17 42 22 29 24 15 25 31 28 10 30 13 8 3 36 4 28 9 40 18 15 21 42 26 21 28 26 30 43 17 2 10 3 41 5 21 6 26 7 34 8 22 9 35 10 31 12 43 13 19 18 43 19 37 21 39 24 31 26 42 28 45 30 42 14 1 19 3 31 4 44 5 41 7 40 8 16 9 47 10 44 12 14 13 22 20 50 21 47 22 16 24 13
4 4 1 12 9 44 16 18 28 33 6 6 25 14 41 17 38 20 43 22 34 30 40 11 3 21 6 22 7 22 10 46 15 22 17 26 20 26 22 18 24 35 27 25 28 16 18 1 40 4 41 9 16 10 22 11 33 12 18 15 36 17 11 18 37 21 23 22 45 23 36 24 32 25 22 27 27 28 13 29 12 30 43
8 17 1 26 2 18 3 19 8 20 9 15 12 31 13 23 15 32 16 21 17 41 19 21 20 29 23 25 24 30 25 36 27 50 29 23 14 4 47 5 34 6 28 9 25 11 27 12 38 19 12 20 12 21 24 22 49 23 38 26 17 27 16 28 24 12 2 12 3 12 4 23 6 39 8 21 9 37 11 47 21 10 24 16 27 24 29 33 30 11 9 5 37 7 41 8 15 11 10 14 26 18 30 24 34 25 15 28 49 5 1 50 5 21 6 32 12 29 29 46 12 1 28 4 26 8 47 9 16 11 30 13 50 21 12 25 31 26 24 27 46 28 30 29 25 15 3 43 5 22 8 29 9 29 10 24 12 13 13 30 14 25 15 41 17 37 19 22 21 26 22 19 23 38 29 14 18 1 38 2 14 3 14 4 29 5 19 6 24 8 16 12 22 14 15 16 16 17 23 20 34 21 21 22 17 24 42 25 23 28 22 30 32
7 17 2 45 4 48 5 34 6 31 8 43 9 13 10 23 11 17 13 35 14 47 19 47 20 29 21 47 22 33 23 34 24 43 25 46 18 1 11 2 47 3 38 5 29 7 30 9 43 10 38 11 45 12 39 13 13 15 14 17 26 19 17 22 20 23 38 25 39 27 18 29 29 14 1 37 3 13 8 23 9 23 11 16 13 44 14 23 15 18 18 48 20 27 22 31 26 37 27 28 29 40 16 1 41 2 22 3 18 6 45 9 40 12 33 15 15 17 20 18 26 19 46 21 28 22 10 25 45 26 12 28 31 29 44 9 4 50 5 25 6 23 12 42 17 41 18 24 28 46 29 28 30 48 8 4 27 6 19 8 37 16 10 22 15 23 41 27 26 30 12 7 2 49 14 11 15 11 18 20 25 24 27 31 30 22
7 4 3 41 10 36 15 42 23 29 17 2 40 7 49 9 20 10 25 11 34 12 24 14 40 15 26 16 32 17 21 18 11 23 41 24 14 25 34 26 12 27 35 30 44 15 1 29 3 16 4 35 9 30 10 33 11 48 16 44 17 49 19 14 21 39 22 27 23 11 26 48 28 12 29 37 16 3 23 5 40 6 35 9 20 11 31 13 21 14 40 15 44 16 47 18 39 20 23 21 43 25 10 26 44 29 43 30 16 16 4 39 5 27 6 14 10 42 15 31 16 42 18 21 19 23 20 14 21 20 24 29 25 17 26 49 28 30 29 30 30 30 16 2 26 3 12 4 28 5 15 6 41 8 31 11 29 12 10 13 18 14 10 18 27 23 48 24 43 26 48 29 31 30 14 13 2 36 6 28 7 43 9 12 10 34 13 42 16 25 19 10 20 20 22 36 26 25 27 25 29 22
6 7 5 23 21 21 23 27 24 44 26 11 27 15 29 30 6 1 49 2 44 3 10 4 47 21 19 22 30 14 3 45 4 26 7 26 8 41 11 10 12 25 13 27 19 45 20 34 24 33 26 29 28 39 29 23 30 41 5 7 31 8 37 20 45 23 43 27 47 14 2 27 5 32 6 18 7 25 9 31 10 43 17 42 19 10 21 34 22 29 23 42 27 29 29 30 30 15 16 1 50 3 34 4 46 5 43 11 42 13 45 15 36 17 21 19 38 22 13 24 16 25 43 26 30 27 23 29 24 30 23
4 6 4 35 7 26 13 15 14 41 16 41 24 15 8 1 43 6 40 7 41 15 21 17 22 21 19 25 35 26 27 8 5 46 8 46 12 50 20 46 22 21 23 32 25 10 28 16 16 3 39 4 40 5 17 7 21 9 18 10 12 11 11 12 47 13 23 18 42 25 38 26 41 27 12 28 11 29 36 30 22
5 8 1 30 2 50 5 20 12 29 13 38 14 49 21 18 26 46 4 13 22 21 42 23 46 29 25 6 4 38 9 46 19 31 21 41 23 28 29 29 5 5 11 6 36 9 48 11 16 26 12 10 4 19 5 31 8 44 15 48 19 31 23 20 24 45 25 41 26 37 30 19
4 16 2 47 9 42 10 13 11 18 12 47 14 33 15 13 16 35 17 29 19 43 20 32 23 20 24 32 25 47 27 22 30 31 7 5 33 6 16 9 28 11 45 12 10 16 23 25 25 14 1 49 2 36 3 20 5 27 6 38 7 12 9 31 10 41 11 15 12 10 13 35 15 49 23 21 30 49 6 1 45 2 33 4 14 10 16 16 46 20 17
3 12 3 50 5 29 10 18 13 28 20 22 21 25 22 13 23 28 24 49 26 28 29 41 30 41 17 2 48 3 22 4 49 5 10 6 30 7 35 10 10 11 43 12 12 13 25 16 46 18 14 21 18 23 36 25 40 29 14 30 26 6 3 13 4 13 6 13 16 21 19 13 23 18
4 15 3 39 4 49 7 38 8 29 9 29 10 20 13 32 16 50 18 42 21 41 24 14 27 14 28 21 29 30 30 16 14 1 32 2 27 4 33 7 50 10 10 11 41 16 43 21 33 22 28 23 29 25 27 27 39 29 33 30 24 14 8 18 11 33 12 15 13 36 15 22 16 16 17 31 18 43 19 22 20 20 21 16 24 33 26 29 28 46 10 5 27 9 20 10 12 12 44 13 46 14 21 20 40 22 39 26 50 30 50
3 17 1 37 2 46 3 48 6 38 7 42 9 22 10 16 13 25 15 15 16 35 17 20 18 43 20 45 21 14 23 37 26 12 28 30 9 1 16 4 48 5 32 6 39 8 43 14 41 18 34 23 34 26 28 14 1 29 3 19 6 16 8 37 11 46 13 37 15 31 17 39 19 27 21 14 24 34 25 42 27 39 29 28
3 9 4 24 5 13 6 40 8 16 14 10 15 32 23 10 28 15 30 24 13 2 12 4 11 8 22 10 15 12 17 13 25 15 27 17 44 23 22 26 14 27 21 28 22 30 12 13 2 30 8 46 11 14 13 36 15 22 16 32 17 22 18 25 19 44 23 18 27 46 29 27 30 45
5 14 1 45 2 42 7 32 12 15 15 19 16 17 19 20 20 30 21 29 22 32 23 10 27 14 28 48 29 22 14 3 29 4 26 6 10 12 40 15 16 17 43 19 25 21 44 23 49 25 16 26 21 28 23 29 50 30 20 10 1 13 4 18 11 43 12 21 13 44 16 41 19 33 23 24 24 38 28 31 15 1 33 4 44 6 20 7 23 8 37 9 13 12 47 15 31 16 35 18 40 19 50 20 29 23 46 25 39 28 39 6 7 31 9 15 11 10 19 25 23 49 30 29
8 18 5 38 6 27 7 10 8 14 9 35 10 18 15 29 16 39 17 33 19 49 20 26 21 22 22 28 24 28 25 42 26 12 28 45 29 35 4 4 14 7 31 21 21 29 10 6 2 25 8 13 10 38 25 18 29 39 30 30 12 2 35 7 34 9 18 11 49 14 10 16 29 17 12 18 45 20 37 21 19 22 25 27 45 16 2 46 3 48 6 41 7 29 8 15 10 38 11 47 15 34 17 47 20 22 21 28 22 23 24 49 28 46 29 22 30 19 11 3 41 4 30 6 29 10 33 11 45 12 45 14 31 15 50 16 33 25 38 29 31 4 4 48 5 18 7 41 9 36 12 1 49 2 31 10 23 11 29 13 22 17 12 19 36 21 31 24 12 26 21 28 12 29 38
6 15 2 43 3 30 5 28 6 42 8 34 9 15 10 28 13 34 14 12 16 19 21 45 23 18 24 37 27 16 28 39 18 1 28 2 42 3 21 5 47 6 43 8 12 10 38 12 49 13 42 14 42 15 38 17 14 21 41 22 10 23 40 24 20 27 34 28 12 16 1 47 6 19 7 22 10 21 13 15 15 24 17 21 20 12 21 35 22 28 23 22 25 24 26 22 27 24 28 27 30 46 5 6 41 9 14 18 26 20 27 29 40 10 1 26 4 38 7 22 13 34 18 13 19 36 21 32 23 39 26 17 27 35 14 1 50 6 11 7 16 9 49 11 34 12 19 14 35 16 16 17 42 18 22 21 14 22 37 27 25 29 14
4 14 1 19 3 21 7 18 9 20 13 30 14 44 16 25 17 16 18 40 20 33 21 11 22 35 23 32 24 16 11 6 50 9 26 11 35 13 39 16 45 18 21 21 30 23 18 24 29 26 32 30 27 15 5 42 8 25 10 43 13 21 14 50 15 22 16 26 17 14 18 28 19 43 21 15 22 16 23 32 26 50 30 39 5 10 20 13 38 14 45 18 40 24 35
3 15 2 44 4 44 5 31 6 48 8 20 9 12 10 39 12 14 14 40 15 10 16 26 18 39 19 14 23 34 28 13 14 1 24 2 50 3 14 4 46 5 31 6 14 7 26 9 30 11 32 17 30 19 16 22 38 23 35 30 22 7 2 34 4 11 5 19 15 18 21 41 28 50 29 30
4 4 1 29 8 13 9 21 14 34 15 2 42 6 40 7 20 9 30 10 45 13 29 17 31 19 25 20 20 21 38 22 34 24 46 25 29 27 31 30 16 16 1 26 2 47 4 23 10 14 12 20 14 16 16 22 18 27 19 35 21 10 22 35 23 25 25 11 26 22 28 30 29 14 16 1 19 2 33 3 45 10 12 11 46 13 47 15 44 18 46 19 46 20 35 22 46 24 32 25 18 26 20 27 13 28 34
8 7 1 14 2 12 5 13 18 28 22 27 23 12 26 35 8 3 43 5 34 6 17 11 23 17 47 21 18 28 43 29 10 18 2 32 4 28 7 30 8 49 10 26 11 13 12 46 15 43 16 17 20 31 21 37 22 17 23 42 24 45 25 13 26 13 28 41 30 13 13 1 45 2 10 3 40 5 24 6 24 7 42 13 12 17 48 19 33 21 28 26 33 29 44 30 27 9 2 17 3 21 6 42 7 21 11 18 14 18 21 21 24 49 29 41 6 4 39 9 31 17 38 20 35 25 13 27 40 6 1 24 6 50 8 19 14 47 22 10 30 12 5 4 23 5 39 12 14 17 35 26 15
6 7 6 16 9 29 11 39 20 41 22 15 23 13 26 48 5 2 34 13 22 14 13 16 45 25 28 14 1 24 3 46 8 22 10 33 12 27 14 18 18 34 19 49 22 44 24 46 27 34 28 34 29 22 30 26 13 1 49 8 47 11 21 14 50 17 26 18 38 19 34 20 14 21 39 23 29 24 14 25 37 26 27 4 3 34 4 33 5 41 27 31 8 3 33 4 39 5 47 7 18 12 22 13 28 19 20 30 18
8 6 6 32 17 49 18 22 20 16 26 32 29 38 14 1 36 5 16 6 50 8 35 10 15 14 22 17 45 18 19 19 16 21 38 23 14 24 19 27 42 30 36 11 1 32 2 17 6 31 11 16 12 18 13 13 17 37 19 50 20 29 22 32 24 16 6 2 37 3 45 8 19 20 35 24 10 25 31 6 2 30 6 36 8 46 20 24 21 32 27 20 10 3 10 5 22 7 36 12 31 15 39 22 45 24 17 28 49 29 23 30 20 12 2 27 3 40 7 19 11 28 12 13 17 35 20 49 21 18 22 28 23 12 28 37 29 49 11 2 39 4 48 8 41 11 50 12 15 13 27 16 35 18 38 19 49 27 50 29 19
6 17 1 49 2 23 3 15 4 21 13 21 15 18 17 12 19 34 20 41 22 44 23 17 24 25 25 48 26 22 27 34 29 25 30 31 9 2 46 8 28 11 10 16 14 20 20 21 42 24 32 25 46 27 34 11 3 11 4 46 7 30 15 37 17 18 19 16 21 20 23 34 28 47 29 16 30 45 17 1 46 2 22 3 11 7 49 9 33 11 35 12 50 13 13 14 40 17 13 19 18 23 50 24 38 25 34 26 36 27 24 28 22 12 4 12 7 25 8 28 10 42 13 26 14 20 15 26 16 34 18 25 21 39 25 44 26 31 14 1 37 2 47 3 31 7 42 8 41 9 34 12 28 19 49 21 32 22 49 23 26 24 22 25 27 30 21
7 13 1 49 6 30 9 33 15 26 16 21 19 11 20 24 24 14 26 19 27 36 28 33 29 18 30 11 4 2 41 17 38 18 18 21 37 17 1 11 3 14 4 28 6 50 9 16 10 39 11 24 14 30 15 10 20 29 22 19 23 48 24 48 25 28 26 37 27 29 30 39 9 8 12 9 15 14 33 16 20 17 22 23 25 24 13 26 35 28 28 14 1 34 2 30 7 29 9 20 10 15 13 48 14 34 17 19 22 12 23 32 26 23 27 41 29 36 30 10 4 2 48 14 28 22 17 27 15 18 1 48 2 14 3 30 5 40 6 26 7 50 12 34 17 34 18 10 19 31 21 40 22 44 23 33 24 16 25 48 27 10 28 10 30 40
6 14 1 27 4 48 5 22 7 21 13 14 18 24 19 43 21 23 22 50 23 41 24 49 25 30 27 34 28 44 12 1 18 3 46 6 23 7 28 9 19 12 34 13 41 17 27 18 40 21 20 27 42 28 28 15 1 14 2 46 3 16 6 15 7 35 8 30 10 14 11 31 12 42 13 20 16 22 18 44 24 39 26 25 27 18 9 7 36 8 22 12 29 21 15 24 30 25 13 26 30 29 11 30 18 17 2 30 6 14 7 29 8 13 9 48 10 22 14 34 15 27 17 47 19 45 20 25 22 44 24 30 25 35 27 20 29 33 30 33 12 1 42 2 29 4 13 8 25 10 15 16 18 19 18 20 28 22 13 23 42 24 19 30 27
5 12 2 30 4 14 11 17 13 33 15 14 18 25 21 48 22 11 25 36 26 37 27 21 30 22 18 4 34 5 21 7 15 8 20 10 41 13 49 14 18 15 50 16 38 17 48 18 38 20 32 21 47 23 32 24 16 26 44 28 41 30 47 4 4 12 14 49 17 40 24 10 9 2 21 7 47 10 15 12 29 21 41 22 44 23 27 24 23 26 47 17 1 36 2 16 3 48 4 22 5 32 8 10 12 18 13 47 14 29 16 36 17 22 19 23 21 45 24 43 27 36 28 15 30 19
8 14 1 19 3 27 6 30 7 21 8 16 9 19 10 27 11 40 13 19 20 22 21 36 23 47 24 28 25 50 9 2 41 7 29 9 32 10 31 12 35 16 41 17 12 18 32 22 24 12 1 50 3 20 7 20 9 15 13 25 17 32 18 32 19 48 22 13 27 30 28 27 29 33 9 4 18 17 43 18 34 19 29 21 26 23 24 25 39 26 49 27 10 15 1 28 4 46 5 26 6 46 10 41 11 40 14 41 15 47 16 14 17 46 18 26 21 34 22 27 29 47 30 47 15 2 17 4 34 7 11 8 42 11 47 12 25 16 16 17 11 18 26 19 18 20 50 24 37 25 43 26 34 30 10 17 1 35 2 23 3 19 4 11 8 49 12 43 15 42 16 33 18 32 19 40 21 11 23 17 24 45 26 19 27 14 28 42 29 48 17 1 21 2 49 6 49 7 11 8 11 10 11 11 31 12 42 13 39 14 47 15 31 16 46 18 17 20 22 22 15 26 48 28 22
3 10 2 23 7 41 11 19 14 13 20 13 21 13 24 10 26 17 29 17 30 42 13 3 10 9 49 10 34 11 41 13 40 16 48 21 14 22 28 25 27 26 20 27 50 28 33 30 41 5 10 39 23 46 26 26 27 48 28 46
7 6 2 43 15 44 16 15 19 30 23 14 26 10 8 4 33 6 43 10 25 12 31 18 37 21 13 25 42 26 17 18 1 10 3 36 6 41 7 50 8 17 9 20 12 42 13 25 15 43 16 20 17 29 19 32 20 23 21 48 22 48 27 32 29 46 30 22 12 4 31 7 46 9 32 10 22 15 14 22 46 25 31 26 32 27 28 28 48 29 34 30 43 11 3 21 5 31 8 36 15 47 17 45 20 50 22 44 24 38 26 10 27 25 30 37 9 5 30 6 44 9 37 10 24 13 48 15 26 17 32 25 35 27 18 9 2 40 5 21 7 29 8 39 9 19 13 34 14 34 20 19 27 13
5 14 4 36 6 16 7 38 12 29 16 17 17 42 18 47 19 21 20 29 22 18 24 34 27 10 28 21 29 16 8 1 43 3 45 6 10 7 44 14 24 15 14 18 32 26 31 4 5 32 11 41 19 39 21 30 5 6 32 9 18 16 37 17 46 21 14 13 1 31 3 40 4 25 9 42 11 17 12 22 15 11 21 34 22 40 25 33 26 26 27 12 28 32
4 18 1 35 2 39 4 25 8 21 9 11 10 42 11 18 12 28 13 49 14 23 16 15 17 48 18 34 21 16 25 43 27 16 28 23 29 31 5 4 41 13 40 14 20 21 13 29 47 14 1 10 2 28 5 47 9 27 10 16 11 13 12 34 14 47 17 47 20 40 21 42 23 38 28 35 29 29 18 3 25 4 25 7 27 8 10 9 22 12 33 13 41 15 23 16 46 17 32 19 18 21 35 22 14 23 45 27 27 28 41 29 29 30 25
8 8 3 38 5 33 6 34 7 30 17 41 19 41 28 33 29 20 9 4 21 10 43 15 41 16 24 18 46 23 24 24 26 27 39 28 30 5 9 11 12 30 19 47 20 30 21 13 11 4 42 5 18 7 35 8 28 11 50 14 16 16 49 21 33 24 24 25 46 29 38 12 4 23 7 11 9 15 10 34 11 19 16 11 17 49 21 16 26 49 27 30 28 17 30 46 10 3 11 9 22 12 48 15 14 19 33 21 35 24 39 25 45 28 30 30 30 11 1 21 2 42 3 44 6 28 8 32 13 47 17 11 18 45 22 34 23 11 28 29 7 1 20 3 50 10 15 19 15 20 22 25 49 30 44
3 11 2 16 3 37 4 32 10 20 17 25 18 18 19 44 22 47 24 22 25 37 30 15 17 1 22 2 41 8 39 10 18 14 14 15 41 16 35 17 44 18 34 19 29 20 15 23 36 25 13 26 15 27 38 29 32 30 12 10 1 36 6 29 10 17 20 29 23 42 24 16 26 38 28 10 29 48 30 13
6 13 1 26 3 41 4 20 7 14 10 21 11 26 13 18 15 35 20 16 22 19 25 44 27 47 29 24 10 1 43 12 27 17 33 18 37 19 44 20 49 23 40 25 20 29 12 30 37 10 1 38 6 32 7 13 14 42 15 42 17 26 22 39 24 30 27 13 28 50 12 3 24 4 20 5 37 7 12 11 32 13 26 18 36 19 49 22 34 26 50 27 21 30 15 4 1 19 9 37 10 24 11 10 5 2 32 6 20 20 28 22 25 24 46
3 17 1 28 4 19 5 42 7 50 8 30 9 19 12 14 13 17 15 35 17 43 18 12 21 14 24 43 25 13 26 45 27 11 28 21 8 6 36 7 17 8 41 11 13 12 23 13 35 14 38 19 11 15 3 15 4 15 5 17 6 16 7 37 9 47 12 48 14 44 20 21 23 14 24 42 26 48 28 33 29 20 30 11
4 10 6 32 10 37 14 10 15 39 17 28 19 25 21 18 22 49 28 34 30 37 4 2 15 10 23 13 42 25 43 9 1 34 5 34 8 35 12 44 17 21 19 19 20 18 29 36 30 50 6 8 30 9 46 12 27 13 49 14 50 16 18
7 5 2 47 5 41 10 10 13 16 16 31 12 1 22 4 22 9 47 11 40 12 14 14 30 17 31 18 25 19 41 21 36 23 15 29 23 4 2 31 7 49 16 22 27 36 5 12 36 18 27 23 39 24 46 27 45 7 1 36 5 10 8 44 10 29 18 28 23 21 30 21 18 1 22 2 28 3 42 6 24 7 48 11 46 12 44 14 32 15 47 16 11 17 35 19 25 20 25 24 45 25 15 26 47 27 48 29 10 8 6 30 10 34 11 21 16 30 18 19 19 16 20 49 29 38
7 10 2 21 3 24 5 13 8 16 9 24 12 19 13 24 24 49 25 44 27 47 4 5 32 18 48 21 11 23 36 18 2 26 3 13 4 26 6 22 7 21 9 50 10 25 11 29 12 19 16 44 17 47 18 37 19 40 22 40 23 45 25 46 28 10 29 24 12 1 47 2 16 6 26 14 29 16 44 17 17 20 27 22 41 24 20 26 19 27 40 28 21 13 1 10 2 44 3 49 5 40 7 29 10 43 11 28 12 25 21 32 23 47 27 43 28 36 29 19 13 3 40 4 42 8 11 11 21 13 44 16 32 17 50 20 35 22 10 25 10 26 32 28 49 29 12 11 3 22 6 27 9 34 10 40 16 27 21 12 22 41 23 14 27 35 28 23 29 19
8 9 1 22 4 46 6 37 12 26 13 22 14 42 24 39 26 44 30 19 4 8 27 9 33 19 11 30 31 7 3 18 6 45 7 24 9 27 18 12 27 11 28 32 16 1 10 4 45 5 18 7 16 8 13 10 12 16 10 17 47 18 30 20 10 22 47 25 41 27 16 28 37 29 31 30 49 18 1 34 2 41 4 26 5 18 6 42 7 11 8 16 9 22 10 26 12 50 13 29 14 44 16 45 17 18 21 34 22 36 28 37 30 25 7 10 26 16 28 17 35 18 21 19 10 28 34 30 44 7 1 18 2 21 3 39 4 28 13 36 14 32 25 50 15 1 42 3 13 4 26 5 18 8 34 10 29 11 15 13 11 14 15 15 12 16 32 17 50 25 49 29 23 30 47
7 14 1 39 5 43 7 15 11 41 15 14 17 38 19 27 20 24 22 31 23 33 25 38 27 46 29 24 30 48 11 1 28 8 34 11 33 15 18 18 41 19 31 20 49 22 33 26 12 27 27 29 44 9 2 10 4 10 8 45 16 18 17 18 18 33 23 28 24 27 27 22 10 2 15 5 39 12 11 15 13 16 31 21 44 23 42 27 21 28 48 29 17 10 1 42 3 12 4 29 6 26 14 16 15 16 16 48 18 13 21 28 30 30 14 1 11 2 46 5 17 6 35 7 30 9 45 12 33 14 42 20 46 21 23 26 50 27 13 29 31 30 39 9 3 11 4 37 11 29 12 12 14 10 17 26 19 42 25 13 27 29
8 17 1 45 6 15 7 45 8 17 10 38 13 23 15 31 16 14 18 16 19 18 21 19 22 30 23 13 24 22 26 23 28 18 29 34 4 14 13 16 42 21 24 25 40 6 1 30 12 34 14 33 21 33 22 19 27 23 10 3 30 5 10 10 47 15 25 17 40 21 40 24 21 26 47 28 20 30 13 6 1 43 11 15 15 49 25 26 29 11 30 32 5 1 23 16 36 21 35 23 32 30 37 15 1 48 3 30 4 50 5 25 6 15 10 46 12 45 15 12 17 12 19 42 21 41 23 31 25 43 27 33 29 34 4 2 32 12 49 16 20 23 26
8 10 4 14 6 35 11 27 13 21 14 38 17 49 18 19 21 16 26 15 27 28 12 1 34 2 19 3 18 6 41 9 48 16 22 17 30 18 27 23 46 24 16 25 17 29 46 12 1 36 3 49 4 49 6 48 9 19 10 26 13 38 16 42 17 41 19 16 24 31 30 33 17 1 14 2 34 5 48 6 13 7 17 9 47 11 35 14 32 15 37 18 25 20 27 21 37 22 39 23 28 24 35 29 34 30 38 17 2 50 5 13 6 38 7 29 9 21 12 27 14 33 15 29 17 45 18 24 21 27 23 45 25 14 26 23 28 25 29 49 30 35 16 2 33 3 41 5 37 8 29 10 27 11 23 12 17 18 44 19 22 21 32 23 40 24 46 25 32 26 12 28 29 30 29 9 3 17 6 46 9 15 12 36 13 33 14 29 17 38 22 34 25 46 16 5 13 8 46 10 38 12 50 13 15 14 35 15 10 16 10 19 23 20 24 22 49 24 31 26 47 27 19 28 36 30 45
8 6 5 27 9 17 13 40 19 37 20 35 23 46 11 2 16 3 33 5 11 9 39 10 19 14 11 15 18 26 50 27 44 28 30 30 36 4 13 48 14 45 24 46 30 25 14 1 17 2 18 6 10 13 50 14 48 15 50 16 18 19 47 20 49 21 40 22 41 23 32 26 33 30 13 15 4 28 5 22 6 37 9 44 10 49 11 12 12 40 13 42 14 26 17 27 19 45 20 13 22 25 24 34 27 45 6 1 44 4 12 6 41 23 30 24 50 25 41 9 8 49 12 14 15 37 17 10 18 23 21 37 26 50 27 27 29 29 5 2 40 8 16 14 48 28 37 30 13
6 4 5 22 8 49 14 26 27 26 8 4 11 5 35 10 36 14 48 22 26 23 36 26 33 29 23 11 1 47 2 21 3 12 4 25 7 42 8 50 17 29 18 23 21 21 22 24 30 19 12 2 25 3 14 6 48 7 28 11 45 15 26 16 23 18 22 19 35 22 38 28 27 30 47 12 2 41 3 19 6 41 8 44 10 16 14 48 18 27 20 47 25 18 26 18 28 13 30 27 11 4 12 5 38 8 41 15 29 21 15 22 10 24 43 25 32 27 40 29 17 30 49
5 14 1 14 4 26 8 43 9 15 10 23 11 12 19 34 20 31 21 38 23 41 25 23 26 39 28 12 29 29 14 3 28 7 21 8 19 9 46 11 36 16 18 19 19 20 46 21 29 23 21 24 46 26 32 28 13 29 29 13 1 10 2 20 3 11 11 19 12 14 13 25 15 27 20 31 21 16 23 35 24 11 25 38 27 23 5 10 22 12 43 17 25 26 23 30 22 7 5 32 8 16 15 24 17 49 18 14 19 12 23 25
8 4 7 42 12 22 21 22 22 44 4 2 36 18 50 21 32 25 35 7 3 46 8 44 9 34 11 20 15 16 16 19 23 47 11 1 23 2 23 9 45 14 20 15 11 17 37 18 49 20 43 23 25 27 12 28 10 14 2 48 4 16 6 43 7 30 8 42 9 46 10 25 11 28 14 33 16 24 17 31 22 15 23 40 26 45 15 1 43 2 22 3 24 4 31 6 47 7 30 8 44 10 48 13 47 14 36 19 38 22 24 23 23 26 40 27 32 8 6 33 11 44 14 21 17 20 22 40 25 37 27 28 30 29 11 1 39 3 25 7 22 10 29 12 17 19 34 24 13 26 38 27 23 28 16 30 37
8 6 3 20 8 39 14 11 17 16 20 32 25 41 5 16 33 22 30 24 18 28 47 30 24 11 1 31 3 48 6 27 7 23 8 22 14 32 21 37 25 27 26 42 28 16 30 43 18 1 14 4 50 7 17 8 33 11 18 13 16 14 45 15 42 16 18 17 24 18 23 20 37 21 16 22 40 23 36 24 20 25 30 28 34 16 1 49 3 32 6 16 10 47 11 40 12 18 13 18 14 25 15 28 16 22 21 21 22 46 24 41 25 49 26 32 29 49 18 2 40 4 47 5 40 7 32 9 12 13 50 14 29 16 44 17 18 18 15 19 12 21 49 22 44 25 24 26 11 27 37 28 49 30 17 4 13 40 15 28 23 49 25 49 11 4 46 5 16 8 42 11 40 13 49 14 42 16 37 18 26 22 13 29 14 30 32
5 11 1 17 3 49 6 27 8 11 14 30 18 37 20 25 23 12 24 24 26 19 29 19 4 10 45 14 21 21 47 29 25 9 1 13 4 18 5 30 11 34 14 49 16 20 19 46 25 42 28 34 11 6 24 7 44 9 21 11 12 13 40 14 42 15 20 16 39 24 17 26 40 28 21 8 2 11 6 38 10 12 16 46 18 47 19 15 21 25 29 42
3 5 1 23 15 20 21 45 26 11 27 21 15 2 30 5 29 6 35 7 18 10 19 15 31 17 32 19 18 22 31 23 49 25 50 26 31 28 34 29 39 30 40 5 10 40 11 22 16 24 24 10 26 16
8 8 3 36 5 14 16 11 17 29 19 46 20 25 24 27 27 10 14 3 32 4 17 8 47 13 46 14 13 18 25 20 10 21 29 22 36 23 33 24 39 27 18 29 10 30 39 14 1 15 5 46 7 32 9 15 10 16 13 28 14 26 16 48 17 37 19 27 22 13 24 50 29 32 30 37 16 4 28 5 16 7 30 8 18 9 43 11 36 12 21 15 19 16 41 18 18 20 36 21 39 22 37 23 11 25 49 29 19 8 3 43 6 12 8 28 16 11 20 39 24 17 25 24 30 49 13 2 12 3 11 4 48 5 39 7 17 9 44 13 42 14 49 17 22 19 17 22 47 25 24 30 29 4 5 29 16 33 19 16 28 49 13 1 37 2 46 3 42 8 38 9 49 12 14 15 46 16 12 20 32 23 26 24 29 27 44 29 41
6 4 1 33 3 24 12 37 26 18 7 7 34 8 15 13 21 14 25 17 46 26 24 30 14 5 7 45 13 37 21 41 23 43 24 45 17 1 28 2 45 3 44 4 19 6 23 8 36 10 16 11 46 12 33 14 46 15 19 16 14 18 21 19 47 20 18 22 43 30 11 17 1 16 3 26 4 46 5 33 8 41 10 39 15 46 16 35 17 26 20 37 21 23 24 34 26 34 27 46 28 21 29 49 30 17 14 1 21 2 48 6 13 7 17 8 27 9 12 10 36 17 39 21 31 23 33 24 45 25 19 26 45 29 24
7 8 4 36 14 34 16 13 21 31 22 29 25 33 26 29 28 41 8 9 30 16 20 17 50 18 23 21 34 23 37 25 29 27 17 14 3 35 5 36 6 12 8 25 9 15 11 32 20 23 21 43 22 38 23 36 24 38 28 24 29 19 30 11 13 7 16 8 50 10 28 11 23 13 15 15 29 16 25 17 23 20 10 26 38 27 46 28 37 29 49 8 5 18 6 37 11 46 14 23 20 31 23 22 27 11 30 16 16 6 50 8 25 9 17 11 10 12 20 14 40 15 14 16 35 17 47 18 12 20 44 22 41 27 13 28 24 29 12 30 27 18 3 30 6 49 7 27 9 22 10 50 11 23 14 21 15 34 18 16 20 18 22 43 23 48 24 49 25 33 26 25 27 47 29 15 30 39
7 15 1 43 5 37 11 23 13 24 15 27 17 21 18 46 19 49 20 40 23 21 24 36 25 38 26 27 28 14 29 40 14 2 26 4 23 6 42 9 27 10 22 15 43 17 23 18 46 20 46 23 32 25 13 26 43 28 27 30 37 8 7 27 8 29 12 27 15 13 23 13 26 35 27 39 30 43 9 2 33 3 36 6 28 9 14 11 19 12 14 17 37 19 25 28 21 16 1 18 6 20 8 24 9 50 11 47 12 12 13 49 14 10 16 35 17 20 22 25 23 39 25 22 26 43 29 47 30 11 18 2 20 3 41 6 34 10 18 11 32 12 48 15 43 17 33 18 16 19 12 20 44 21 24 23 15 24 33 25 16 28 19 29 11 30 50 15 1 39 2 49 3 21 7 14 8 24 11 43 14 40 15 22 17 11 19 34 20 25 24 13 25 40 27 15 30 35
4 13 2 15 4 47 5 13 6 32 14 24 17 38 18 42 21 50 23 23 24 23 27 26 29 27 30 18 7 18 44 21 16 24 42 27 28 28 36 29 25 30 17 6 4 25 5 37 14 36 20 13 21 45 28 21 14 1 16 4 42 6 16 7 13 13 42 16 33 18 19 19 32 22 36 23 37 25 48 27 39 29 21 30 27
4 17 2 20 3 41 4 19 5 16 8 21 11 47 12 30 13 21 16 39 17 27 19 11 20 33 22 13 23 30 24 10 25 14 27 49 14 3 30 4 48 5 42 7 36 15 23 16 28 18 16 20 45 21 14 22 18 23 31 24 27 26 37 30 44 6 3 42 10 48 12 37 16 48 24 22 27 45 17 2 36 7 11 8 20 10 48 12 37 13 34 14 50 15 36 16 19 17 30 18 21 20 38 22 12 23 38 26 49 29 44 30 10
7 17 2 49 4 23 10 11 11 29 13 22 14 38 15 13 17 12 18 48 19 42 21 30 22 19 23 29 24 13 25 27 26 17 30 50 10 2 13 5 11 8 32 14 27 15 41 19 30 21 50 25 37 27 14 28 14 9 3 32 5 22 6 46 10 38 12 49 16 32 17 37 23 10 28 22 7 3 40 13 29 18 14 22 15 23 25 24 18 30 47 9 4 20 5 13 6 13 7 12 8 24 12 41 16 49 18 46 24 30 6 1 22 7 31 14 21 18 42 26 13 28 15 9 2 45 9 39 14 20 15 41 19 34 23 16 24 11 26 37 29 45
7 11 3 22 7 30 12 10 19 12 21 21 23 24 24 12 26 38 28 47 29 22 30 16 8 8 18 14 50 15 35 16 27 22 50 23 43 24 12 28 38 5 7 21 17 28 20 37 29 40 30 31 9 2 23 5 28 12 13 18 44 22 18 23 45 26 26 27 33 29 14 15 1 37 2 32 4 26 7 32 11 33 12 15 14 44 16 36 18 19 19 46 20 21 23 50 24 46 27 49 29 18 12 6 31 7 24 10 38 12 47 13 21 15 21 19 32 22 19 23 39 24 28 27 46 30 13 15 1 11 3 20 7 18 9 11 11 11 12 27 14 19 17 39 19 34 22 30 23 49 25 32 27 20 28 27 29 19
6 18 2 23 4 18 5 33 10 28 11 23 13 37 14 37 15 37 18 41 19 46 21 24 22 47 24 39 25 43 26 22 27 46 28 39 30 11 17 1 46 6 18 7 39 8 46 9 23 11 50 14 31 15 40 17 18 21 30 22 45 23 37 24 34 25 12 28 43 29 49 30 17 4 10 23 23 11 24 19 25 33 12 9 10 11 26 13 30 14 37 16 48 18 21 19 47 23 22 26 50 28 38 29 34 30 40 10 5 30 6 28 8 11 12 12 16 14 21 23 22 26 23 39 26 30 28 14 10 1 28 3 28 5 24 16 17 17 47 23 27 25 48 27 27 28 29 30 34
5 5 9 30 13 34 14 32 18 28 21 12 9 1 11 2 30 3 14 10 50 17 41 18 39 19 21 26 34 28 46 16 2 47 4 27 5 16 7 44 8 42 10 18 12 11 13 32 14 30 15 22 16 37 18 17 19 41 21 18 24 20 29 33 13 1 47 2 17 4 19 7 18 10 45 11 20 12 46 13 30 15 13 19 18 26 11 28 41 30 16 5 3 36 7 22 8 45 9 35 18 28
4 10 1 43 3 50 5 23 6 21 7 21 9 34 10 27 20 17 22 28 27 45 6 6 28 9 41 17 19 19 21 20 33 28 11 13 1 37 3 35 6 49 8 46 10 20 11 42 12 29 13 32 14 45 16 19 18 23 23 26 30 20 7 2 46 3 14 10 11 18 34 21 12 23 49 29 25
5 13 1 14 4 35 5 23 6 41 7 41 8 40 11 45 12 26 16 11 18 48 24 17 28 28 29 43 17 2 46 4 34 5 20 6 19 8 37 9 18 12 26 13 31 16 27 18 21 19 36 20 33 21 17 24 37 27 36 28 44 30 43 5 1 19 8 16 19 19 25 37 30 44 6 6 38 7 46 13 21 19 21 21 35 25 43 12 5 36 6 23 7 15 8 35 9 10 17 29 19 11 21 12 22 24 26 39 27 39 29 14
6 10 6 24 7 50 8 29 10 48 14 12 18 35 23 24 25 22 26 50 27 23 10 2 12 3 37 6 22 17 17 18 29 19 37 20 40 22 20 24 13 30 19 16 1 21 2 50 3 13 4 31 5 22 6 31 9 35 10 34 12 35 15 30 18 15 19 26 20 15 21 32 27 26 29 42 9 3 10 5 13 9 39 11 32 13 43 16 50 18 37 25 30 29 36 9 4 48 5 26 8 13 12 46 15 15 16 41 17 37 21 36 30 18 10 2 50 3 44 4 15 5 21 12 41 14 30 16 12 23 34 25 42 27 39
7 6 3 42 4 15 7 24 18 13 24 22 26 23 11 1 43 5 47 6 15 8 16 12 50 13 23 18 36 22 37 26 43 27 44 30 13 18 1 34 2 44 6 38 11 17 13 27 14 11 16 13 18 26 20 42 21 10 22 47 23 13 24 47 25 34 26 30 27 27 28 16 30 16 6 2 32 3 29 22 11 24 14 27 18 28 23 4 3 28 18 37 23 14 24 13 17 3 28 4 34 5 13 7 47 12 22 14 19 16 29 17 25 18 47 21 30 23 28 24 33 26 25 27 17 28 34 29 22 30 15 18 1 20 3 49 5 28 6 24 7 16 8 35 10 42 11 11 13 29 16 21 18 38 21 32 22 26 25 39 26 13 27 13 29 46 30 34
8 17 2 31 4 17 6 44 7 43 9 18 12 42 13 17 14 43 15 36 16 11 17 35 20 15 21 34 23 31 25 50 26 40 30 38 14 2 34 3 21 5 18 6 15 8 17 9 33 10 37 11 11 12 12 19 33 21 20 25 46 26 43 30 20 17 1 18 2 13 3 28 7 40 10 12 13 14 16 27 17 49 19 31 20 43 21 27 23 30 25 40 26 14 27 44 29 19 30 30 7 1 27 12 17 16 16 17 29 19 18 25 22 27 27 7 4 28 8 37 11 30 15 38 17 21 20 16 21 20 7 2 37 4 38 15 45 16 25 18 22 19 30 27 41 8 2 22 3 28 7 34 10 34 19 17 20 44 28 37 30 36 13 3 47 6 45 7 19 9 16 11 13 13 22 17 16 18 30 19 27 20 35 22 40 29 31 30 37
5 12 3 17 5 45 8 50 9 26 13 39 14 31 16 46 18 46 20 21 25 50 27 22 29 17 4 10 48 11 10 24 14 26 12 16 1 37 2 44 3 30 5 21 7 25 9 11 10 24 14 34 16 11 18 43 20 36 25 36 26 35 27 20 28 38 30 37 6 7 44 8 19 14 33 19 22 21 13 26 48 4 2 28 7 30 17 25 30 25
7 15 1 14 2 42 3 11 5 37 9 16 12 46 13 23 18 20 20 39 21 24 23 32 24 32 27 36 29 22 30 39 8 6 47 12 20 16 33 18 32 19 20 22 46 26 33 29 25 15 2 36 4 37 6 18 8 22 12 16 15 14 16 50 18 36 19 21 20 35 22 13 23 46 27 11 29 41 30 11 14 3 42 4 10 6 17 9 11 11 43 13 22 14 26 17 11 18 17 23 24 26 45 27 12 28 35 30 26 5 5 16 7 10 9 35 16 47 26 34 7 12 33 13 26 16 28 21 23 28 28 29 49 30 37 7 2 17 7 12 9 20 12 24 20 40 24 49 26 37
7 17 1 26 4 38 6 36 7 20 9 12 10 36 11 37 12 27 14 33 15 36 17 18 19 12 20 30 22 20 25 18 26 27 28 21 11 2 25 3 45 4 25 5 34 6 39 10 37 14 35 16 40 21 39 22 22 30 37 9 2 16 6 21 8 42 15 26 16 50 21 30 24 37 25 45 30 17 13 1 21 2 48 3 15 6 41 7 17 8 29 9 38 14 37 15 31 22 41 25 22 27 17 28 14 9 1 29 3 12 5 18 8 37 12 23 15 26 17 22 18 21 19 32 12 2 49 6 45 7 43 13 38 14 44 15 42 17 36 18 37 19 10 24 27 26 12 29 45 7 5 30 7 15 8 23 18 10 28 27 29 15 30 17
3 15 2 28 4 35 5 21 6 40 8 10 9 42 11 30 12 33 19 23 21 17 22 48 26 20 27 38 28 49 29 36 4 2 34 11 10 22 26 28 47 13 1 33 3 39 5 35 10 25 13 32 17 36 18 14 20 35 21 29 24 17 26 27 27 34 29 23
5 15 4 16 6 44 8 10 9 48 11 46 12 10 14 15 15 21 17 42 19 21 20 35 23 39 27 24 29 40 30 36 10 4 35 7 40 13 40 15 25 16 19 21 29 24 35 25 45 27 17 30 37 18 1 18 7 21 9 22 10 31 11 11 12 38 14 40 16 35 17 15 18 24 19 14 21 28 22 40 24 23 25 28 27 49 29 27 30 49 11 1 19 3 45 4 48 7 41 14 23 15 26 19 37 21 33 26 37 28 50 29 25 7 5 20 8 16 9 38 14 15 21 17 23 39 26 17
8 11 6 24 9 24 10 18 14 34 16 43 17 28 18 34 21 45 24 40 28 15 30 20 13 1 47 2 18 6 29 7 49 10 31 11 14 12 40 15 24 16 23 17 15 20 34 28 45 29 23 17 2 46 4 40 5 45 6 18 8 18 9 50 12 10 15 15 16 31 18 25 20 33 21 37 24 43 25 44 26 20 27 11 28 38 14 1 14 7 49 8 32 10 18 14 26 15 18 16 38 18 10 20 21 21 17 22 19 24 41 26 39 27 48 14 1 37 3 22 8 15 10 11 15 38 17 19 19 42 21 14 22 41 23 21 25 33 26 48 29 36 30 14 12 2 25 9 18 10 30 12 17 13 43 18 26 19 38 20 33 21 10 22 36 25 17 26 25 12 3 43 4 27 9 19 10 22 14 18 15 38 16 39 17 16 21 28 22 11 29 28 30 44 5 3 31 8 49 16 47 20 23 24 16
5 18 1 12 2 37 4 45 6 25 8 22 9 41 11 31 12 10 13 12 16 49 17 18 20 26 21 21 22 18 27 25 28 12 29 30 30 26 5 1 47 6 29 16 45 23 32 26 18 14 2 21 3 13 5 13 7 30 9 26 10 47 12 28 13 16 19 32 22 47 23 15 25 31 26 22 27 38 18 1 46 5 45 7 20 8 34 9 37 10 47 11 24 13 37 14 34 15 24 17 14 18 35 19 26 20 49 26 26 27 18 29 41 30 11 6 1 28 5 15 6 45 15 50 17 50 29 50
7 4 5 15 13 49 15 14 16 46 13 2 12 3 22 4 10 5 12 6 17 7 26 8 13 11 27 12 12 15 28 16 14 18 39 24 33 16 1 10 2 24 3 29 9 25 10 21 11 39 13 17 16 42 17 13 20 24 23 12 24 21 25 11 27 43 28 21 29 46 6 7 35 13 12 15 27 19 38 23 13 28 12 6 1 24 13 40 17 24 22 23 27 46 30 31 8 2 30 8 19 10 20 19 17 20 37 21 43 22 16 29 41 17 5 13 6 19 7 10 8 13 9 12 10 28 12 39 15 24 17 25 18 43 19 32 20 34 21 23 22 28 23 24 27 22 28 27
8 17 2 26 4 42 6 40 7 29 9 23 10 39 12 48 13 49 16 44 17 49 18 47 19 18 21 47 24 29 25 44 27 16 29 37 12 3 45 4 15 5 18 8 10 13 18 15 15 16 40 19 40 20 44 22 13 23 27 29 39 10 3 43 6 28 10 12 12 35 14 16 16 25 19 48 21 20 26 42 29 39 18 1 36 3 48 4 22 5 23 9 23 10 33 11 50 14 49 15 49 17 23 18 29 22 11 24 47 25 19 26 29 27 25 28 30 29 12 6 1 37 2 40 10 48 20 24 29 50 30 15 14 5 32 6 23 7 39 8 47 12 22 13 12 14 48 18 28 19 50 20 42 21 40 23 41 26 43 30 12 14 4 39 5 21 7 20 8 39 10 46 12 43 16 41 17 47 19 33 20 28 23 40 27 35 28 21 29 46 18 1 11 3 48 4 41 8 14 10 33 11 23 12 16 14 26 15 27 16 46 20 40 21 50 22 30 23 20 24 42 27 41 29 18 30 50
6 15 1 15 2 26 4 18 5 16 6 17 7 11 10 22 11 22 12 12 13 23 16 29 19 16 21 25 22 10 26 41 13 1 24 2 13 10 22 12 11 15 29 16 45 17 33 18 46 20 27 26 24 27 39 28 30 30 30 7 8 15 13 29 15 11 21 29 24 17 25 30 28 16 8 4 43 15 46 16 22 19 20 21 15 22 38 29 40 30 30 7 5 38 6 13 7 44 13 44 21 32 23 41 30 11 10 5 25 10 21 11 14 14 24 16 30 17 23 18 45 23 22 27 22 30 21
3 16 1 27 2 17 5 16 7 18 10 48 12 21 14 35 15 36 17 15 18 16 19 31 20 19 23 32 28 32 29 47 30 15 17 2 40 4 49 6 28 7 25 8 35 9 40 10 32 12 39 15 28 16 22 17 34 20 35 23 39 24 44 25 11 26 17 30 18 9 4 21 8 36 9 15 15 13 18 13 19 26 24 16 26 23 30 35
7 8 5 25 11 48 12 37 15 27 16 10 26 32 29 37 30 42 17 2 31 4 11 5 40 7 40 8 35 10 22 11 39 12 43 16 34 20 12 21 14 23 42 24 27 27 48 28 46 29 42 30 42 10 1 48 4 47 5 45 9 13 13 12 15 43 17 37 21 23 22 35 29 24 9 2 18 7 33 11 14 12 50 14 20 21 21 23 23 25 36 29 46 11 6 35 7 12 10 42 11 13 13 28 15 50 17 43 19 16 20 30 24 37 28 43 13 2 12 3 30 4 48 6 31 8 33 9 38 10 15 13 24 17 25 18 32 19 12 21 24 28 48 8 5 46 6 19 7 21 9 30 14 39 15 32 20 26 28 44
4 14 2 13 3 17 4 30 7 22 11 47 12 38 13 27 14 22 15 38 16 29 18 49 19 11 20 11 21 22 14 5 33 8 20 10 39 12 25 15 19 17 34 19 32 20 33 22 21 23 22 25 23 27 22 28 36 30 24 11 4 29 11 22 12 49 15 25 18 24 19 49 22 42 23 35 26 46 27 38 28 36 18 2 46 4 10 6 34 7 50 8 45 9 50 10 14 12 36 13 35 16 23 19 45 20 18 21 47 22 40 24 19 25 45 28 15 29 24
4 5 3 37 8 19 12 20 19 16 23 34 7 5 28 9 29 10 18 18 28 20 48 22 49 29 50 13 4 28 6 21 7 38 8 45 10 38 12 37 16 28 17 19 21 23 24 32 25 44 28 47 29 29 10 1 26 7 42 14 34 17 45 20 20 21 49 22 38 25 45 28 32 29 44
83 52 55 57 53 54 95 49 85 117 95 129 59 51 53 62 158 56 63 105 94 114 68 49 122 93 86 76 79 80 77 50 63 56 42 97 152 118 68 45 57 115 110 117 80 115 77 70 118 41 129 78 64 152 37 106 55 58 97 133 135 93 122 98 140 88 92 156 134 85 52 132 85 127 130 76 55 99 89 93 69 76 94 117 138 139 75 117 84 44 71 105 86 103 118 84 38 94 59 71
3 3 2 2 3 1 3 3 3 2 2 2 2 1 1 2 2 2 2 2 1 3 2 1 2 2 1 2 2 1
# Instance ID: 82
# Total operations: 555
# Actual flexibility: 0.368
# Generated: 2026-02-14 14:26:23
# Format: Extended Brandimarte for MOFJSP (Comparison Dataset)