40 20
6 7 3 16 6 14 8 32 11 20 12 41 16 30 18 10 10 1 20 3 20 4 22 5 34 6 21 7 42 8 16 14 47 15 39 20 46 12 1 39 2 17 3 47 4 38 7 47 8 37 10 48 12 38 13 43 17 14 19 34 20 21 9 3 36 4 33 7 47 9 41 13 12 16 13 17 38 19 23 20 20 4 3 15 5 32 15 17 20 49 10 1 26 2 46 4 49 5 19 7 45 8 26 13 19 15 37 16 41 19 43
6 9 1 17 3 18 5 11 6 36 9 16 15 18 17 34 18 42 19 40 6 1 42 4 39 9 40 10 16 16 33 17 43 12 2 47 4 41 5 47 6 23 9 36 10 42 11 36 15 27 16 20 17 17 18 30 20 14 4 1 47 3 14 5 18 13 43 5 11 22 12 48 13 46 16 45 20 23 10 3 36 5 38 6 38 7 23 8 11 13 15 14 26 15 18 16 22 20 31
6 5 2 39 8 14 9 35 10 19 16 41 9 1 30 7 34 9 26 10 17 11 24 14 15 16 11 17 35 19 35 9 2 32 4 36 5 10 6 48 10 47 12 13 16 14 19 26 20 43 3 3 13 13 37 18 50 8 1 19 4 37 7 20 11 24 12 40 13 30 14 11 19 31 7 1 45 3 27 5 34 6 21 7 28 8 13 14 34
7 11 1 11 3 40 4 50 7 14 8 12 9 31 11 34 12 29 15 12 16 11 17 36 10 3 28 4 11 6 50 8 44 10 41 11 27 12 16 13 30 17 33 20 11 10 4 21 7 16 9 29 10 45 11 17 14 46 15 35 16 29 19 20 20 27 3 7 33 10 28 13 30 4 2 13 3 50 14 21 19 18 5 6 36 11 34 14 18 16 29 20 24 7 3 12 4 44 9 49 10 34 11 33 15 45 18 34
7 4 4 14 5 47 10 24 14 34 11 3 41 7 10 8 26 9 27 12 29 15 40 16 14 17 44 18 34 19 46 20 28 4 2 44 8 13 9 42 19 36 5 8 16 11 28 16 21 17 39 18 12 12 3 31 4 23 6 50 7 18 10 28 11 17 13 20 14 37 16 36 17 35 18 21 19 12 9 2 10 10 19 11 42 13 45 14 31 15 29 17 14 18 14 20 14 4 1 12 3 19 5 34 12 15
4 8 2 27 5 14 9 13 11 29 12 32 15 18 16 43 17 44 10 1 26 10 49 11 30 13 19 14 34 16 11 17 31 18 16 19 42 20 33 7 3 45 4 16 7 16 9 18 13 20 14 23 16 14 7 7 42 8 12 9 21 13 48 15 30 18 33 19 27
3 11 1 32 6 36 7 18 8 43 11 28 14 28 15 22 16 19 17 49 19 12 20 44 4 2 21 3 49 14 25 19 46 8 2 10 3 10 6 23 7 41 13 26 14 50 17 50 19 46
6 5 1 12 4 13 5 41 13 39 14 30 10 3 28 4 41 10 36 11 29 12 36 13 49 17 14 18 28 19 31 20 39 11 1 34 4 11 6 23 10 18 11 34 12 35 13 18 14 31 15 16 16 13 19 24 4 1 39 8 12 12 25 17 24 3 6 40 9 40 14 36 12 1 10 2 40 5 19 7 46 9 49 12 37 13 41 14 20 15 21 16 28 18 43 19 31
4 8 2 46 4 15 5 38 7 14 11 13 15 13 18 24 20 50 8 2 29 8 47 11 27 13 25 15 50 16 41 17 28 18 41 8 2 21 4 42 7 35 10 23 11 34 13 47 14 24 19 26 4 3 36 5 27 12 16 19 35
3 8 1 28 2 13 6 35 7 46 8 37 10 33 14 16 19 27 11 3 12 4 13 5 47 6 50 7 19 10 19 12 27 13 14 15 15 17 40 18 40 4 7 41 12 25 14 17 20 40
8 7 2 47 3 50 4 20 5 37 6 48 11 25 13 36 3 16 12 19 40 20 22 12 1 37 2 44 4 43 8 37 9 22 10 31 11 48 12 28 13 16 17 19 19 24 20 10 10 1 48 4 35 8 26 10 19 11 18 12 33 13 36 14 23 15 42 20 33 4 1 19 4 14 7 49 14 15 7 3 27 5 13 6 25 7 18 9 40 10 27 14 16 8 5 18 6 18 9 41 10 14 14 49 15 21 17 50 20 10 10 3 41 4 42 7 22 9 18 10 50 11 42 16 28 18 30 19 22 20 43
5 4 4 37 6 13 14 27 19 10 3 8 37 18 44 19 38 3 3 14 5 33 16 15 11 1 15 2 20 4 18 5 20 6 36 9 29 10 47 11 21 15 24 19 19 20 38 5 2 42 8 46 10 23 12 29 20 40
7 9 3 40 4 40 6 28 7 21 9 20 11 50 14 36 17 38 19 14 9 2 35 5 18 6 34 8 12 9 30 10 31 12 24 14 42 18 33 8 4 43 11 46 12 13 14 24 17 27 18 40 19 39 20 26 7 7 16 10 17 11 14 12 24 18 13 19 44 20 23 5 3 38 4 36 6 18 14 32 18 15 12 1 16 4 19 5 37 7 30 9 19 10 42 11 16 12 10 13 13 14 38 15 28 18 49 11 1 25 3 45 5 13 6 13 9 44 12 34 14 36 16 36 18 31 19 43 20 14
8 8 4 25 5 49 7 23 8 34 13 27 15 37 17 46 18 32 7 1 29 5 43 6 45 10 43 12 33 14 13 19 39 6 3 49 5 13 12 40 14 40 15 20 17 36 12 1 38 3 18 5 31 6 12 7 41 10 10 11 14 12 18 14 12 17 10 19 45 20 28 3 12 42 16 20 17 18 5 5 47 10 49 11 24 16 14 17 41 11 1 35 4 40 5 35 6 38 9 39 11 10 15 22 16 40 17 50 18 22 19 38 12 2 35 5 33 7 12 8 15 10 21 11 22 12 31 13 40 16 43 17 19 18 21 19 22
3 12 1 24 2 35 3 29 6 29 7 14 8 27 9 44 10 40 13 41 14 38 15 50 16 28 8 4 10 7 44 8 47 9 43 13 43 18 13 19 47 20 22 5 1 43 10 14 13 40 15 32 17 32
8 5 3 30 6 18 8 30 11 11 12 11 6 2 36 7 13 14 21 15 40 16 43 18 40 3 5 17 7 31 8 42 6 2 32 5 43 7 37 9 39 13 27 19 24 9 1 45 3 17 4 38 7 30 8 10 10 37 12 12 17 47 18 28 10 1 32 3 14 7 24 10 15 11 47 14 17 15 27 17 20 18 46 19 36 10 1 23 7 44 9 34 12 28 13 34 15 14 16 13 17 39 18 45 20 16 5 4 37 9 30 15 30 16 42 20 49
5 11 1 16 3 28 5 17 8 43 10 33 12 36 14 18 17 25 18 25 19 23 20 44 6 1 25 2 38 4 18 6 29 13 41 16 13 12 1 50 3 10 4 22 5 32 6 49 7 20 8 50 9 11 12 33 15 40 17 12 18 45 6 5 10 8 23 13 13 14 41 19 42 20 24 10 2 50 3 32 5 41 7 49 9 44 12 17 13 20 14 22 18 22 20 17
3 9 1 15 2 28 4 11 6 20 7 16 11 32 12 23 18 13 19 42 3 2 39 6 36 10 14 10 3 26 4 18 5 19 6 23 8 15 15 40 16 41 17 43 18 17 19 34
8 5 4 33 6 37 9 31 14 38 16 11 10 1 18 3 14 4 28 5 21 6 15 7 11 9 34 11 17 14 17 16 26 4 2 31 10 42 11 21 13 10 3 3 18 9 27 19 26 8 4 39 6 10 10 49 13 19 14 23 18 42 19 40 20 48 11 1 45 6 46 7 33 8 23 10 29 12 19 13 32 16 14 18 41 19 13 20 17 6 2 33 3 33 6 32 11 18 17 26 18 45 12 1 43 2 11 4 29 7 14 8 16 9 21 12 14 15 18 16 34 17 17 18 13 20 47
7 3 2 18 4 46 14 34 10 1 37 2 24 4 48 5 23 9 29 10 44 14 25 15 33 16 33 17 38 7 1 15 5 41 8 38 11 16 15 30 18 31 19 36 7 3 26 8 35 9 47 13 34 15 24 17 16 19 44 4 1 47 11 49 14 22 18 50 5 2 48 7 19 9 37 13 20 19 11 7 1 19 4 14 5 38 6 23 9 44 13 17 17 13
7 4 7 50 8 21 15 28 17 40 4 6 40 11 24 13 49 20 13 6 4 42 6 33 9 44 13 26 15 12 20 39 6 1 38 3 23 8 27 10 35 11 49 12 43 9 2 28 6 19 11 18 12 50 13 41 15 12 16 49 17 33 18 33 10 2 48 4 13 6 45 7 46 9 37 11 27 12 24 15 30 18 25 20 44 5 2 36 4 38 16 15 17 20 18 46
4 7 1 49 3 16 8 19 9 41 11 13 12 38 19 22 9 2 39 3 10 5 46 6 47 8 37 13 40 14 26 16 33 20 10 10 3 32 5 33 6 31 7 50 8 38 11 31 14 38 15 36 18 42 20 17 4 1 36 2 30 6 30 12 32
8 6 1 50 2 48 4 23 9 43 16 39 19 20 10 1 20 3 22 5 45 6 29 7 26 8 45 10 18 11 25 12 19 16 44 12 1 37 2 43 3 47 4 25 7 44 8 23 9 47 11 31 12 26 16 22 18 27 19 50 8 2 42 3 26 4 13 5 33 10 45 13 43 15 39 16 10 7 3 24 4 22 7 30 15 16 17 46 19 31 20 13 12 1 49 4 44 5 25 6 25 7 22 8 23 9 38 10 43 11 41 14 23 16 24 19 30 11 2 44 5 10 6 30 9 49 10 31 11 14 12 32 13 31 18 36 19 41 20 27 9 1 35 4 28 5 39 6 12 7 27 10 43 15 40 16 13 17 28
6 5 2 49 4 28 5 50 9 27 17 38 9 1 12 5 17 7 25 8 10 9 22 15 39 16 37 17 10 20 27 12 1 16 4 11 6 42 8 13 10 21 12 41 13 14 15 24 16 37 18 20 19 21 20 30 8 1 18 3 14 4 17 10 24 14 42 16 42 17 37 19 49 4 1 40 13 10 14 49 18 29 4 6 26 11 15 16 36 19 45
8 8 7 14 9 50 10 12 11 32 12 22 13 29 17 10 19 33 6 1 44 6 14 7 13 10 40 16 49 20 47 6 3 24 9 47 12 11 13 40 14 20 19 34 10 3 46 6 15 8 38 10 45 11 11 12 21 13 40 16 16 18 30 20 21 5 5 36 6 22 8 43 15 37 16 17 10 3 16 4 41 6 42 7 16 9 11 13 32 14 19 18 29 19 30 20 10 6 5 21 7 14 11 17 12 22 15 50 18 31 10 1 47 3 46 5 41 6 48 8 45 9 29 10 24 13 15 14 31 20 20
3 5 1 29 3 37 4 32 15 31 16 12 9 1 35 6 32 7 20 8 22 9 20 12 13 16 29 18 18 20 11 7 1 43 3 28 5 42 6 30 9 13 15 14 19 22
3 9 1 13 3 11 4 43 5 30 9 45 10 38 11 30 16 19 18 14 12 1 47 2 17 3 18 4 11 5 46 6 41 7 37 8 31 9 43 10 23 11 50 13 32 10 1 39 3 47 4 46 5 41 9 49 10 22 12 26 14 45 16 23 17 21
8 12 1 32 2 13 3 16 7 39 8 40 9 32 10 27 16 38 17 32 18 12 19 24 20 14 9 4 10 5 48 7 36 12 45 15 10 16 17 17 21 18 11 20 11 6 1 13 4 29 12 38 15 35 17 31 19 49 8 1 41 2 20 4 14 10 46 11 23 15 11 17 29 20 15 11 1 13 3 45 5 41 7 24 10 45 12 29 14 24 16 18 17 20 19 16 20 33 9 3 32 7 18 8 25 9 42 10 16 11 31 14 28 16 40 17 29 6 6 25 11 43 12 24 15 33 19 11 20 37 8 1 26 3 25 5 18 7 46 9 41 11 46 14 18 16 10
5 5 4 38 5 10 6 24 8 19 20 50 5 2 21 16 37 17 11 18 13 20 50 8 1 28 2 16 4 11 5 34 9 47 13 41 14 40 18 39 8 5 40 7 23 8 35 11 28 13 19 15 17 18 38 20 44 8 1 24 5 35 6 48 12 15 14 38 16 28 17 21 19 23
7 11 1 29 2 30 3 31 8 18 9 38 10 30 14 50 15 22 17 41 18 10 20 11 7 2 20 4 45 6 34 7 28 8 15 14 14 17 35 12 2 26 4 47 5 11 7 25 8 37 9 30 10 38 11 14 13 37 16 43 17 43 19 48 10 1 32 2 27 3 10 5 33 6 41 8 26 9 28 15 43 16 41 19 11 6 3 27 4 40 14 28 16 48 18 11 20 40 12 3 11 4 31 5 38 6 35 7 19 8 13 12 39 14 20 15 34 16 36 17 48 19 25 4 11 21 12 16 17 43 18 37
3 5 7 47 8 26 12 44 13 41 20 28 5 2 47 5 22 7 26 9 19 10 34 12 1 33 2 29 4 31 5 43 6 49 8 34 9 10 10 14 12 48 14 24 15 50 16 39
7 10 6 11 7 41 9 22 11 29 13 31 14 39 16 17 17 11 18 39 19 16 10 1 40 3 18 5 18 7 22 11 14 12 26 14 36 17 28 18 19 19 12 5 1 46 12 37 13 35 15 39 16 32 11 3 24 5 35 7 46 8 34 10 36 12 25 13 38 17 45 18 37 19 17 20 21 3 9 41 12 36 16 40 7 1 48 2 20 9 32 11 15 12 48 13 17 16 15 8 5 17 6 50 8 22 9 35 11 19 12 26 14 45 18 10
3 7 4 47 7 31 8 13 9 19 14 50 16 39 19 45 9 2 12 4 22 6 48 7 38 9 43 13 30 15 15 17 29 20 14 5 1 41 3 41 13 24 19 36 20 44
4 8 2 31 6 31 7 44 8 28 10 47 14 40 15 22 18 42 7 1 32 3 19 4 15 14 20 17 26 19 11 20 40 9 4 28 7 32 9 22 10 25 13 43 14 22 16 39 17 24 18 23 4 2 35 10 11 15 22 19 15
6 3 15 22 16 33 19 25 6 3 29 9 15 14 20 15 40 18 33 19 40 12 1 20 3 33 4 14 6 19 10 10 12 49 13 43 15 39 17 32 18 31 19 29 20 35 10 1 18 2 43 8 11 9 45 10 39 11 12 12 22 16 27 19 16 20 17 9 1 13 2 16 3 33 4 22 7 31 9 50 14 18 16 38 18 45 3 2 12 11 42 14 44
3 9 3 16 5 48 7 26 9 26 10 38 13 28 14 34 17 49 18 11 8 2 44 6 22 8 46 11 30 12 40 16 36 18 44 19 32 6 3 27 7 17 8 48 11 32 13 15 17 39
7 11 4 36 6 42 7 40 8 46 9 34 10 39 11 22 13 39 15 48 16 49 17 33 9 2 36 10 37 11 32 12 19 15 17 16 34 17 23 18 50 19 50 7 9 43 13 11 14 17 15 13 16 31 17 17 18 15 11 1 44 3 25 4 30 5 47 6 30 10 50 12 40 13 45 14 43 18 11 20 44 6 4 44 5 21 6 38 12 35 13 11 15 37 10 1 49 2 20 5 35 8 16 10 16 11 49 12 44 13 13 15 48 20 30 9 2 41 3 25 4 35 6 31 7 26 8 13 12 15 13 46 18 40
4 6 1 19 3 39 4 20 6 21 14 17 19 35 6 3 46 4 18 8 38 9 25 10 24 16 27 3 11 35 18 25 20 30 7 5 37 6 18 7 26 8 19 13 47 14 47 19 37
3 9 1 23 3 23 7 42 8 50 9 49 11 15 13 21 15 19 19 43 3 1 40 6 13 8 50 9 1 25 3 34 4 17 7 20 8 24 10 47 11 23 12 22 18 45
5 4 9 50 11 27 18 47 19 38 8 3 19 6 32 8 11 9 34 10 39 11 14 17 24 19 19 5 1 16 8 25 15 29 18 35 20 29 7 1 31 3 45 4 24 8 22 10 18 11 37 20 33 3 1 21 4 43 20 14
91 117 85 139 90 53 48 113 59 45 108 80 96 111 51 105 88 53 158 84 112 57 139 104 158 36 39 148 81 132 37 124 48 67 101 38 136 77 58 81
2 2 2 1 2 2 3 1 3 3 3 2 3 3 2 1 3 1 2 3
# Instance ID: 56
# Total operations: 218
# Actual flexibility: 0.377
# Generated: 2026-02-14 14:26:22
# Format: Extended Brandimarte for MOFJSP (Comparison Dataset)