100 30
8 10 2 17 4 45 7 46 11 48 12 41 13 32 15 23 19 13 24 24 30 50 10 4 50 6 27 10 31 11 20 17 43 20 32 21 28 22 25 24 43 30 38 17 2 13 4 11 5 34 6 48 8 21 10 25 12 40 15 42 17 35 18 27 19 17 21 24 22 32 23 36 26 40 27 48 29 35 15 2 27 3 10 4 29 5 23 6 43 7 19 9 50 10 15 11 19 14 29 18 35 21 32 22 21 25 20 27 15 7 1 10 4 16 6 21 10 47 23 37 26 34 28 42 14 2 11 3 25 5 12 9 24 10 43 11 43 12 27 15 50 16 39 17 11 18 44 20 28 29 34 30 26 15 1 50 3 42 9 48 11 28 12 20 13 11 14 18 18 34 20 12 21 30 23 45 26 27 27 29 28 10 29 35 9 1 28 2 18 6 46 7 13 13 11 20 48 21 44 22 41 28 46
8 4 2 14 7 40 28 30 29 40 9 5 23 10 35 13 27 16 12 20 45 24 47 26 50 27 25 30 28 7 2 24 4 40 5 12 10 10 11 22 15 17 18 14 9 3 27 4 50 5 19 9 17 11 13 15 46 20 32 26 18 29 24 5 3 17 4 38 19 34 23 15 26 39 5 10 39 18 23 21 16 23 10 29 18 7 1 32 10 16 12 47 17 18 18 39 23 33 30 36 6 1 36 5 44 6 43 9 17 11 30 24 45
7 8 3 49 6 36 7 15 8 17 11 40 12 33 13 15 27 33 4 1 37 4 39 11 26 16 25 17 1 49 2 30 3 19 5 11 6 48 7 10 8 10 12 38 17 24 18 30 20 36 21 15 23 41 24 16 25 26 27 12 28 26 9 2 33 6 29 9 18 11 43 17 27 19 33 21 20 22 24 24 39 4 2 22 6 46 19 10 28 48 8 2 26 6 49 9 46 10 36 11 23 17 38 20 36 26 48 9 5 28 6 49 7 19 10 35 17 10 18 50 21 25 23 16 26 31
4 10 4 22 5 12 9 20 10 50 12 41 13 27 14 37 16 18 21 37 23 33 4 2 36 18 42 20 48 30 39 7 3 23 5 42 9 18 12 43 15 22 23 21 29 15 11 1 23 5 37 8 18 10 45 12 40 15 36 16 44 21 45 25 40 28 26 30 27
4 10 3 33 9 39 12 26 14 28 18 22 19 45 22 39 24 30 27 24 29 42 8 1 33 3 23 6 30 8 33 13 33 16 12 22 31 27 29 13 1 43 5 49 6 38 10 43 13 10 14 33 15 18 17 19 18 13 20 13 21 48 24 37 28 40 14 1 12 2 21 6 25 7 14 8 16 11 30 13 28 14 48 17 50 19 25 20 29 22 33 25 15 26 26
7 12 5 29 8 36 9 39 11 40 14 35 19 19 22 46 23 42 24 23 26 41 29 29 30 39 17 3 19 4 38 6 24 8 21 9 39 11 41 13 33 14 26 15 36 16 17 18 50 20 22 21 46 23 49 24 33 27 28 29 30 13 1 26 3 49 5 46 6 40 9 13 11 25 12 17 18 15 22 47 25 44 26 12 28 45 29 36 5 10 42 14 36 15 16 25 24 29 31 18 3 18 5 30 6 38 8 45 9 25 10 19 12 44 13 15 14 27 18 49 19 43 22 13 23 49 25 14 26 33 27 17 28 18 30 41 18 1 10 2 49 4 36 7 43 8 35 9 24 10 27 13 10 14 33 15 22 17 24 20 25 21 25 22 15 23 30 24 43 26 26 28 48 12 1 44 7 25 10 13 11 41 14 15 18 32 21 43 22 22 23 24 24 36 26 37 29 15
3 5 6 43 7 12 13 44 18 47 30 15 6 10 12 13 41 18 50 22 46 23 21 30 22 7 3 20 6 30 8 12 9 43 22 35 23 28 27 33
7 10 2 30 6 29 8 50 14 49 17 24 19 43 20 23 23 15 26 41 27 15 6 1 39 11 35 15 40 16 39 21 26 26 39 14 2 10 3 46 4 18 6 14 8 44 10 47 13 18 16 16 19 40 20 44 23 34 26 31 27 37 29 47 10 2 31 5 33 7 50 9 42 11 42 12 20 13 12 18 27 22 23 25 34 4 5 15 8 31 16 36 27 31 13 1 40 2 12 4 47 5 12 7 20 10 29 12 39 13 24 19 34 21 15 22 15 23 44 24 46 9 3 18 4 39 5 49 9 27 10 18 13 27 20 24 25 48 28 37
7 16 1 47 2 16 4 50 5 47 7 21 11 36 13 20 15 33 16 47 20 32 22 19 23 44 24 19 27 45 28 15 30 22 14 1 15 2 34 3 31 6 11 7 41 8 20 13 14 16 36 19 38 20 15 22 19 23 11 27 14 28 43 14 2 23 6 48 9 16 10 40 14 24 18 31 19 16 20 41 21 17 22 11 24 34 25 10 28 28 30 26 11 1 44 5 31 8 37 13 43 16 21 19 50 22 48 23 15 25 16 26 38 29 26 14 2 24 4 46 7 39 10 14 13 44 16 23 17 30 18 13 19 23 23 11 24 38 26 11 28 41 30 18 4 6 11 12 37 22 38 28 20 16 1 15 3 45 4 12 6 12 11 21 13 36 14 28 15 45 16 38 17 50 18 39 21 30 22 50 26 12 29 21 30 45
4 6 6 15 9 26 13 32 15 36 17 10 19 36 13 2 21 3 41 9 25 12 49 13 40 15 50 16 17 17 34 23 36 24 12 26 49 27 46 30 28 15 1 13 4 17 6 10 10 21 13 29 17 35 18 42 19 25 20 13 23 43 24 29 25 23 27 43 29 10 30 45 13 2 27 3 15 7 30 10 15 15 14 18 36 19 28 20 47 22 37 25 36 27 30 29 37 30 40
4 12 3 35 4 38 5 34 11 49 13 48 14 21 15 22 19 44 21 36 25 15 27 19 29 27 7 1 12 5 45 19 22 22 11 23 34 24 29 27 11 17 1 42 3 13 4 29 5 36 7 13 9 20 11 11 12 32 13 25 15 36 16 16 17 18 18 34 19 26 23 34 26 35 27 15 14 1 37 7 25 8 47 9 35 10 37 11 24 14 44 18 24 21 33 23 35 25 50 27 37 28 42 30 10
7 17 1 14 2 22 3 14 4 35 9 35 10 34 11 28 14 11 16 50 17 48 19 47 21 32 22 19 23 20 25 48 27 24 30 14 5 3 33 9 20 18 22 25 45 26 24 16 3 32 5 33 6 29 7 43 8 39 9 42 10 23 13 43 16 30 18 27 20 19 22 47 25 41 27 33 29 44 30 24 14 3 16 4 27 5 33 6 16 7 42 16 28 18 44 19 41 20 10 21 33 23 34 27 37 29 33 30 48 9 3 43 11 15 15 47 17 44 19 18 20 28 24 47 28 17 30 11 14 3 37 4 45 6 11 7 12 12 36 14 14 16 49 20 16 23 25 24 19 25 25 27 35 29 39 30 15 18 2 31 3 19 5 24 6 47 8 24 9 37 10 22 13 34 14 37 15 14 17 27 18 15 20 26 21 15 26 39 27 50 28 29 29 43
7 8 2 31 7 10 8 34 10 13 15 23 18 43 23 32 29 27 14 2 32 4 26 6 11 11 27 13 12 17 40 18 43 19 33 21 22 23 21 27 16 28 27 29 23 30 44 4 7 22 8 11 18 33 21 11 6 4 32 10 29 20 37 22 11 24 38 25 15 17 1 18 2 14 4 44 5 46 7 22 9 37 11 28 13 30 14 49 17 49 18 22 21 44 24 28 25 29 26 40 28 15 30 24 7 6 35 8 18 14 33 15 31 24 28 27 39 30 40 6 2 38 4 37 18 16 21 42 25 19 29 48
7 14 2 29 4 15 6 35 10 28 11 18 12 18 13 48 14 30 15 10 17 13 20 41 23 20 26 18 29 39 6 3 25 4 37 11 27 12 39 27 41 28 23 5 4 24 8 22 12 37 21 10 27 41 13 5 33 6 42 9 13 11 31 13 26 14 49 15 42 19 21 21 11 24 46 28 45 29 15 30 10 16 1 33 3 30 4 47 6 15 7 23 8 37 11 49 12 46 16 15 18 23 19 23 20 13 25 22 26 33 27 27 30 32 10 11 26 12 26 13 23 19 12 20 49 22 38 24 37 25 32 26 15 28 15 15 1 43 3 17 4 38 6 21 7 16 8 29 11 38 12 10 13 37 14 43 17 46 18 45 20 15 24 20 25 12
4 9 2 46 9 19 10 18 14 16 18 12 21 13 23 36 26 10 29 41 8 1 33 4 11 5 31 6 23 10 30 11 12 13 33 23 24 7 1 24 3 21 6 42 11 48 13 42 26 25 29 23 10 6 41 7 23 9 32 12 46 14 39 15 36 17 49 21 30 25 32 30 29
7 18 2 12 3 29 4 35 5 35 6 49 7 31 10 38 13 17 14 49 16 35 19 47 20 23 22 20 23 45 24 26 27 31 29 48 30 42 15 1 46 3 25 4 28 6 20 7 34 10 32 12 29 13 47 20 28 21 50 22 31 23 25 25 19 27 49 29 26 5 9 12 15 28 18 32 24 23 25 28 17 1 50 2 29 3 36 5 29 8 29 13 42 17 33 18 16 19 34 20 42 22 10 23 33 26 29 27 19 28 29 29 39 30 26 13 1 39 3 23 5 23 9 27 12 18 14 43 15 29 16 45 17 16 23 34 26 10 27 16 28 26 18 1 30 2 40 6 15 7 16 8 24 9 10 10 47 11 34 14 14 17 16 18 37 22 45 24 40 25 41 26 37 27 38 29 22 30 36 17 4 34 6 18 8 26 11 20 12 16 13 24 15 19 18 20 19 14 21 41 22 16 23 24 26 32 27 33 28 30 29 17 30 33
7 8 1 40 3 34 4 18 8 19 10 49 24 43 26 43 28 33 6 10 15 12 47 17 34 21 28 22 45 23 10 5 8 24 16 28 20 34 29 22 30 46 18 1 31 2 13 3 23 5 31 6 38 8 36 9 14 14 33 15 19 17 50 18 15 19 36 20 28 21 20 22 10 27 30 29 21 30 41 5 3 31 11 18 15 10 21 11 25 32 10 1 35 2 18 3 48 5 45 7 24 11 28 14 31 19 27 24 34 28 14 14 3 10 4 41 7 31 8 37 9 45 11 47 15 17 17 25 18 37 19 45 23 11 24 26 28 21 29 40
6 6 1 45 3 29 6 21 10 38 11 31 22 49 18 5 44 6 42 10 16 11 34 14 12 15 49 16 18 17 36 18 17 19 40 20 41 21 12 22 49 23 12 25 27 27 41 28 30 30 34 18 1 15 3 38 6 37 7 20 14 50 15 24 16 33 18 46 19 23 20 43 21 36 22 19 23 34 25 19 26 39 28 22 29 44 30 35 14 1 10 2 40 4 15 9 40 12 33 13 15 15 42 16 48 17 31 18 28 21 13 25 24 26 39 27 46 9 2 35 6 37 10 31 11 10 15 25 16 37 18 30 21 37 29 30 12 2 19 5 35 8 27 14 38 16 29 18 12 19 48 20 25 22 11 24 14 25 28 29 46
3 18 2 42 3 45 4 45 5 31 6 11 8 37 9 13 11 30 13 21 17 10 20 17 21 29 22 11 23 27 25 17 27 44 29 29 30 44 14 1 39 3 17 5 48 8 49 9 10 16 33 17 28 21 12 22 31 24 30 26 24 27 44 29 42 30 42 16 5 11 7 35 9 40 10 30 11 40 12 25 13 34 14 24 18 36 20 37 21 39 25 42 26 33 27 28 28 19 30 48
5 9 8 27 9 37 12 38 14 48 17 16 23 30 27 17 28 19 29 10 17 1 32 3 47 6 47 9 29 12 28 13 49 14 12 15 10 16 34 17 27 19 26 21 40 22 35 23 36 24 50 28 24 29 25 15 1 16 2 10 8 41 9 49 13 16 16 50 19 36 21 18 22 46 23 50 24 20 26 35 28 46 29 17 30 11 14 3 17 8 47 9 33 11 19 12 11 16 11 17 44 18 31 19 27 20 38 22 28 26 17 28 42 30 40 4 15 27 21 47 26 11 30 31
3 17 1 42 2 39 4 40 5 12 6 29 7 24 8 11 12 45 14 18 15 46 16 13 18 12 19 36 24 28 25 33 28 18 30 38 9 1 45 2 40 11 49 12 27 15 18 19 40 21 14 28 50 30 42 5 4 40 5 21 12 43 13 12 20 34
6 4 2 29 14 27 26 24 27 22 9 1 38 3 31 8 47 9 26 18 48 19 19 22 35 26 36 29 50 18 1 46 2 36 4 32 6 13 10 50 14 31 16 30 17 15 18 37 19 40 20 44 24 43 25 33 26 21 27 43 28 18 29 44 30 36 12 5 22 6 20 7 46 8 26 10 16 11 29 13 44 16 29 17 36 19 42 24 39 28 44 11 2 38 8 34 13 39 16 32 17 11 20 22 21 46 26 15 27 12 28 28 29 17 11 2 39 8 31 13 41 16 11 18 45 20 16 22 48 23 38 25 15 26 26 30 24
5 7 6 25 9 23 15 48 17 25 23 14 24 37 28 37 15 1 33 2 18 3 32 8 29 9 32 10 24 13 34 14 48 15 45 17 11 18 41 22 31 23 26 25 24 28 30 13 4 31 5 19 6 13 7 35 10 25 12 25 18 47 19 20 20 24 23 45 24 15 25 50 28 33 16 4 45 5 14 6 41 7 24 9 10 10 34 11 16 12 29 13 45 14 29 18 10 19 30 20 48 25 36 27 18 28 13 17 1 25 2 18 4 13 6 20 12 11 16 36 17 19 18 32 19 43 20 19 21 25 22 15 25 50 27 36 28 31 29 45 30 44
7 17 3 33 4 29 6 10 7 31 11 16 12 34 14 25 15 13 16 23 17 33 20 20 21 14 23 17 24 48 26 25 28 42 29 17 17 2 10 4 21 6 37 8 32 10 40 11 47 12 25 14 23 15 21 16 27 18 47 19 22 22 46 23 12 26 32 27 13 29 40 14 1 37 2 25 4 17 8 21 10 23 13 15 19 18 20 26 23 28 24 17 25 25 27 50 28 36 30 32 15 2 39 3 43 4 49 7 28 11 41 13 25 14 39 17 26 19 36 20 41 21 12 24 41 25 12 28 28 30 25 17 1 46 2 43 4 10 5 47 9 32 10 40 11 12 13 22 15 45 19 40 20 41 23 11 25 35 26 39 28 16 29 28 30 10 6 7 42 10 45 18 25 19 17 20 50 22 19 13 3 42 7 15 9 22 10 45 11 32 14 18 15 33 19 32 24 40 26 40 27 39 29 25 30 25
6 17 1 13 3 18 4 23 6 42 9 27 11 35 12 14 13 13 15 31 20 34 21 40 22 33 23 31 24 23 27 24 28 33 29 14 17 1 11 3 29 4 48 5 20 8 31 9 37 12 24 13 37 14 36 15 49 17 28 19 18 22 13 24 34 26 38 28 29 30 14 11 1 37 3 44 6 41 15 35 16 44 17 48 22 25 24 49 27 26 28 29 30 15 6 3 19 6 33 7 39 13 36 18 19 23 30 13 5 26 8 14 9 36 13 20 15 45 16 48 18 13 19 39 20 17 21 43 24 22 26 12 29 14 14 2 22 3 50 6 17 7 43 10 24 11 33 12 36 14 41 15 13 17 28 22 32 25 36 26 36 27 16
7 6 3 47 6 10 10 44 16 35 22 27 28 29 5 6 24 12 12 16 17 23 13 29 17 4 3 19 11 30 21 26 30 49 6 8 42 13 45 17 30 22 12 23 45 26 26 5 5 27 14 42 18 31 21 50 25 19 18 1 16 3 48 4 32 5 10 6 33 8 29 10 29 12 13 14 14 16 14 17 24 20 18 21 20 22 11 23 50 25 34 27 15 29 45 11 1 30 8 16 10 30 11 19 18 34 19 34 21 11 23 41 24 26 25 47 30 26
4 14 3 47 6 13 9 43 10 37 11 32 15 34 18 35 21 47 22 14 25 28 26 24 27 44 28 44 29 30 13 1 24 3 46 4 24 6 39 7 23 14 18 15 22 19 44 22 45 23 18 27 17 28 21 29 14 18 1 26 3 29 4 49 5 30 7 12 8 24 12 19 13 42 14 35 15 47 16 43 17 13 18 50 22 32 24 43 26 12 27 23 28 32 6 7 49 9 36 13 35 20 43 24 46 30 15
8 7 1 50 4 26 9 20 10 47 11 13 16 43 24 50 15 2 12 6 42 7 38 8 34 9 40 10 31 11 26 17 15 18 35 20 25 23 43 24 15 26 31 27 29 29 22 6 2 22 4 19 9 48 15 45 16 50 27 17 8 3 39 4 33 14 11 17 21 22 25 23 28 26 34 28 19 13 2 44 3 13 5 29 7 27 10 18 12 47 18 13 20 49 23 15 25 13 26 23 27 45 30 27 6 9 30 13 14 14 20 17 17 21 18 29 36 10 2 45 3 19 7 24 9 26 11 20 18 32 24 14 25 39 26 10 29 21 5 12 12 13 31 23 35 28 38 30 43
6 6 5 48 9 38 13 31 17 12 19 36 30 46 4 10 21 20 33 21 45 24 46 11 3 20 4 20 5 12 8 21 17 31 20 28 21 31 23 32 25 37 26 21 30 39 5 1 24 3 46 18 14 27 15 30 24 10 2 37 6 32 7 38 8 23 11 35 14 41 17 31 18 50 22 48 28 40 18 2 32 4 10 5 30 8 14 10 48 11 46 12 40 14 34 15 34 19 32 20 21 22 33 23 38 25 11 26 48 27 36 28 34 30 16
4 11 2 40 7 17 9 19 13 16 14 45 15 22 16 45 18 14 21 39 22 15 30 39 5 8 38 14 31 15 43 22 32 24 20 17 1 16 2 50 3 19 5 15 6 17 8 25 9 15 10 24 11 43 12 22 15 40 18 11 19 15 23 21 24 45 26 14 30 49 4 4 27 8 39 12 26 30 31
6 14 1 31 3 40 6 48 8 37 10 22 13 42 14 21 15 16 16 16 21 12 24 50 26 44 28 13 30 33 10 4 23 5 29 7 27 9 50 11 47 12 41 13 15 18 23 20 36 25 30 18 4 21 6 31 7 41 9 28 11 16 13 13 14 21 16 18 17 38 18 44 20 19 21 33 23 12 24 14 27 10 28 32 29 21 30 42 16 2 12 3 32 6 12 9 33 10 18 11 10 12 18 15 29 16 31 17 31 20 27 21 33 22 19 27 49 28 40 29 16 8 2 16 6 36 9 40 17 34 18 24 24 48 28 41 29 22 11 3 39 4 44 10 48 12 17 14 35 18 26 19 33 21 10 23 19 25 14 28 29
6 6 3 30 4 28 9 20 15 21 21 37 25 20 8 2 40 6 14 11 17 12 36 14 50 15 27 17 50 27 37 4 4 34 8 39 10 44 28 26 8 4 29 11 40 15 17 21 15 23 47 24 33 29 46 30 16 15 2 16 3 19 7 26 8 20 9 49 11 40 14 27 20 11 21 27 22 15 24 45 25 39 27 40 28 34 29 34 14 3 37 4 36 8 46 9 23 11 24 12 26 13 14 14 40 18 36 19 18 21 46 22 50 27 26 30 14
4 10 1 30 3 10 6 24 7 19 8 26 19 12 20 32 28 39 29 41 30 22 14 1 22 2 23 6 13 9 35 12 39 13 19 14 50 16 46 18 25 21 50 22 43 25 20 27 34 28 38 14 1 41 3 23 8 15 9 31 13 50 15 16 19 42 20 46 23 31 25 50 26 25 27 44 28 42 30 34 7 9 45 11 12 12 35 16 46 24 18 26 45 28 32
5 4 8 16 12 33 19 42 30 50 13 2 41 3 11 9 17 10 14 11 41 16 44 17 11 18 49 20 29 21 46 22 12 27 41 30 10 12 1 22 2 10 3 37 9 35 11 32 12 15 15 30 17 26 19 41 24 30 27 18 29 36 9 3 34 4 38 9 10 11 18 15 33 18 46 24 40 25 38 30 39 13 1 10 4 49 6 37 9 42 11 32 14 43 15 25 20 31 22 35 24 43 27 35 28 46 30 24
3 14 6 26 8 43 9 41 11 46 12 24 13 26 15 44 18 32 20 42 22 33 24 34 25 22 27 45 28 45 8 2 27 5 32 6 35 11 43 12 20 16 39 18 32 30 22 11 4 41 9 26 12 50 13 50 14 29 18 30 21 15 22 49 23 49 25 43 27 21
7 12 3 50 4 37 11 49 13 44 15 11 17 26 18 40 21 36 23 36 27 20 28 47 30 27 9 1 36 6 28 9 26 10 14 11 28 18 41 21 31 22 21 27 10 11 1 15 4 28 6 16 8 32 9 40 10 29 14 45 21 28 25 48 27 44 30 25 7 4 19 5 50 11 43 17 23 18 17 19 49 22 11 11 2 42 3 48 7 27 8 19 9 48 12 11 16 46 19 30 20 23 26 27 27 40 9 6 27 8 48 9 24 14 48 22 41 24 31 25 12 26 28 28 20 7 4 21 8 16 11 25 13 43 19 11 24 26 29 12
6 13 8 44 9 45 10 43 14 34 15 43 16 31 17 17 18 28 20 22 22 22 23 14 25 18 28 36 13 1 11 2 45 6 20 7 16 11 47 14 18 16 21 19 43 24 34 26 23 27 35 28 43 29 39 4 1 20 7 18 19 42 21 43 11 3 21 4 22 6 45 7 23 13 34 17 10 19 25 20 20 21 26 22 24 28 44 15 1 42 4 35 5 43 8 23 9 23 13 33 18 17 22 26 23 41 25 32 26 32 27 49 28 17 29 34 30 11 6 5 34 9 17 20 21 22 45 24 38 25 42
7 9 4 12 12 18 13 40 15 49 17 30 22 34 24 41 26 14 27 31 9 6 24 8 10 10 42 15 22 17 32 19 46 21 24 26 10 27 32 12 4 20 7 14 13 16 14 26 15 34 16 42 18 28 20 30 21 25 26 49 27 46 28 45 15 3 17 4 22 6 16 7 26 8 31 9 31 13 21 14 35 16 31 21 50 22 50 23 17 25 32 28 26 30 41 12 1 24 2 15 4 41 10 45 11 28 15 48 19 20 20 43 24 11 25 18 29 26 30 34 13 1 43 5 29 6 48 7 11 9 17 11 16 15 38 17 40 18 40 19 11 23 21 26 47 28 21 16 4 44 5 25 6 43 7 27 8 13 10 24 15 33 18 20 19 22 20 18 21 40 22 36 23 47 25 21 28 19 30 16
8 18 2 20 5 34 6 29 8 25 9 50 11 10 12 34 14 45 15 28 16 39 17 44 19 42 20 33 21 27 22 13 25 40 27 45 30 44 14 1 17 2 49 6 39 9 25 12 29 14 21 17 14 18 25 19 21 23 13 25 36 26 47 27 35 29 20 14 1 41 2 18 3 21 4 20 8 44 13 48 15 19 17 50 21 36 22 47 23 35 25 24 27 25 30 44 11 1 41 2 48 3 30 5 47 7 45 9 44 11 20 13 25 22 31 24 29 30 33 5 4 41 19 23 25 19 29 32 30 44 6 5 31 6 34 7 27 13 31 14 12 20 32 15 2 22 5 48 6 32 8 50 10 17 13 19 14 40 16 32 17 48 23 11 24 18 25 30 26 29 27 17 30 46 9 1 17 6 42 7 11 16 47 17 15 18 35 19 17 28 38 29 34
4 12 2 12 3 20 4 49 5 22 6 34 10 37 13 30 14 22 15 34 19 34 20 35 26 39 12 1 26 4 26 6 42 7 36 8 50 14 22 18 24 19 30 20 23 21 17 22 35 23 12 15 4 27 6 25 7 18 8 36 9 41 14 15 16 33 18 47 19 32 20 43 22 38 23 33 24 13 27 15 30 20 12 3 17 5 28 10 38 11 27 15 10 17 10 18 15 19 22 20 12 23 21 25 41 26 29
7 16 2 25 4 48 7 18 8 30 10 26 11 41 14 48 16 29 18 39 20 35 22 43 24 46 25 38 27 20 28 32 30 47 7 1 39 6 34 10 43 15 22 16 18 22 38 28 26 15 1 28 4 41 6 49 9 23 10 33 13 12 14 18 16 24 22 15 23 11 24 32 25 28 27 49 28 46 30 20 8 3 25 4 20 5 39 9 14 15 34 18 11 26 26 30 22 15 4 43 6 35 10 45 12 12 13 23 14 34 16 11 17 12 18 17 21 42 22 13 24 12 26 48 27 42 28 40 5 12 13 16 24 20 10 21 42 24 28 11 2 43 7 24 8 13 11 25 12 20 13 38 14 25 20 44 24 49 27 19 29 29
4 14 2 10 3 15 4 18 9 13 10 40 11 47 13 20 14 44 15 25 19 14 20 39 22 17 23 41 24 36 17 1 11 4 33 5 42 6 19 8 28 9 34 10 44 11 34 12 20 13 47 14 43 15 22 18 49 25 38 27 48 29 14 30 49 18 2 12 4 28 5 26 6 10 7 11 8 40 11 15 12 32 13 24 14 25 18 20 19 23 24 36 25 40 27 31 28 50 29 36 30 10 11 1 40 3 32 5 28 9 42 10 20 17 25 21 44 22 19 23 34 26 38 27 13
7 11 3 18 4 17 7 23 10 50 11 15 16 27 19 35 21 14 23 26 25 40 30 10 16 1 34 4 41 11 38 13 49 14 12 16 47 17 34 18 42 20 41 21 44 22 32 23 23 24 17 26 20 28 39 29 29 18 3 30 4 20 5 20 6 44 7 19 9 40 10 15 14 49 15 26 17 30 18 11 20 18 22 13 23 46 24 11 27 37 29 34 30 20 15 5 27 7 13 10 26 11 26 12 20 14 23 17 22 18 13 19 18 21 47 24 30 25 34 26 41 27 29 30 46 15 1 26 3 13 4 23 5 21 8 38 9 44 11 48 13 14 17 18 19 27 23 28 24 38 25 26 26 21 29 32 14 2 49 4 16 7 12 8 34 9 37 12 10 13 48 16 11 17 23 21 25 24 20 25 49 29 30 30 29 6 1 31 5 47 8 38 9 47 14 48 20 13
3 8 6 23 7 31 8 29 11 21 13 42 20 17 22 22 29 36 6 6 25 15 34 18 36 21 14 23 16 26 24 4 14 36 20 14 21 35 26 37
3 16 4 46 5 47 6 32 7 13 8 46 10 15 11 31 16 23 17 16 21 43 23 35 24 24 25 31 26 27 27 26 30 18 4 7 40 13 42 28 24 30 24 14 1 32 2 43 3 50 8 40 9 30 12 15 14 49 15 30 16 24 17 44 18 43 20 30 22 49 26 15
3 4 6 13 14 48 19 12 28 20 5 5 45 9 36 23 14 27 27 28 36 10 4 30 5 47 11 38 20 50 24 45 25 38 26 14 28 25 29 46 30 43
3 13 1 31 2 16 3 29 4 33 10 40 12 31 13 28 14 13 19 48 22 27 27 27 29 11 30 39 4 12 17 13 41 24 17 27 17 16 2 11 3 13 5 19 8 16 9 37 11 35 13 45 14 28 15 15 17 50 18 18 20 25 21 21 22 41 23 11 30 11
3 17 2 22 3 19 4 10 5 19 7 30 8 14 10 28 14 48 15 20 16 10 17 34 18 37 23 39 25 31 26 27 29 47 30 16 16 3 18 6 22 7 23 10 15 11 29 12 31 13 34 17 13 19 34 20 13 21 29 23 31 24 40 27 50 28 39 29 49 13 2 48 6 11 9 50 10 10 14 33 15 36 17 12 20 22 22 18 23 30 24 22 28 38 30 30
3 16 2 13 3 26 4 23 6 47 7 10 9 38 11 31 15 28 16 14 18 17 22 27 24 48 25 22 26 45 27 13 29 30 18 1 10 3 42 4 38 7 27 10 12 12 42 13 37 14 38 15 22 16 20 18 25 19 38 20 10 21 47 26 42 27 28 28 40 30 15 15 2 47 3 35 7 20 8 21 9 41 10 21 12 43 14 25 16 22 17 24 24 24 26 18 27 30 29 11 30 40
4 16 1 29 4 41 5 31 9 47 10 22 11 14 13 34 16 25 18 41 19 44 21 32 24 31 26 13 27 47 28 42 29 49 4 1 29 3 17 21 41 30 46 16 4 36 5 30 7 34 9 15 11 20 12 10 13 42 15 15 17 16 18 16 20 23 23 42 24 39 27 34 29 12 30 38 11 2 22 3 27 4 30 6 38 7 31 10 49 11 38 12 33 15 34 16 14 25 31
6 17 2 45 3 11 7 19 8 41 9 32 11 12 12 27 15 22 16 50 19 42 20 39 21 18 22 39 24 32 25 22 28 17 29 39 4 3 18 9 39 21 43 30 48 8 3 10 4 37 6 12 8 35 12 27 13 15 23 46 28 48 17 1 31 5 31 8 15 10 37 13 49 14 15 16 47 17 19 19 43 20 37 22 46 23 36 24 41 25 29 27 16 29 11 30 49 9 2 35 5 17 12 39 14 23 16 22 19 36 21 16 23 12 27 16 15 1 26 3 42 6 41 8 44 9 47 12 10 13 41 15 16 17 36 18 23 21 27 22 13 23 18 25 20 29 20
7 9 9 46 11 14 18 31 22 19 24 30 25 27 28 45 29 28 30 25 6 3 42 4 31 11 43 13 28 18 15 22 13 17 4 17 5 26 6 42 7 44 12 23 13 42 14 31 18 34 19 21 20 19 21 49 23 18 26 25 27 35 28 25 29 49 30 36 7 2 15 3 41 8 45 13 15 15 35 16 50 29 12 13 3 17 6 12 7 10 9 30 12 44 19 17 20 10 21 27 22 35 23 34 24 35 25 34 30 21 15 4 30 5 24 6 46 7 12 9 43 10 43 12 33 14 38 18 31 20 38 21 33 22 15 26 15 27 16 29 14 17 1 17 2 48 3 45 4 22 5 43 6 44 7 35 12 19 15 42 17 34 18 36 19 37 20 13 23 47 25 43 28 44 30 20
3 16 1 40 3 35 5 36 7 25 9 33 10 49 11 27 14 43 15 11 17 38 19 29 20 17 24 16 25 46 27 31 30 38 11 4 42 6 28 7 38 13 17 14 40 18 17 20 14 22 50 23 40 24 40 30 45 11 2 34 11 34 13 12 14 30 17 47 20 42 25 19 26 43 27 13 28 17 29 49
4 11 2 13 5 24 6 21 9 34 12 29 15 33 19 11 21 37 23 43 25 40 28 49 18 2 49 3 23 6 20 7 46 8 45 10 21 11 28 13 41 14 43 15 28 16 26 17 36 20 28 24 18 26 43 27 46 28 35 30 15 10 2 18 3 49 10 29 12 34 16 39 20 17 21 33 25 17 28 24 30 23 5 3 50 9 39 11 22 16 46 21 29
4 5 7 18 11 25 13 32 16 21 23 23 14 1 40 5 12 6 50 7 43 8 20 9 10 13 28 15 49 17 11 19 26 24 47 27 24 28 42 30 30 14 1 33 5 39 9 19 10 32 13 18 14 26 16 18 17 28 18 50 22 19 23 19 25 47 27 46 28 27 6 2 26 7 44 16 34 19 45 23 33 24 21
4 8 10 50 11 34 18 21 22 20 25 49 27 32 28 47 30 26 7 2 18 3 25 7 16 14 17 23 26 25 45 27 10 11 3 36 8 37 10 25 11 40 12 20 14 47 17 36 21 44 23 36 26 15 27 20 14 2 17 3 28 4 50 10 38 14 43 15 31 16 24 17 16 19 27 20 46 21 32 28 32 29 23 30 39
6 10 2 33 5 27 6 11 10 31 11 33 14 12 16 39 17 23 18 45 27 26 14 1 15 3 39 8 20 10 40 11 19 12 25 13 35 14 43 16 23 19 26 23 23 24 46 25 15 28 48 16 1 30 6 45 8 20 11 35 15 50 16 48 17 48 18 33 19 44 21 35 22 31 23 29 24 42 25 19 28 34 29 16 17 1 12 2 37 3 22 5 24 6 25 7 41 8 48 9 12 13 42 14 44 19 14 20 25 23 27 24 33 25 32 27 29 30 50 16 1 27 5 28 6 30 9 36 10 30 12 19 13 17 15 47 18 46 19 44 21 14 22 23 23 28 24 25 27 28 29 16 5 6 36 9 45 12 45 24 33 28 29
7 8 2 37 4 25 11 23 14 19 19 39 26 30 28 26 29 24 16 1 25 2 23 3 50 4 15 5 36 6 40 8 45 10 17 13 43 14 39 17 33 19 27 21 27 23 29 24 14 29 43 13 2 28 8 23 10 13 13 48 16 39 17 28 19 22 21 10 22 22 23 24 24 44 25 26 29 25 14 4 25 7 42 10 28 11 41 13 22 15 36 17 28 18 39 19 49 23 42 25 32 26 11 27 37 28 35 11 3 31 5 41 9 26 10 40 12 21 14 17 17 13 18 35 20 40 23 26 27 50 14 1 25 2 26 3 36 6 50 8 13 9 23 12 30 13 25 18 23 23 28 25 17 26 44 27 39 28 35 4 8 24 15 40 18 27 19 20
6 14 4 48 8 45 9 49 12 49 14 12 17 47 18 23 19 28 21 43 24 18 26 37 27 40 29 10 30 48 10 1 37 2 36 4 36 7 32 8 23 13 17 16 24 19 45 21 18 22 28 10 1 48 4 16 11 41 12 33 13 26 14 13 17 47 18 23 19 37 30 32 13 1 19 3 17 6 15 7 26 9 35 10 23 15 12 19 42 20 34 22 18 23 15 24 17 27 27 15 1 18 4 50 8 17 9 41 10 43 11 12 12 23 13 21 16 47 18 34 19 22 21 21 23 10 24 43 28 13 8 7 18 10 49 11 38 16 41 17 41 19 26 26 49 27 37
5 15 1 31 2 23 8 42 10 13 13 32 14 32 15 43 18 48 19 23 20 26 23 10 25 46 26 30 28 35 30 32 15 2 15 5 35 7 17 11 11 12 50 16 12 17 43 20 35 22 42 23 42 24 35 25 17 26 38 27 19 28 32 18 1 37 2 10 3 20 7 11 9 26 10 35 11 12 14 47 15 20 17 27 19 10 20 34 22 12 23 49 27 10 28 20 29 32 30 50 17 2 19 3 37 6 38 9 48 10 29 11 16 13 38 14 45 17 24 18 22 20 25 22 25 24 33 25 19 27 41 29 27 30 40 17 3 45 4 22 7 17 10 18 11 10 12 13 13 27 14 30 15 45 16 47 17 41 18 10 20 46 22 21 26 45 29 32 30 32
4 8 6 43 10 28 11 12 18 13 22 22 26 30 28 44 29 45 15 1 33 6 40 8 26 11 43 12 34 15 36 16 12 17 33 20 19 22 24 24 48 25 13 27 44 28 19 30 24 6 5 42 19 23 21 19 22 45 26 32 29 27 9 1 12 4 50 6 29 9 40 15 44 18 12 23 42 26 33 28 37
5 8 1 22 5 20 6 42 9 43 11 50 19 50 25 30 28 49 16 1 45 2 38 3 12 5 16 6 41 7 47 9 44 12 31 13 30 16 36 17 49 19 24 22 41 25 36 29 35 30 24 16 1 17 5 47 6 22 8 12 13 37 14 19 15 11 16 41 17 36 18 34 20 28 21 31 23 27 26 35 27 40 29 17 10 2 37 5 26 9 18 10 20 14 41 18 40 19 19 20 34 23 19 30 33 4 13 14 20 47 24 25 26 46
8 5 10 45 16 18 20 35 25 42 27 36 10 1 13 3 32 8 46 14 19 15 32 17 15 19 12 20 21 21 48 27 28 15 1 24 4 48 5 11 8 36 9 50 11 45 13 22 15 42 17 41 18 45 19 18 23 11 24 50 25 29 27 27 6 4 18 14 31 15 25 18 11 28 30 29 26 8 1 26 7 43 11 23 14 25 18 49 23 43 26 22 29 19 8 3 41 4 30 15 26 22 30 24 19 26 11 28 42 29 38 11 1 47 4 46 6 17 7 11 8 18 14 20 15 40 17 48 22 19 27 44 28 10 7 10 12 20 37 21 24 22 31 26 13 29 23 30 22
3 9 6 43 9 15 10 25 12 12 13 39 17 29 18 37 22 42 23 20 7 1 13 2 49 16 23 17 33 20 12 26 37 27 25 14 2 43 5 15 7 16 9 14 12 45 14 47 16 42 18 42 19 29 25 31 27 39 28 45 29 26 30 32
3 15 2 14 4 38 5 35 6 35 8 43 12 17 13 33 14 16 15 48 16 47 18 42 19 20 21 20 28 11 30 17 18 2 42 3 10 5 48 6 20 7 29 8 21 10 30 11 22 12 12 15 42 16 29 18 38 21 12 23 43 24 15 25 29 27 23 30 26 10 1 19 2 17 5 40 7 15 13 29 16 47 21 31 22 44 27 26 29 46
6 17 1 34 2 49 5 20 7 24 8 49 9 37 11 27 13 15 14 19 16 23 17 26 23 21 25 16 26 48 27 38 28 45 29 48 7 6 14 7 44 8 18 12 12 16 21 25 50 28 50 9 1 38 5 36 7 24 9 30 12 27 14 25 16 43 20 34 22 10 17 1 17 2 32 3 39 4 35 5 18 8 10 10 23 11 50 14 50 15 16 17 19 18 44 19 21 20 43 22 46 27 33 28 42 9 9 42 11 46 13 28 16 25 19 38 21 25 24 22 29 38 30 33 18 1 45 2 11 3 48 4 40 7 40 8 14 9 16 10 20 11 19 12 29 13 36 16 45 17 50 19 40 21 13 24 31 29 43 30 10
7 12 2 41 3 39 5 25 9 18 10 41 11 19 14 12 15 20 18 11 20 38 24 15 29 13 8 3 50 5 49 9 37 10 40 12 35 17 20 26 23 27 17 14 2 27 4 20 5 32 10 14 12 30 15 29 17 44 18 35 20 40 24 12 26 19 27 29 29 36 30 36 5 7 44 21 33 22 40 24 33 30 22 6 14 39 15 29 18 41 21 35 23 29 25 22 12 2 16 5 16 7 23 8 33 9 19 12 26 16 23 18 25 24 46 25 23 26 21 29 36 10 1 36 2 24 9 44 14 48 17 30 19 41 21 18 27 13 28 19 30 32
5 8 9 27 10 47 14 43 17 19 22 49 24 24 28 43 29 20 14 1 24 2 45 5 32 8 20 9 22 10 48 11 17 13 27 14 37 15 16 17 34 25 11 27 46 29 10 17 1 25 2 43 4 39 5 17 8 41 9 45 11 22 14 50 15 43 17 32 19 21 21 20 24 13 26 30 27 16 28 21 29 26 8 1 21 8 26 13 11 15 15 16 20 21 37 25 49 27 19 10 1 14 6 31 7 38 11 31 14 26 16 33 17 12 24 24 25 11 29 20
7 10 2 32 5 50 6 47 8 28 10 46 15 19 18 13 19 38 21 45 23 17 9 6 28 7 44 11 34 14 18 15 28 19 14 26 42 27 28 28 13 16 2 22 5 25 7 43 8 44 10 28 12 27 14 22 16 38 18 46 19 28 22 37 23 35 24 14 26 15 27 14 28 39 14 1 50 4 47 9 23 10 10 11 38 12 19 15 48 16 48 18 41 20 39 23 26 24 40 26 25 30 32 13 3 26 6 28 7 38 8 36 10 31 15 32 16 50 17 50 19 17 20 40 24 38 25 36 26 24 5 4 32 6 23 12 37 17 19 28 44 10 4 27 6 28 7 46 9 16 12 41 13 22 19 36 20 21 22 46 27 30
6 6 1 29 6 11 15 42 17 10 19 12 24 38 9 2 23 7 48 9 34 10 40 13 15 18 13 20 13 24 24 27 21 5 5 44 8 31 9 16 13 39 24 35 14 1 37 2 41 3 36 7 47 16 22 17 47 18 18 19 31 20 36 21 16 22 15 24 39 25 43 29 15 10 5 49 6 41 7 27 9 11 10 14 23 37 24 39 25 45 26 40 28 28 8 2 31 5 24 6 40 17 39 18 39 19 21 21 19 24 22
3 13 1 10 2 25 7 48 8 33 9 49 11 11 13 45 16 10 19 11 20 35 24 39 25 37 28 39 14 3 32 6 16 9 35 11 20 12 21 14 47 18 23 20 39 21 27 24 33 25 39 27 48 29 35 30 41 18 1 42 2 11 4 32 5 28 10 16 13 46 14 36 15 25 17 34 18 17 21 22 22 24 23 30 24 18 25 26 27 20 29 42 30 43
7 15 1 30 4 35 8 36 9 44 10 41 14 41 16 40 17 35 19 18 20 28 22 49 23 32 24 49 27 45 29 12 18 1 43 3 48 4 14 7 45 9 50 10 41 12 27 13 44 14 17 18 13 19 39 20 26 21 50 23 22 24 50 25 49 27 17 29 20 5 2 48 11 26 14 18 23 42 27 11 7 2 23 7 22 9 44 12 36 15 24 19 11 29 19 17 2 27 4 33 6 19 8 28 9 24 12 12 13 34 15 44 17 19 18 45 19 21 20 27 21 34 23 16 25 34 26 14 30 18 7 4 24 9 19 13 13 18 19 20 19 23 20 24 34 4 6 17 9 47 11 11 28 12
7 14 2 45 4 20 5 50 6 11 8 13 11 37 12 38 15 45 16 22 21 33 22 36 27 14 28 40 29 19 5 2 15 7 25 13 44 16 22 26 47 5 1 17 2 37 6 40 23 11 26 20 7 4 41 15 48 18 25 21 46 22 21 26 18 30 21 12 1 44 8 28 10 24 12 29 13 43 14 18 15 44 17 35 20 36 23 24 29 10 30 28 18 2 23 3 12 4 18 6 46 7 38 11 36 12 48 14 32 15 33 18 50 19 43 20 37 22 19 24 18 25 44 27 18 28 47 29 33 12 2 10 3 32 6 16 12 47 13 43 15 21 16 20 19 19 20 28 22 40 26 10 28 31
3 18 2 10 6 31 7 46 8 25 9 31 11 24 12 23 13 21 14 33 17 21 19 46 21 44 22 44 23 45 24 35 25 31 27 20 28 39 15 1 38 3 42 4 10 5 29 6 15 7 16 8 11 9 50 10 20 14 40 17 37 21 30 22 32 23 48 30 33 11 1 12 3 28 6 24 7 39 10 49 14 37 16 37 18 15 22 50 23 47 25 49
5 17 1 23 2 26 3 13 7 48 8 36 11 20 12 28 14 31 16 43 19 46 20 14 23 20 24 40 25 47 28 37 29 42 30 40 6 2 48 7 15 15 35 18 12 21 20 30 39 9 9 46 10 36 15 40 17 31 18 18 22 13 25 49 28 36 29 16 7 1 47 2 38 7 24 13 12 18 16 23 31 24 18 8 5 10 12 28 16 27 17 43 21 28 24 47 25 31 30 37
3 9 2 47 3 35 4 43 6 45 10 19 11 27 18 22 24 41 29 14 11 4 17 5 29 9 46 13 21 15 22 16 38 17 11 18 33 21 22 25 25 26 21 12 1 30 6 29 7 10 11 47 14 17 17 32 19 41 21 39 22 10 24 35 25 40 29 31
7 15 1 21 3 13 8 10 10 44 11 31 12 16 13 24 14 34 16 44 19 48 22 10 24 22 25 16 26 42 27 15 12 3 36 6 32 9 17 10 24 11 15 12 41 14 36 15 33 19 13 20 19 22 46 27 42 9 7 30 11 16 12 25 13 40 16 19 21 32 25 22 26 47 28 18 5 2 13 9 31 14 24 21 45 28 28 9 4 38 7 12 10 32 12 41 16 13 19 18 22 19 24 25 29 19 8 3 21 7 14 8 35 9 26 11 42 12 24 21 14 22 17 11 3 21 6 31 9 48 10 13 12 10 17 20 21 49 23 19 24 38 27 22 28 46
5 7 3 34 10 12 12 36 15 31 26 29 27 17 29 26 15 2 30 3 30 4 33 8 12 11 21 13 37 17 13 18 23 19 20 20 20 21 37 22 28 25 35 28 27 30 13 4 10 15 17 28 19 45 27 26 10 4 46 10 16 12 42 13 18 17 47 20 32 23 32 27 17 28 21 30 44 17 2 14 3 46 4 29 8 13 9 27 10 29 13 46 14 14 15 30 18 21 20 34 21 34 22 45 25 33 28 41 29 15 30 44
5 10 1 32 8 24 10 16 16 25 19 16 20 36 22 12 27 45 29 22 30 47 6 10 27 14 29 17 45 19 15 29 40 30 40 7 9 38 10 43 14 32 21 26 24 32 25 14 26 26 9 1 44 2 29 3 50 4 12 6 35 10 24 17 49 18 41 25 31 9 1 10 2 24 3 15 10 50 13 17 16 30 17 16 25 16 27 12
3 8 2 12 5 39 21 42 22 46 23 19 27 21 28 13 30 42 10 4 24 9 16 11 42 12 41 14 45 16 13 19 22 20 23 23 29 28 22 13 2 14 4 25 6 21 12 20 14 38 15 43 18 11 19 48 20 13 21 34 23 18 27 34 29 48
7 13 1 29 2 34 4 15 9 14 11 41 17 26 22 21 23 15 25 40 26 16 27 36 28 35 29 32 4 5 14 10 44 14 42 21 36 7 2 21 4 18 9 21 12 40 20 50 24 31 26 43 4 2 25 5 15 9 12 29 36 10 5 49 7 36 9 40 12 36 13 26 14 26 16 38 20 23 21 14 26 13 12 1 18 2 37 3 19 7 18 11 42 13 31 14 43 15 17 24 44 25 23 29 45 30 27 8 3 36 6 39 8 33 11 33 12 38 16 18 24 20 29 23
6 4 8 29 10 47 19 49 25 49 14 2 10 5 43 6 36 7 15 8 34 9 17 11 39 14 19 15 32 16 13 23 20 26 28 28 29 30 33 17 3 34 5 50 6 18 10 45 12 35 14 10 15 17 17 45 18 10 19 16 21 11 22 14 23 48 24 17 25 42 26 38 27 40 4 15 37 18 32 20 39 29 50 5 1 19 7 40 26 22 28 33 29 11 14 2 44 3 14 6 29 9 27 10 42 11 39 13 13 18 25 19 22 21 42 23 23 25 34 26 10 28 43
7 8 2 14 3 27 6 47 10 41 15 43 17 35 19 44 25 29 17 7 45 9 21 10 11 11 32 12 17 14 11 15 14 16 29 17 26 18 25 19 13 20 31 25 36 26 48 28 48 29 12 30 42 9 5 25 6 50 7 24 11 30 13 24 15 20 18 33 21 19 28 44 16 5 29 6 23 7 33 11 46 13 46 14 15 16 23 17 49 22 17 23 45 24 33 25 44 27 20 28 30 29 33 30 31 6 2 32 4 47 10 25 11 50 26 43 27 18 9 1 30 2 31 6 45 11 39 14 44 16 40 21 20 22 15 30 10 11 2 32 5 11 10 42 11 17 12 22 14 44 15 38 23 18 24 22 26 35 27 45
4 7 8 38 13 41 17 38 20 22 21 27 23 28 24 50 8 4 17 10 35 15 12 18 16 19 34 23 12 26 30 27 19 14 1 41 2 25 3 38 5 47 6 45 10 17 13 20 21 16 23 13 24 26 27 50 28 46 29 49 30 33 18 1 31 7 15 8 44 9 27 10 16 12 23 13 25 16 35 18 40 19 19 20 33 21 16 23 31 24 13 25 33 27 42 28 45 30 27
8 12 2 19 3 26 7 49 9 18 11 27 12 18 13 25 15 22 18 15 23 22 24 22 30 41 4 12 19 13 50 24 28 29 43 9 2 49 7 38 16 17 17 50 19 35 23 48 24 36 27 21 28 16 17 1 28 2 16 3 36 4 50 7 37 8 13 10 45 11 11 12 39 13 17 14 45 15 17 21 18 23 10 25 38 28 19 30 17 16 2 41 3 40 4 15 7 18 11 22 12 20 15 27 18 44 19 11 20 32 23 12 25 40 26 35 27 18 28 36 29 16 17 2 38 3 18 4 14 6 24 7 43 8 39 11 38 12 42 13 16 15 34 17 42 20 16 21 16 26 13 27 15 28 31 30 38 8 1 16 3 41 5 16 7 35 8 13 18 28 25 35 29 30 6 5 14 11 37 20 48 23 44 26 33 29 23
6 12 1 40 2 19 3 33 5 37 6 16 9 29 16 44 18 45 21 48 22 32 25 50 28 48 10 2 33 3 33 10 16 14 23 17 14 20 41 22 44 24 42 27 44 29 12 4 6 13 10 44 11 16 22 48 8 1 32 7 49 9 37 11 10 12 32 16 16 18 32 28 50 12 3 40 4 40 5 26 10 44 12 49 13 41 17 38 18 39 19 48 23 31 24 10 26 45 13 1 15 2 17 7 45 8 44 9 32 12 23 13 29 14 39 19 10 21 42 24 37 26 17 29 14
5 9 4 37 6 17 8 28 9 32 11 40 13 14 14 46 25 35 29 46 15 2 37 5 22 6 27 8 15 9 36 12 17 13 14 14 12 16 32 18 36 20 19 21 22 22 33 25 13 26 33 12 3 29 4 36 7 15 8 23 9 42 12 42 13 37 17 35 19 18 21 17 29 28 30 30 16 2 24 4 18 7 20 9 18 11 35 16 39 17 42 18 35 19 42 20 21 22 41 23 32 26 41 27 22 28 43 30 33 13 1 40 2 26 4 38 6 10 8 26 11 41 14 18 17 18 19 15 23 29 25 32 26 18 29 16
6 7 1 11 9 28 10 23 11 23 22 27 24 22 30 31 16 2 29 3 48 4 21 5 21 9 49 11 24 12 20 14 39 16 33 18 27 22 26 23 31 24 36 25 17 27 49 28 28 9 9 47 12 37 13 32 14 27 17 39 22 15 23 29 26 26 30 23 6 3 37 5 14 8 48 12 14 22 26 23 27 10 2 16 8 42 10 20 16 25 18 22 23 37 24 48 25 47 27 19 29 40 14 1 43 3 33 4 14 7 25 12 41 15 19 18 43 20 24 22 33 24 44 26 33 27 35 29 28 30 24
5 8 3 16 8 42 19 25 21 33 22 12 25 19 27 24 28 24 17 1 39 2 27 5 41 7 27 8 25 10 50 12 36 14 40 15 16 16 40 17 14 18 24 19 46 20 35 21 41 26 28 28 22 11 2 19 3 47 7 42 8 13 11 39 14 36 17 21 18 19 24 10 28 37 30 42 16 2 26 3 30 5 39 6 44 9 47 10 16 13 38 14 44 16 13 17 25 18 26 22 34 23 41 24 15 27 36 29 46 15 1 22 2 12 7 16 8 11 9 10 11 28 12 38 14 14 18 42 19 43 23 38 24 30 25 27 26 50 27 50
5 14 2 13 5 31 7 50 8 10 9 45 13 32 15 44 17 39 18 45 19 32 21 21 22 34 29 23 30 24 9 2 32 5 12 7 20 12 32 16 32 17 17 24 44 25 12 30 39 7 7 37 10 43 12 33 15 19 16 43 19 47 29 11 9 1 47 2 22 7 11 10 24 12 14 13 15 17 35 29 28 30 13 8 5 12 6 50 16 38 21 39 22 32 23 41 26 26 28 17
6 15 1 21 2 20 4 27 5 29 8 49 10 49 12 35 16 21 17 21 18 42 24 22 25 41 26 18 27 48 29 18 14 2 27 4 39 5 48 7 32 10 46 12 34 15 37 18 26 19 30 21 14 23 40 25 11 27 30 29 17 15 1 25 2 16 4 37 5 50 6 36 8 38 9 20 12 37 15 24 16 29 22 36 23 42 24 35 27 35 29 22 9 6 14 7 28 10 33 12 16 14 22 17 31 21 49 28 43 30 47 11 3 13 4 45 5 35 7 36 8 25 9 38 11 41 13 22 18 34 24 17 26 39 11 1 34 8 29 15 38 16 32 19 48 22 33 23 12 25 22 26 47 29 30 30 20
5 15 1 34 3 25 5 16 8 27 9 39 12 30 14 47 15 22 17 13 21 48 25 41 26 23 27 41 28 39 30 38 17 1 26 2 29 3 40 10 30 12 19 13 47 14 30 17 25 18 42 19 19 23 21 24 47 26 48 27 20 28 36 29 50 30 38 17 2 12 3 42 4 29 5 17 6 28 7 27 8 37 10 29 15 35 16 22 18 47 19 24 20 21 21 16 22 47 27 29 30 23 13 4 21 6 19 7 21 8 13 13 37 16 47 20 47 21 14 25 44 26 39 27 15 28 26 29 31 10 4 28 15 10 17 50 18 44 19 33 20 20 24 27 27 42 29 18 30 33
5 8 5 45 6 10 9 33 10 23 18 18 24 43 27 46 28 33 18 1 15 2 16 3 12 5 36 6 42 10 46 12 14 13 30 16 23 17 29 18 50 20 36 21 29 22 16 23 49 25 27 27 27 30 22 14 2 19 3 28 6 24 8 32 12 42 15 42 16 19 17 42 19 28 21 28 23 19 26 17 27 25 28 32 4 3 14 16 26 20 41 23 48 11 2 33 3 30 7 43 11 39 15 10 17 27 18 37 25 42 26 31 28 16 29 48
4 16 3 42 7 37 8 34 9 38 10 32 11 11 13 19 14 26 17 12 18 34 20 10 21 39 23 30 24 26 26 27 29 39 7 5 29 7 19 8 46 9 31 14 13 25 31 27 16 8 3 40 5 48 16 39 19 44 21 43 22 20 26 40 27 39 5 1 41 2 13 5 45 14 39 29 25
7 8 6 14 9 49 11 14 12 35 19 42 20 26 22 36 27 22 5 8 50 12 29 22 14 26 47 29 28 4 13 12 16 48 17 11 20 14 16 1 17 2 27 6 36 9 34 10 27 13 43 14 21 19 43 21 49 22 46 23 45 24 47 26 50 27 14 28 13 29 37 9 5 28 8 19 10 31 11 29 15 22 18 16 19 37 20 35 26 47 7 5 20 9 39 10 10 12 39 23 25 24 35 29 27 15 1 41 5 48 7 17 8 36 9 26 10 26 12 22 15 34 16 11 18 32 20 25 21 27 22 47 25 46 28 28
7 6 11 48 13 44 19 30 23 12 27 20 29 12 9 1 26 2 21 4 15 10 45 11 44 20 44 22 44 28 27 29 50 18 1 15 4 15 6 11 7 41 10 46 11 28 15 10 16 47 17 25 19 20 20 25 21 50 22 13 25 44 27 22 28 27 29 24 30 40 13 3 31 8 33 11 21 13 17 15 16 16 33 17 18 18 29 19 18 20 47 21 19 27 27 28 19 14 1 40 2 21 5 49 6 42 11 32 12 22 13 34 15 44 17 31 18 28 20 45 26 47 27 27 28 45 15 2 32 7 44 11 36 12 22 13 15 17 37 18 21 19 50 20 24 21 23 25 17 26 46 28 13 29 25 30 26 4 2 20 6 15 15 13 17 26
8 16 2 14 3 11 7 32 8 15 9 42 10 12 16 13 17 28 20 24 21 22 22 48 23 12 26 31 27 23 29 49 30 43 7 1 11 7 34 8 20 13 33 14 41 22 42 29 44 17 1 11 3 23 5 18 6 48 8 16 9 37 10 22 12 36 13 45 14 34 16 29 22 36 24 30 27 14 28 22 29 49 30 50 11 2 48 3 45 6 29 7 42 16 32 17 31 19 23 22 44 23 35 25 14 28 37 5 5 12 7 27 9 47 12 18 22 37 7 4 40 5 27 8 24 9 21 13 43 22 25 29 28 12 1 22 2 36 5 40 9 22 10 16 15 38 17 32 22 13 23 45 25 32 29 21 30 45 12 3 13 4 32 5 28 6 34 12 14 13 22 18 31 23 39 25 44 26 42 27 29 28 40
8 9 6 33 10 29 14 48 15 15 19 45 20 15 22 22 26 11 27 41 14 4 33 5 42 6 21 11 36 12 34 15 15 16 36 17 18 22 21 23 33 24 30 27 30 29 30 30 31 18 1 47 4 10 5 38 8 17 9 49 10 29 12 16 13 15 14 50 17 21 21 15 22 21 23 50 26 29 27 42 28 25 29 43 30 44 17 1 13 2 24 4 13 5 21 7 34 9 50 12 19 15 33 16 43 17 22 19 50 20 35 21 29 24 42 26 16 29 49 30 11 11 1 21 2 48 8 28 9 23 10 22 14 19 22 10 23 46 24 36 25 45 26 23 14 2 31 3 42 7 18 8 26 9 48 11 38 13 31 14 39 17 29 19 32 20 46 21 28 22 45 27 33 11 1 38 2 28 3 30 4 28 7 43 14 38 15 34 16 32 25 43 26 48 30 13 4 4 19 10 11 21 17 23 13
4 10 3 26 4 39 6 24 11 14 17 36 18 20 20 45 22 35 27 44 29 36 17 2 19 4 45 5 25 6 11 7 22 8 29 10 30 12 19 13 46 16 40 18 19 20 45 21 40 22 35 26 44 28 16 30 47 7 5 50 8 38 16 11 22 12 26 28 27 23 29 35 14 1 24 4 17 6 30 9 46 11 20 12 29 14 20 17 17 18 14 19 42 20 34 22 38 28 33 29 31
8 11 3 26 6 21 7 40 9 19 12 35 13 45 17 20 22 46 25 10 29 18 30 49 9 2 40 4 31 6 38 7 42 8 15 10 29 12 41 14 20 27 47 11 2 21 4 50 5 14 8 10 16 23 17 38 19 30 21 50 26 16 27 35 30 29 10 7 21 8 29 11 24 13 40 15 10 17 45 20 17 25 41 27 19 30 24 12 4 48 6 23 8 50 9 21 13 33 14 32 17 27 19 27 20 17 23 40 26 12 27 44 4 4 29 9 16 16 35 27 25 15 4 17 9 23 10 18 11 10 12 25 13 11 14 44 15 36 17 47 18 42 21 18 26 13 27 42 29 43 30 31 13 3 35 7 31 8 31 13 29 14 28 15 24 16 16 18 43 19 15 21 31 22 41 23 35 30 18
104 140 89 79 68 121 52 101 110 49 75 136 108 98 75 120 111 83 38 64 57 89 95 129 83 89 54 115 103 60 113 114 58 91 54 93 118 98 126 68 96 64 130 42 44 46 42 59 42 79 89 98 46 71 77 73 96 91 85 82 58 97 144 36 51 113 90 78 105 88 48 99 136 52 77 39 85 62 64 51 89 85 100 52 138 91 95 86 78 81 101 88 74 54 120 85 103 118 75 116
2 1 1 1 3 3 2 2 3 3 1 3 1 2 3 1 3 3 2 3 3 1 1 3 2 2 1 2 2 2
# Instance ID: 81
# Total operations: 543
# Actual flexibility: 0.368
# Generated: 2026-02-14 14:26:23
# Format: Extended Brandimarte for MOFJSP (Comparison Dataset)