25 15
3 8 1 30 3 24 5 48 8 40 10 10 11 40 12 40 15 27 7 1 50 3 22 5 15 8 38 9 14 12 28 14 34 3 10 31 14 25 15 46
5 6 3 36 7 21 8 25 12 30 13 46 15 34 2 4 10 6 18 8 1 45 2 38 3 10 5 23 6 34 8 43 9 35 12 13 7 1 35 4 25 7 37 12 10 13 33 14 12 15 18 3 7 27 11 10 15 49
3 3 1 47 4 12 14 47 3 1 25 3 50 13 11 4 1 26 3 31 6 20 10 22
5 9 2 21 4 35 5 12 6 13 8 49 10 44 13 37 14 12 15 18 9 5 47 6 18 8 12 9 30 10 28 11 45 12 48 14 28 15 28 7 1 17 2 45 4 48 9 34 11 32 13 50 14 32 5 5 35 6 20 7 20 14 48 15 33 4 2 13 8 30 10 36 14 34
6 2 4 36 13 16 8 1 28 3 38 5 50 7 19 8 36 9 35 10 11 14 18 5 2 33 6 11 9 14 13 33 15 22 2 2 24 8 50 3 7 16 8 30 13 37 2 6 38 9 46
4 2 3 21 6 26 6 2 38 4 46 5 26 6 13 10 34 14 26 7 1 30 2 39 4 17 6 46 8 15 10 43 11 50 8 4 31 5 34 7 17 10 45 11 25 12 22 14 30 15 48
3 9 1 39 3 13 5 21 7 25 8 40 9 40 11 15 12 44 14 26 5 1 46 2 21 11 20 13 11 14 48 7 3 23 4 18 7 23 8 46 12 35 13 28 14 26
8 2 3 45 14 18 7 3 26 4 20 7 38 8 40 12 25 13 49 14 20 5 3 12 6 18 9 25 11 21 12 11 3 1 14 5 37 12 49 5 3 27 4 28 9 18 13 23 14 29 9 1 30 2 15 3 31 8 27 9 31 10 18 11 34 12 13 13 38 7 2 45 4 24 7 17 10 11 12 10 13 35 14 28 5 3 50 4 19 7 18 11 41 13 38
7 9 1 29 2 40 4 11 7 38 8 10 9 23 11 45 13 33 14 13 5 1 30 6 20 7 49 10 42 13 29 4 2 12 5 50 11 40 12 29 2 3 27 8 11 8 3 36 6 18 7 33 8 46 9 10 13 37 14 20 15 10 2 4 35 12 22 7 2 28 5 46 7 38 11 27 12 30 13 48 14 41
6 5 2 41 4 46 9 44 10 27 12 48 3 5 42 10 37 12 12 7 1 36 3 37 4 28 5 23 6 18 10 18 14 24 6 2 45 3 47 7 44 12 14 13 16 15 31 6 1 14 4 21 5 38 6 37 9 20 11 18 5 5 41 9 29 10 21 12 50 14 20
3 7 2 42 7 42 8 43 9 19 12 18 13 23 14 38 9 1 14 2 22 4 26 5 46 6 33 7 35 9 29 11 39 15 46 6 1 37 6 38 7 49 9 27 11 46 13 34
7 5 1 49 4 38 9 19 11 22 15 35 3 1 13 9 46 14 19 8 1 32 2 30 3 38 6 42 7 36 13 27 14 31 15 41 8 2 26 3 40 6 37 8 27 12 10 13 10 14 13 15 34 9 1 14 3 36 5 34 6 32 7 26 9 30 10 16 13 19 14 21 6 2 49 5 40 9 28 10 10 14 19 15 22 5 1 42 7 24 9 30 14 40 15 12
3 3 1 36 4 22 8 12 6 3 13 4 21 5 12 7 31 9 13 13 44 5 1 23 2 27 5 47 10 10 13 47
5 8 2 27 3 31 8 19 10 45 11 27 12 17 13 23 15 33 8 1 23 5 32 6 34 8 41 9 29 10 42 12 10 14 46 7 1 31 4 47 5 50 8 45 10 12 11 18 14 37 2 3 49 12 26 6 1 32 2 43 3 48 4 18 11 31 13 43
3 6 1 19 4 12 5 24 8 16 10 46 14 38 9 2 29 5 14 6 42 7 37 8 27 9 43 10 20 13 22 15 10 4 6 43 10 35 11 42 14 27
8 3 3 25 7 24 10 20 8 1 39 3 36 5 40 6 28 7 43 9 23 11 16 12 38 5 1 47 3 23 7 15 12 33 13 15 3 8 19 9 28 14 19 8 1 36 5 19 6 25 7 18 9 39 10 19 14 24 15 40 3 8 47 9 11 10 19 4 4 13 8 12 10 37 11 30 6 8 13 9 45 11 27 12 39 13 38 14 47
3 7 2 30 5 30 7 22 8 47 11 43 12 14 15 44 2 8 23 14 39 3 2 30 6 41 10 48
3 2 9 29 10 33 8 3 36 4 23 5 43 7 11 8 19 9 11 11 40 13 35 3 3 35 4 16 10 21
8 3 11 48 13 11 15 50 7 2 43 3 34 9 16 12 42 13 18 14 11 15 41 2 7 34 15 48 2 2 13 14 39 4 3 47 4 45 8 19 13 34 5 4 37 5 29 9 48 11 39 12 12 5 1 30 6 39 7 42 8 49 12 36 5 4 10 6 41 8 38 12 25 14 16
6 4 4 16 11 30 13 31 14 31 2 11 30 14 38 2 3 15 6 43 9 3 12 4 29 5 33 9 42 10 44 11 23 12 16 14 14 15 29 3 1 16 5 19 8 24 7 1 30 2 50 4 35 7 44 8 48 9 14 14 12
3 9 1 50 2 29 3 50 8 27 9 32 10 37 13 42 14 28 15 26 8 1 29 4 11 5 14 7 37 8 23 9 18 10 49 13 30 9 2 41 4 33 5 38 6 20 8 48 9 19 11 38 13 24 15 16
8 8 1 45 2 33 3 29 4 20 6 24 9 24 12 21 13 29 3 7 33 12 14 14 45 7 4 34 5 11 7 39 9 23 10 29 11 28 12 34 9 2 15 3 50 5 41 6 27 7 49 9 17 10 37 12 14 14 38 2 1 20 6 20 3 2 35 9 46 11 45 3 5 16 11 24 14 29 6 1 26 7 45 8 23 10 41 11 38 12 28
7 2 3 47 12 18 8 1 50 3 32 4 11 5 46 7 47 11 34 12 21 14 17 5 2 48 7 34 8 36 13 36 15 37 3 1 35 3 25 6 27 4 1 18 3 24 13 27 15 49 2 2 38 4 37 5 6 11 7 16 8 40 10 38 15 49
5 3 3 29 6 27 11 35 3 1 49 5 20 15 23 5 2 29 6 35 8 33 13 37 14 29 4 1 17 7 45 13 34 14 25 9 2 50 3 31 4 32 5 47 6 20 7 50 10 21 13 41 15 38
5 8 1 23 2 45 5 30 9 10 10 21 13 31 14 31 15 14 5 5 26 11 45 13 35 14 40 15 19 4 4 10 9 29 10 40 15 25 5 2 15 5 33 6 40 7 28 14 47 5 2 47 3 39 5 43 6 43 13 39
40 99 53 83 101 65 53 140 133 85 41 89 52 96 55 120 38 48 131 98 44 147 97 86 64
2 1 1 3 1 1 1 1 2 2 1 1 3 3 2
# Instance ID: 36
# Total operations: 127
# Actual flexibility: 0.351
# Generated: 2026-02-14 14:26:22
# Format: Extended Brandimarte for MOFJSP (Comparison Dataset)