50 25
3 15 4 41 5 35 9 30 10 50 11 40 12 33 14 45 15 19 16 26 19 11 20 45 21 24 23 26 24 16 25 32 11 2 50 6 22 7 38 11 42 13 20 18 46 19 16 21 30 22 46 23 32 24 11 10 4 19 5 46 9 12 10 33 12 40 14 43 15 47 16 32 17 43 24 26
6 5 6 49 10 36 11 39 20 20 25 34 12 1 25 3 24 4 30 6 11 7 29 9 20 11 32 13 43 17 32 18 23 20 50 21 45 14 2 35 3 25 4 42 6 45 7 32 8 34 11 44 12 32 13 25 17 15 18 48 23 25 24 32 25 32 13 5 14 6 25 7 15 9 27 10 25 14 29 15 18 16 10 18 26 19 20 20 29 21 49 22 24 14 1 22 2 19 7 21 9 49 11 34 14 47 15 45 16 49 17 23 18 17 20 29 21 30 22 34 23 37 5 6 16 11 50 12 34 17 29 21 34
7 14 1 38 3 32 5 15 7 33 8 20 9 30 10 36 11 34 12 21 18 45 20 43 21 30 22 19 24 32 6 2 22 3 44 6 10 14 29 16 38 25 36 10 2 43 3 28 7 27 8 13 16 24 17 49 18 13 20 16 21 13 24 22 13 2 40 3 18 6 18 9 23 10 50 11 50 13 32 14 24 15 13 20 24 22 24 23 36 24 40 12 3 43 4 16 5 17 6 50 7 44 8 21 13 29 14 46 17 22 18 19 19 45 25 23 5 10 47 11 25 14 33 15 44 21 24 8 2 45 3 39 6 48 7 37 9 36 14 17 15 17 18 25
3 3 4 29 9 28 10 17 3 10 36 18 43 24 49 3 8 35 14 35 15 14
8 14 1 14 2 23 4 16 8 13 9 31 10 39 11 16 13 37 15 46 16 48 17 29 19 24 23 46 25 15 14 6 19 7 15 9 43 10 41 11 31 13 28 14 11 15 50 16 37 17 30 18 41 19 10 21 19 24 19 7 4 25 5 10 11 32 12 49 15 40 16 37 18 16 11 2 16 4 20 7 22 10 14 12 32 15 13 18 23 21 25 22 40 24 41 25 40 13 1 18 4 12 8 34 9 35 10 24 14 14 15 50 16 40 17 39 20 17 21 18 22 19 23 45 3 5 27 10 17 23 34 9 2 22 6 28 11 31 12 41 16 32 17 35 19 43 20 24 22 28 11 5 24 6 22 7 23 9 22 11 35 15 19 16 27 17 42 18 46 20 13 21 10
3 3 1 46 4 23 20 45 10 3 21 7 18 10 13 14 35 15 22 17 50 21 24 22 46 23 49 25 33 13 1 23 2 13 4 41 5 50 6 23 8 13 9 11 12 21 16 18 18 47 19 10 24 13 25 38
5 10 2 29 8 35 10 21 11 21 12 10 14 22 16 35 19 48 22 48 23 47 8 2 21 4 50 6 11 8 18 12 43 16 13 17 20 23 14 6 1 16 3 35 6 36 9 18 13 42 22 49 15 1 16 2 25 3 13 5 43 6 30 7 42 8 33 9 11 11 13 12 17 15 38 18 37 19 46 21 20 22 12 14 1 28 2 36 3 22 6 12 10 43 12 46 14 37 15 29 18 37 19 46 20 34 21 21 22 28 25 22
7 15 3 45 4 49 5 19 6 15 8 37 9 41 10 18 11 18 12 25 14 29 15 11 16 21 19 45 20 39 25 47 13 5 34 7 34 8 45 11 47 12 35 13 41 14 34 15 14 16 23 19 36 21 15 24 39 25 24 9 2 37 7 42 9 39 11 29 14 18 19 49 21 14 23 18 25 47 14 1 33 2 12 3 12 6 17 7 40 8 50 10 46 13 20 16 18 17 30 19 37 20 36 24 27 25 14 11 2 12 5 35 9 43 11 30 13 44 16 10 18 50 20 34 21 48 22 45 24 27 6 10 48 12 32 16 43 19 20 20 25 21 19 7 3 40 5 19 9 10 14 44 15 13 16 39 24 47
8 15 1 16 2 34 3 27 7 17 9 24 10 21 11 11 12 46 13 35 15 23 18 50 19 30 20 44 23 39 24 46 5 3 10 5 24 11 46 14 48 20 45 12 1 28 4 17 5 49 6 21 8 19 11 47 12 15 16 30 18 22 20 27 21 50 22 37 4 3 43 15 39 18 31 20 45 5 7 21 11 23 14 21 15 34 22 17 3 1 12 6 22 16 17 14 1 50 2 38 3 13 4 46 6 42 10 34 12 17 13 40 16 18 19 48 20 21 21 44 23 43 25 23 5 5 41 8 28 17 36 19 14 21 21
8 5 1 49 2 41 3 14 7 40 15 30 14 4 35 6 25 7 38 8 22 12 22 13 31 15 26 16 39 17 19 19 27 21 11 22 14 24 43 25 48 4 4 10 12 45 20 31 23 36 14 2 30 4 46 6 20 7 13 11 39 12 35 13 36 17 41 18 48 20 43 21 43 22 49 23 47 24 36 11 5 27 7 48 9 35 10 21 11 18 13 39 16 44 17 40 18 34 19 15 24 43 14 1 19 2 47 3 36 4 36 5 29 7 23 12 16 13 19 15 17 16 42 17 50 19 44 24 30 25 17 11 1 44 2 38 3 44 5 34 9 48 10 38 13 20 18 44 19 10 22 49 25 48 8 1 33 4 25 8 13 15 26 17 43 21 26 22 40 23 36
4 12 1 28 4 19 7 19 8 25 10 33 13 12 16 20 18 46 20 17 21 22 23 50 25 49 6 2 20 6 46 7 14 19 29 21 46 22 37 10 1 33 2 47 3 50 5 27 7 44 8 12 13 30 20 43 21 37 23 47 4 11 25 13 46 20 22 21 50
6 11 2 49 3 13 4 37 9 31 11 44 13 21 14 44 18 21 21 17 22 16 25 24 8 4 41 7 10 12 30 13 47 20 28 21 45 22 20 24 48 5 9 22 15 31 17 10 18 16 20 36 12 2 37 3 40 4 14 7 36 8 18 11 30 14 34 15 19 20 34 21 37 22 32 25 40 11 1 27 4 12 5 50 10 18 12 16 13 12 14 15 15 47 17 21 19 22 23 39 3 5 46 13 16 14 48
4 4 6 31 12 20 13 50 16 16 14 6 26 7 11 9 12 10 35 11 32 12 44 14 34 16 14 17 31 19 42 20 26 22 24 24 31 25 45 13 3 41 4 32 5 45 7 12 10 12 13 34 15 36 16 20 17 20 20 41 22 41 23 15 25 19 4 1 41 2 29 6 25 21 18
8 15 2 17 3 16 4 21 5 31 6 14 11 38 12 23 13 43 14 27 15 15 18 41 19 33 20 11 22 21 24 19 10 4 33 5 48 8 22 11 46 13 20 18 20 19 13 22 47 23 13 24 24 5 1 20 2 16 9 18 15 16 24 43 10 1 47 6 29 10 30 11 31 16 39 18 26 20 37 23 22 24 49 25 46 3 8 24 10 17 25 37 11 1 12 3 35 5 16 6 22 8 29 11 17 12 48 15 20 17 39 22 16 23 22 6 2 20 9 17 11 28 15 33 19 25 22 16 4 10 49 12 40 16 45 19 50
7 9 4 35 6 14 7 28 10 33 14 31 20 13 21 48 23 20 24 30 7 1 46 3 16 5 49 8 30 10 44 12 50 17 40 3 6 37 11 23 20 34 15 1 19 4 47 5 46 6 43 7 23 9 31 10 31 11 40 15 10 16 50 18 43 19 38 21 26 24 38 25 36 8 5 20 7 27 9 40 13 37 17 15 18 14 21 29 22 24 7 1 43 8 46 12 40 14 27 17 28 23 26 25 37 11 1 44 4 10 6 38 9 15 10 41 11 49 15 37 18 33 20 23 22 21 24 14
3 10 1 48 4 35 10 29 14 34 16 30 18 43 19 42 20 49 21 29 22 48 5 3 44 10 30 12 38 16 13 22 26 3 19 20 20 35 25 27
3 13 2 32 3 14 5 36 7 17 11 19 12 47 13 30 15 28 17 11 18 15 20 38 21 48 24 33 8 7 40 8 12 9 20 17 28 18 14 19 12 20 32 21 20 11 2 17 5 41 7 21 8 40 12 14 14 26 15 40 19 39 20 45 21 11 25 49
7 9 1 50 2 43 3 40 4 13 6 28 12 38 18 46 23 22 24 18 3 1 27 5 19 23 37 13 3 10 6 34 7 48 8 25 9 41 12 16 13 20 17 16 21 45 22 24 23 30 24 23 25 44 7 1 22 4 45 6 16 8 31 14 17 15 43 25 10 14 1 21 2 17 6 10 7 11 8 31 9 45 11 11 14 47 16 48 19 43 21 20 22 34 23 20 25 37 9 2 10 5 22 10 44 11 44 12 33 14 24 18 37 22 40 25 14 10 6 16 7 28 8 50 9 14 11 43 12 12 13 26 16 39 17 16 20 42
8 11 1 12 2 30 3 28 4 13 6 48 8 43 9 30 15 50 22 35 23 39 25 12 9 3 48 6 39 9 35 10 16 12 44 13 30 16 40 21 50 24 28 6 2 20 5 42 12 27 14 30 17 15 24 44 13 3 15 4 16 6 27 8 16 9 10 11 12 17 48 20 32 21 39 22 43 23 20 24 47 25 27 14 2 39 3 18 5 15 8 31 9 32 11 12 13 22 16 47 18 50 20 37 22 42 23 11 24 17 25 14 9 2 46 3 19 5 20 9 12 13 38 15 25 18 33 20 50 25 33 9 2 33 5 16 9 22 10 50 19 14 21 48 22 44 23 47 25 27 13 1 21 2 15 3 32 8 35 10 11 11 16 13 23 16 47 17 47 19 26 21 40 22 35 25 31
3 12 1 44 2 17 3 10 6 36 7 47 9 36 11 16 12 22 13 45 15 38 17 25 20 28 6 1 24 3 29 5 38 11 39 16 13 23 27 10 2 46 4 23 5 38 6 18 7 46 17 48 19 44 22 17 23 45 24 41
3 9 2 26 3 12 4 48 5 23 6 11 8 36 9 46 17 27 21 44 5 3 26 5 42 16 28 22 34 25 25 7 3 32 6 29 9 34 13 25 15 24 16 13 24 41
3 5 3 31 5 37 7 46 16 34 21 34 4 10 32 13 35 20 17 23 26 5 13 50 14 13 21 30 22 24 24 22
6 14 1 29 2 28 6 24 7 26 8 18 13 45 16 43 18 16 19 17 20 42 21 29 22 35 23 21 24 47 11 1 44 2 39 4 17 5 15 6 36 11 28 16 43 21 43 22 41 23 45 24 48 11 1 24 6 49 7 36 8 30 12 28 16 10 18 21 20 39 21 44 24 36 25 31 13 2 28 3 36 4 46 9 43 11 27 14 15 16 49 17 45 18 31 20 33 23 22 24 43 25 46 6 2 50 4 10 11 47 16 31 21 36 22 50 4 1 14 9 47 18 23 22 49
6 7 3 24 7 26 8 29 10 25 16 46 17 17 20 31 13 5 40 6 32 7 21 8 37 9 20 12 17 14 50 16 50 19 22 20 23 21 45 23 40 25 49 9 1 13 4 17 5 48 8 16 10 36 11 28 17 37 20 24 25 17 5 3 24 5 15 8 10 18 49 24 13 13 1 43 2 48 4 12 5 13 6 11 9 47 11 14 13 25 15 18 19 33 21 22 23 14 24 16 5 2 39 9 20 19 39 23 10 24 10
5 6 3 22 4 20 12 33 17 11 21 33 23 25 3 8 31 9 42 13 30 8 1 29 2 16 6 16 8 12 10 25 12 38 14 26 24 12 11 2 48 4 40 5 45 10 27 11 29 13 24 14 40 18 34 21 17 24 12 25 47 15 2 23 4 29 5 16 6 33 9 41 10 47 11 16 12 49 14 18 15 47 18 15 19 21 22 37 24 45 25 27
4 10 2 49 3 45 4 32 13 14 15 46 16 21 18 16 21 44 23 13 24 27 6 6 17 14 38 16 37 19 47 24 22 25 26 6 2 22 4 33 5 19 8 36 12 10 16 21 15 5 19 7 24 8 21 9 15 12 35 13 43 14 20 15 28 16 16 17 47 18 38 20 31 21 25 23 23 24 18
7 11 1 24 2 22 4 37 5 30 8 36 9 27 12 15 19 44 20 17 22 34 25 19 6 1 42 2 50 6 34 15 44 16 48 20 15 3 1 45 22 39 25 20 12 2 46 5 36 6 41 7 38 9 24 12 48 13 21 17 24 19 21 20 50 21 31 25 17 4 6 23 14 25 17 15 25 38 15 2 29 3 31 6 45 8 12 10 49 12 48 13 40 14 29 16 15 17 37 19 28 21 49 22 21 23 38 25 24 3 11 23 12 17 19 49
7 7 2 16 4 21 5 47 14 47 18 33 21 39 25 42 8 1 11 2 38 3 23 14 48 15 31 18 35 20 50 25 19 6 4 44 6 27 16 13 18 17 21 35 25 45 11 3 34 4 34 5 20 10 36 12 21 13 45 15 38 16 22 18 28 20 28 23 44 10 3 41 4 42 5 31 13 47 17 10 19 16 20 18 22 35 23 10 24 19 8 1 26 4 41 6 11 7 47 9 19 10 35 12 33 18 13 9 4 33 5 41 7 43 8 21 9 36 13 15 16 45 18 22 20 20
7 12 1 48 3 32 5 14 10 37 13 42 14 13 17 29 20 11 21 32 23 12 24 49 25 20 14 1 10 4 27 6 41 8 12 10 24 11 17 12 46 13 28 14 16 15 34 16 29 18 27 23 26 25 22 6 6 38 10 13 11 45 14 27 18 30 23 10 7 3 35 5 46 7 44 8 15 11 16 16 10 24 26 10 4 40 5 13 8 16 10 39 11 42 14 45 17 16 18 24 21 32 24 50 7 3 28 5 17 7 32 14 12 18 39 23 49 24 31 9 3 12 6 16 12 24 14 31 15 42 16 23 19 28 21 20 23 19
5 12 4 43 5 38 6 18 11 42 13 16 14 22 17 37 18 18 20 19 22 38 24 37 25 39 12 2 47 3 28 6 37 7 19 8 25 9 43 11 25 15 36 17 50 19 23 21 36 23 46 3 1 24 11 14 16 29 7 1 35 4 25 5 48 10 31 15 21 21 26 24 35 15 1 30 3 16 4 15 5 23 7 22 8 20 9 39 13 27 16 26 17 48 18 40 21 50 22 33 23 12 25 17
6 7 2 38 3 49 6 12 17 50 18 14 19 27 25 25 10 1 37 4 24 5 24 8 13 9 11 12 14 15 48 17 20 20 47 24 45 11 1 44 2 32 5 35 11 49 12 15 17 42 18 38 19 33 20 49 23 50 25 26 9 3 21 4 44 5 10 6 45 7 15 14 34 17 21 24 16 25 40 6 1 25 3 28 6 37 15 18 24 31 25 25 11 1 21 2 35 4 43 5 11 8 24 9 25 10 12 11 50 14 39 22 34 25 49
8 8 1 16 2 40 6 44 7 45 8 11 12 14 15 26 18 23 4 5 42 6 17 18 48 23 45 5 5 32 10 43 13 19 23 37 25 19 7 7 38 9 40 13 16 17 30 20 34 22 31 23 17 3 2 43 4 10 25 24 8 3 11 5 46 6 24 9 44 11 25 14 32 16 18 23 41 8 3 41 7 18 13 39 15 38 19 10 23 27 24 15 25 21 8 3 32 5 40 7 20 9 32 13 36 15 25 17 41 22 10
8 3 5 17 11 20 17 22 11 3 23 6 43 7 27 8 41 12 39 13 38 14 25 19 25 20 34 22 20 24 23 7 5 37 6 10 12 35 14 26 18 38 21 31 22 23 5 7 45 12 18 15 28 22 11 25 38 12 1 47 6 20 7 12 11 35 12 23 13 25 17 41 19 13 20 34 21 39 22 49 23 17 3 5 30 9 30 18 41 12 1 44 4 44 5 12 6 24 7 33 13 33 16 49 18 45 20 45 22 38 23 15 25 26 15 1 48 4 26 5 31 6 25 8 19 9 44 12 27 13 24 14 33 17 38 18 42 19 43 20 26 22 39 25 17
5 8 1 26 4 15 9 24 12 29 16 32 20 24 22 12 23 29 14 3 32 5 36 7 20 8 35 11 32 12 44 13 31 14 46 15 34 20 19 21 31 23 35 24 12 25 42 4 1 45 11 42 15 13 18 10 7 7 15 9 48 12 48 17 35 19 14 23 38 24 36 7 1 30 5 45 8 18 9 26 14 28 16 44 20 47
8 11 2 39 7 42 9 14 11 26 12 28 15 37 16 27 18 47 19 28 21 32 23 47 12 2 24 3 27 4 24 5 24 6 35 9 34 11 40 12 16 14 21 18 45 20 43 21 15 3 15 14 19 11 22 43 7 4 34 5 33 10 21 16 21 17 32 19 34 23 35 5 6 10 7 33 12 24 20 10 22 32 4 1 42 6 41 8 21 16 30 13 2 43 5 46 6 20 8 31 10 13 13 40 16 15 17 22 18 22 20 22 22 48 23 31 25 48 13 2 15 5 39 7 13 10 39 11 40 12 32 13 39 15 27 19 12 21 49 22 24 23 34 25 10
7 5 2 38 3 12 5 18 10 30 19 34 5 2 23 7 42 10 36 13 23 14 37 3 10 40 12 12 16 38 9 2 15 3 20 4 41 8 39 11 37 16 16 18 22 21 42 24 35 15 2 42 3 27 5 44 6 30 7 31 8 12 9 30 11 37 12 25 14 33 15 24 18 10 19 36 20 38 21 43 10 1 47 3 27 5 34 7 28 8 14 10 15 15 41 18 17 22 24 23 46 6 2 42 7 18 12 32 13 46 17 19 18 49
4 11 3 23 4 23 5 20 6 46 14 26 15 17 17 46 22 27 23 34 24 10 25 10 10 4 12 11 27 12 15 15 16 16 49 17 10 18 30 21 10 22 41 23 43 6 4 22 5 46 6 37 13 36 20 44 24 40 13 2 43 4 45 5 18 7 23 8 49 9 13 11 13 14 32 15 19 16 20 17 25 19 42 22 46
3 5 3 33 6 36 10 22 21 39 24 26 10 2 44 3 41 5 22 10 39 13 14 14 16 16 34 17 14 18 41 23 26 4 8 19 12 38 21 10 23 11
6 11 1 21 4 43 6 25 7 27 10 41 16 31 17 29 21 44 22 11 24 10 25 19 12 1 34 2 11 3 40 6 18 9 21 14 23 16 42 17 48 18 38 20 12 22 44 23 49 14 1 45 2 38 4 15 5 13 10 48 11 17 14 21 16 50 17 36 19 38 20 35 21 14 23 44 25 17 11 1 25 3 30 4 40 6 29 7 17 17 21 19 23 20 14 21 31 22 41 23 38 3 1 14 8 50 16 49 5 5 14 16 25 18 17 20 12 21 24
6 4 1 48 7 44 13 28 21 13 11 2 47 7 22 8 27 10 26 11 12 13 38 14 42 17 44 20 30 22 44 24 36 13 3 42 4 18 5 37 7 23 8 12 10 22 12 31 14 48 18 46 20 26 23 10 24 16 25 19 6 2 24 4 25 7 46 13 38 14 47 25 10 15 2 28 3 14 4 31 11 41 14 40 15 31 16 10 17 17 18 26 19 27 20 17 22 36 23 46 24 46 25 24 3 15 15 16 20 25 22
5 5 4 12 6 46 12 18 15 27 21 28 11 5 12 6 15 7 30 11 33 15 49 16 12 20 13 21 30 22 22 23 41 25 37 13 1 49 2 34 4 27 5 46 8 20 9 40 12 16 14 34 15 39 16 19 18 48 22 36 25 46 4 2 46 8 30 13 50 25 23 12 1 22 4 14 6 34 7 40 8 14 9 50 10 46 13 44 14 44 16 29 20 35 25 36
6 4 5 36 8 19 19 43 24 48 4 7 40 17 44 22 49 23 31 5 5 33 9 26 13 33 20 21 21 32 5 3 42 8 41 9 21 13 25 25 46 8 3 43 9 14 11 25 16 19 18 37 22 39 23 22 25 23 7 4 50 7 47 10 19 14 35 15 33 18 28 22 48
7 8 1 22 4 14 6 24 7 24 16 17 19 10 24 25 25 23 10 3 17 7 37 8 48 10 17 13 40 19 23 21 22 23 47 24 44 25 44 6 2 45 3 33 4 19 6 44 11 39 12 41 9 2 37 5 10 7 16 8 24 11 20 15 36 16 44 17 27 22 24 4 3 10 9 36 20 12 21 27 9 1 25 6 36 7 50 8 16 12 11 14 31 15 17 16 50 20 33 4 7 13 9 39 20 19 24 43
8 5 3 34 10 50 11 46 12 12 22 36 4 8 22 11 49 22 49 25 35 4 4 21 7 31 8 22 15 23 12 2 27 4 44 5 26 7 37 13 11 14 13 16 37 17 12 18 23 19 10 20 10 21 44 9 6 49 8 19 9 26 14 18 16 43 17 48 19 45 20 16 21 42 8 2 26 4 21 9 11 13 35 18 46 20 18 22 50 25 33 9 1 40 4 31 5 16 7 26 12 39 13 21 19 37 20 41 25 44 14 1 11 2 22 5 23 6 14 9 39 10 16 13 43 15 12 16 22 17 33 19 16 22 37 23 26 24 33
7 7 3 35 8 11 11 23 13 39 19 23 20 16 23 10 5 3 38 4 23 12 30 22 22 23 40 10 2 30 3 31 5 29 6 32 10 49 11 33 16 10 17 28 20 15 23 45 4 2 27 12 25 16 44 22 39 14 1 48 3 24 5 38 7 24 9 42 10 50 13 13 16 25 17 25 18 45 19 24 21 40 22 17 25 22 5 2 24 7 20 16 20 19 31 23 23 13 1 22 2 11 3 45 4 34 9 11 10 34 12 29 16 19 18 38 20 40 22 19 24 33 25 46
5 7 3 11 4 20 6 50 10 19 16 46 24 32 25 39 13 1 36 2 42 5 30 6 43 8 13 11 45 13 28 15 43 16 48 18 17 20 40 22 19 23 42 9 3 14 7 22 9 25 10 20 12 45 17 19 21 49 22 15 24 50 4 2 38 3 22 16 13 21 30 8 4 15 8 41 10 16 12 27 18 37 19 27 21 20 22 15
7 14 3 13 5 41 7 24 8 26 9 22 10 24 12 21 14 41 15 19 17 18 18 18 19 12 20 25 21 49 3 17 39 22 34 24 38 5 10 16 11 38 19 47 22 20 24 18 11 2 30 4 39 5 26 7 11 8 49 9 37 10 17 12 36 13 42 18 34 23 21 14 1 20 3 33 8 15 9 10 10 26 12 23 13 26 14 37 15 44 17 26 18 32 21 36 24 45 25 35 3 1 29 22 18 25 38 7 3 39 8 11 14 42 18 45 19 11 20 26 25 50
8 3 9 13 12 35 25 40 6 6 10 7 23 10 37 14 34 22 38 23 17 7 2 37 3 21 5 42 11 30 14 41 16 41 17 38 14 2 40 3 14 4 49 6 22 7 50 8 20 10 44 14 26 16 28 18 22 20 44 21 18 23 38 25 44 8 3 44 8 20 9 41 13 34 16 45 17 17 20 13 22 14 7 1 50 5 10 6 38 11 43 18 48 20 31 23 36 8 3 19 4 33 7 30 9 26 12 22 13 47 14 28 18 14 10 1 34 3 45 6 20 7 14 9 19 11 28 16 50 17 23 24 19 25 11
4 12 1 19 3 41 5 42 7 35 8 46 11 18 15 19 18 48 19 20 22 24 23 12 24 12 6 1 20 3 37 4 33 20 28 22 18 24 14 7 4 19 9 49 13 31 14 25 16 49 24 25 25 45 13 2 10 3 40 5 33 6 21 8 30 9 34 10 25 13 35 16 22 17 43 18 10 19 22 21 14
5 3 3 24 6 50 14 13 12 1 40 5 10 6 17 8 25 11 35 13 24 14 32 19 20 20 41 21 40 23 36 24 27 5 7 46 9 13 14 38 20 14 25 24 5 11 25 16 24 20 31 22 41 24 23 13 1 23 2 32 4 15 5 12 9 45 10 36 12 45 13 25 14 44 18 32 20 45 23 33 25 16
55 80 133 55 151 41 97 111 105 121 65 94 60 122 135 39 36 87 113 52 54 55 114 86 80 55 128 97 90 94 114 152 130 80 143 119 62 43 94 96 78 102 133 112 112 92 129 121 75 63
1 2 1 2 1 2 2 2 2 2 2 2 3 2 3 2 2 3 1 1 2 2 2 2 3
# Instance ID: 65
# Total operations: 287
# Actual flexibility: 0.344
# Generated: 2026-02-14 14:26:22
# Format: Extended Brandimarte for MOFJSP (Comparison Dataset)