20 10
7 1 4 33 5 6 12 7 32 8 38 9 39 10 46 5 1 23 6 46 7 21 9 11 10 50 3 2 11 5 39 7 26 3 4 27 6 38 10 13 3 3 23 5 45 8 45 6 2 15 4 31 6 32 7 49 9 44 10 24
7 3 2 50 5 35 9 30 5 2 41 3 32 7 31 8 38 9 33 2 3 11 6 17 2 5 42 10 45 3 3 35 9 49 10 14 2 2 48 10 35 3 3 35 6 18 9 34
3 1 5 49 5 1 25 2 45 4 19 6 27 8 11 4 2 38 4 23 9 19 10 10
5 3 1 38 4 36 8 45 5 2 47 4 35 5 50 7 46 10 34 6 3 25 4 30 5 44 6 32 9 14 10 18 3 3 16 4 42 9 40 5 2 45 3 24 4 39 6 27 10 46
4 1 8 49 4 2 11 7 45 8 38 10 45 6 1 14 2 32 6 14 7 27 8 46 9 26 6 1 23 2 38 4 29 6 44 7 29 8 31
3 2 9 36 10 19 5 1 32 5 47 6 17 8 14 10 49 1 9 36
4 6 2 11 3 41 4 17 5 31 6 15 9 16 4 4 40 7 18 9 31 10 21 1 5 32 2 5 41 7 15
8 2 5 22 7 24 3 2 16 6 43 8 26 1 10 13 5 1 43 2 10 6 10 8 30 10 34 3 1 21 2 22 6 50 5 1 19 3 48 4 33 8 46 9 21 4 3 38 7 11 9 49 10 12 5 1 21 2 47 3 43 5 20 9 16
4 4 3 45 4 34 6 38 10 17 6 2 25 3 41 6 22 7 35 9 12 10 32 1 8 47 1 9 15
5 6 2 28 5 30 6 18 7 38 8 22 9 28 6 1 11 4 41 7 16 8 30 9 45 10 40 5 3 13 5 43 7 12 8 22 10 15 3 3 30 9 13 10 44 1 1 29
8 4 1 37 4 42 6 43 7 21 5 1 21 4 24 6 30 8 14 9 23 4 1 23 4 17 9 28 10 10 2 3 34 6 24 3 1 19 3 48 7 25 5 2 27 5 36 6 10 7 36 10 36 4 3 48 4 10 5 50 8 35 1 8 18
4 6 1 14 2 21 4 44 8 30 9 20 10 26 6 3 16 5 17 7 35 8 22 9 15 10 45 4 1 40 3 16 4 17 10 24 1 7 21
8 1 2 25 4 6 19 8 38 9 48 10 12 6 1 46 3 10 4 19 6 31 9 26 10 21 3 1 35 4 34 8 19 3 2 21 4 50 9 22 3 1 14 8 25 10 48 5 2 30 3 13 5 17 9 14 10 36 5 1 33 3 12 6 19 8 16 9 24
4 1 7 10 5 1 50 2 12 7 46 8 44 9 14 1 8 46 6 2 41 4 49 5 26 6 32 7 50 10 39
5 4 2 19 3 28 6 50 8 21 4 3 11 5 37 6 29 8 19 1 8 36 6 2 23 3 35 4 36 6 36 7 39 9 38 4 3 30 6 35 7 18 8 43
4 2 4 22 10 46 2 6 39 10 45 4 4 19 5 40 6 16 8 44 6 1 31 2 45 5 20 6 34 7 43 8 37
4 2 1 23 8 34 5 3 46 4 22 5 19 6 36 10 30 4 3 49 4 49 8 43 9 50 1 2 14
4 1 1 10 1 6 15 3 3 23 4 29 6 14 3 6 40 8 31 10 21
3 3 2 19 3 20 5 36 1 9 49 4 3 27 6 25 8 17 9 19
3 4 1 40 2 34 3 40 4 20 1 10 33 4 1 41 3 46 8 32 10 31
89 129 41 79 66 51 51 145 70 82 149 60 129 77 75 67 66 73 58 49
3 3 1 1 1 2 1 3 3 3
# Instance ID: 27
# Total operations: 97
# Actual flexibility: 0.345
# Generated: 2026-02-14 14:26:22
# Format: Extended Brandimarte for MOFJSP (Comparison Dataset)