15 10
8 2 2 30 5 12 2 5 33 8 37 3 5 37 6 20 10 30 6 1 13 2 24 3 21 6 12 8 40 10 26 2 7 17 8 41 1 8 32 6 1 17 2 32 4 15 8 23 9 28 10 21 2 5 46 9 47
7 2 1 43 10 46 2 2 25 7 41 6 1 35 2 33 3 47 6 16 8 30 9 19 1 2 39 6 1 31 5 12 6 49 8 38 9 30 10 46 2 1 28 4 30 1 2 45
3 5 2 25 3 35 7 15 9 11 10 23 2 7 28 10 19 1 5 41
3 4 3 16 5 33 6 42 8 22 4 3 46 7 48 8 37 10 15 4 3 37 6 15 7 12 10 42
5 3 3 41 4 43 8 50 6 1 40 2 29 4 19 5 18 7 29 9 25 5 1 12 5 42 7 16 8 42 9 37 4 2 26 3 47 5 15 8 42 1 2 39
8 2 3 12 7 15 4 5 38 6 49 7 26 8 31 2 3 15 4 48 3 1 10 2 35 7 17 1 3 40 4 5 49 7 33 8 35 9 29 1 3 18 1 4 17
4 1 4 11 2 3 25 8 37 6 2 40 3 37 4 11 8 17 9 20 10 19 6 1 25 4 22 5 28 8 46 9 35 10 13
7 3 1 36 2 41 7 47 5 1 41 4 42 5 47 7 49 9 41 2 1 11 9 37 5 2 36 3 40 6 17 9 41 10 49 6 1 22 2 40 3 32 6 38 7 24 8 42 2 6 48 10 39 2 5 36 7 33
6 4 3 15 4 40 5 18 6 21 2 3 16 8 36 4 4 13 5 11 9 32 10 26 3 1 14 3 31 10 37 1 10 24 1 9 24
4 4 5 12 6 45 7 27 9 19 6 1 16 2 49 4 49 7 16 8 45 9 12 5 2 33 3 20 7 28 8 38 10 42 4 2 18 3 17 6 22 9 38
8 4 1 28 3 42 4 20 8 15 3 6 50 7 25 10 19 5 3 36 4 36 7 39 9 43 10 33 1 8 19 1 9 14 1 6 30 4 1 12 3 19 4 46 7 13 6 4 29 5 30 6 32 7 10 9 27 10 43
6 5 2 44 3 49 6 49 7 38 8 32 6 1 31 4 34 5 18 7 43 8 44 10 28 2 2 45 9 29 5 1 47 3 26 5 25 6 29 8 37 5 1 42 2 32 3 17 6 13 8 17 4 1 25 3 47 5 46 8 50
5 6 3 18 4 34 5 43 6 25 7 16 9 30 5 1 19 4 37 6 36 9 15 10 15 1 7 18 4 2 43 3 35 4 47 8 45 5 4 38 5 41 6 36 7 20 8 19
5 5 2 42 3 43 6 17 8 23 9 39 4 1 48 3 36 6 17 10 17 3 1 43 5 19 10 17 3 5 28 6 41 10 11 2 3 13 7 29
3 3 3 10 4 17 8 45 3 1 40 2 46 7 29 5 4 48 6 18 7 18 8 42 9 50
112 118 43 45 74 157 65 116 84 64 155 114 65 72 48
2 2 2 3 1 3 2 2 1 2
# Instance ID: 19
# Total operations: 82
# Actual flexibility: 0.337
# Generated: 2026-02-14 14:26:22
# Format: Extended Brandimarte for MOFJSP (Comparison Dataset)