75 25
3 9 1 11 3 28 10 42 16 20 17 12 18 47 20 50 21 25 22 50 14 1 44 3 18 4 23 5 49 6 39 7 42 8 43 10 25 11 31 12 35 13 34 18 17 19 28 23 13 15 2 50 3 13 4 27 6 40 11 28 14 12 15 43 16 23 18 12 20 42 21 15 22 15 23 15 24 22 25 20
6 7 4 27 10 48 19 21 20 17 21 38 24 31 25 31 12 1 20 2 12 3 37 4 23 5 32 7 34 10 16 11 42 14 37 21 15 22 17 23 43 12 1 27 3 12 4 21 5 15 10 49 12 27 14 34 15 40 16 34 20 49 21 43 23 35 4 2 27 4 10 11 42 23 10 7 3 24 6 21 7 14 9 50 12 16 15 26 21 22 5 1 18 7 45 10 27 11 14 16 26
8 15 1 15 2 10 3 23 6 43 7 36 8 14 10 45 12 21 14 27 16 24 18 35 20 37 21 17 22 29 23 17 6 1 38 3 18 4 25 12 49 14 15 24 27 9 2 17 4 39 9 37 12 46 16 14 18 15 21 36 23 33 25 28 3 3 31 13 29 15 26 12 1 17 3 40 5 32 6 21 7 28 8 12 13 39 15 13 19 14 20 50 22 45 25 19 10 1 38 2 47 9 17 12 20 14 19 19 33 21 11 22 29 24 27 25 35 3 9 18 10 47 11 37 5 2 31 12 41 17 38 18 42 22 21
8 9 1 19 4 17 5 24 6 49 12 31 16 46 17 48 19 13 24 13 7 1 22 5 28 11 38 13 33 15 30 17 14 22 41 13 1 38 2 44 4 17 6 49 7 49 8 28 9 35 15 36 17 27 18 34 19 37 23 40 24 49 15 1 34 2 10 3 24 4 40 5 43 7 18 10 41 14 33 17 36 18 11 19 42 20 24 22 47 24 15 25 41 12 5 49 6 17 8 38 9 17 10 12 12 36 13 26 16 31 17 15 23 22 24 10 25 29 10 1 25 6 47 8 23 11 12 14 25 16 38 17 33 21 23 22 33 25 32 5 1 25 11 35 12 49 15 19 20 34 14 1 24 3 42 4 25 5 14 9 14 12 15 14 12 17 47 18 17 19 30 20 41 21 17 22 12 25 23
7 3 1 42 2 13 4 40 9 1 18 2 12 4 44 5 45 9 17 11 47 17 11 21 40 22 38 9 1 12 2 47 6 15 12 42 17 34 19 18 20 21 22 24 23 18 12 10 14 11 32 13 26 14 11 15 32 16 41 17 18 20 22 21 40 22 29 23 45 24 32 6 1 22 3 22 6 26 17 42 22 50 25 24 6 7 15 17 41 20 40 22 14 24 25 25 38 15 2 43 3 36 4 10 5 45 6 47 8 17 9 18 10 38 11 14 13 36 17 13 20 12 21 23 24 10 25 26
7 14 1 33 3 31 4 26 7 45 8 15 9 29 13 45 16 14 17 10 18 12 19 16 22 21 24 47 25 44 4 12 12 17 21 21 47 25 47 11 1 21 4 38 5 34 6 19 9 28 10 24 12 29 13 11 17 27 20 32 24 45 15 3 30 4 46 6 17 7 47 8 16 9 18 10 43 11 13 14 45 16 16 17 37 19 10 21 11 24 23 25 29 10 1 13 6 32 8 47 9 38 10 25 11 42 14 26 19 44 20 11 21 22 14 1 19 3 26 4 21 5 23 6 46 11 14 12 11 14 49 15 46 16 48 18 20 19 40 20 27 22 43 10 1 29 2 34 4 35 9 40 12 23 13 15 14 43 17 44 22 17 23 48
4 4 5 18 6 10 14 26 24 32 5 5 27 7 29 9 17 10 49 12 12 11 4 12 8 37 9 48 10 11 11 16 12 35 13 17 14 29 15 25 18 43 21 11 9 1 13 3 33 4 29 9 21 15 24 16 10 17 23 21 38 25 27
5 15 2 16 4 29 6 43 8 41 11 28 12 19 15 40 16 11 17 50 18 34 19 31 20 30 23 16 24 13 25 45 9 3 36 5 26 8 46 10 24 11 24 12 15 16 35 23 34 24 14 10 3 38 5 14 9 18 10 16 14 19 18 23 20 50 21 25 22 37 24 37 5 2 43 3 13 4 48 15 16 19 48 14 3 18 5 15 7 43 8 42 9 24 11 13 13 28 14 24 16 17 17 39 20 43 21 37 22 19 23 10
7 9 3 41 4 37 6 39 7 25 13 17 18 38 22 50 24 47 25 22 14 2 50 6 46 7 11 8 16 9 27 10 45 11 28 12 32 16 21 18 17 19 37 20 37 21 16 25 18 14 1 29 2 14 3 23 5 15 6 37 7 29 13 21 14 20 16 12 18 36 20 49 22 14 23 41 25 16 4 1 26 2 10 7 41 14 48 9 7 23 8 28 11 16 17 45 18 38 20 33 21 11 22 28 25 23 8 1 11 4 38 8 23 10 12 16 27 21 16 24 29 25 37 12 1 26 4 17 5 21 8 18 9 27 10 45 11 37 13 27 20 11 23 48 24 25 25 47
3 7 3 13 5 28 6 40 8 36 10 22 11 27 16 32 8 4 33 5 13 7 12 10 32 15 36 16 44 18 47 25 36 15 1 27 4 33 5 35 7 29 8 14 10 18 13 15 15 20 16 25 18 42 20 47 21 47 23 38 24 10 25 49
7 11 1 17 2 49 7 34 10 49 15 31 16 49 17 28 20 15 21 22 23 18 24 38 14 2 31 3 48 4 31 5 31 7 48 8 26 10 12 12 42 13 27 15 17 16 43 17 15 20 11 25 41 3 1 22 4 17 22 21 9 2 15 3 31 4 34 5 43 7 37 8 42 9 24 10 45 16 30 12 1 38 3 39 7 40 12 24 14 28 16 45 18 20 19 20 20 16 21 50 23 29 25 35 14 1 50 2 45 6 20 8 35 9 22 10 30 12 24 13 15 16 34 18 18 20 27 22 11 24 38 25 25 13 2 24 6 45 8 36 10 42 11 23 12 26 13 32 14 27 16 43 17 20 19 38 24 21 25 14
4 5 1 10 5 24 12 49 15 45 16 12 3 3 19 13 18 23 31 14 2 28 3 18 5 20 7 30 9 44 10 42 11 38 12 18 15 18 16 37 20 30 23 26 24 11 25 44 9 1 34 2 19 4 22 6 44 10 28 11 44 18 24 19 16 20 22
8 5 2 38 3 33 6 36 14 45 17 15 6 1 25 4 12 12 39 13 41 20 42 23 49 3 12 11 15 17 24 18 13 1 18 3 13 9 44 10 30 13 17 15 28 16 12 17 38 18 11 19 15 21 33 23 50 25 12 15 1 39 3 21 6 45 8 48 9 48 11 44 12 40 13 25 15 32 17 17 19 47 20 49 21 40 23 40 24 27 10 1 24 4 21 5 22 6 48 7 19 10 25 16 47 19 29 23 35 24 25 14 1 35 2 29 3 38 6 42 7 34 9 11 12 27 13 33 16 32 17 23 18 30 22 25 23 10 24 20 7 6 15 7 39 9 30 11 48 18 40 19 29 24 33
4 8 1 41 8 50 17 40 18 22 20 17 23 28 24 17 25 21 15 1 38 2 17 5 33 8 33 9 48 10 49 11 29 15 24 16 44 17 23 19 43 20 30 22 47 24 11 25 13 11 1 22 3 31 5 46 9 50 10 10 11 43 14 41 22 49 23 43 24 33 25 13 5 2 46 3 25 4 49 19 18 20 18
8 15 1 30 2 18 3 45 4 10 7 49 9 27 10 48 13 44 14 19 18 22 19 41 20 22 23 28 24 20 25 40 10 2 20 6 37 10 42 13 26 14 43 16 41 18 17 20 26 21 45 23 39 3 8 42 10 44 25 26 5 2 23 4 14 5 24 9 29 10 33 6 17 47 18 10 19 27 20 50 24 38 25 50 6 8 27 14 39 15 37 16 39 21 21 23 39 6 2 26 3 12 4 48 12 30 15 20 18 30 9 1 29 3 37 6 32 9 21 13 17 17 21 20 14 21 42 23 17
8 13 5 37 7 47 8 17 9 34 11 24 13 22 14 34 15 30 17 33 18 50 21 20 23 34 25 45 15 1 50 3 46 4 25 5 13 6 44 7 40 8 37 9 33 15 50 16 50 17 19 22 50 23 36 24 29 25 33 15 2 42 3 30 5 11 6 20 9 23 10 28 11 45 13 48 14 30 18 16 19 30 21 12 23 26 24 27 25 21 11 1 22 2 16 3 24 5 26 10 33 14 40 16 24 17 16 21 34 22 12 24 40 7 1 32 8 42 14 41 18 10 19 30 22 34 25 26 8 1 29 5 10 13 44 14 36 17 28 18 32 19 25 25 44 15 3 49 4 39 5 38 7 35 10 38 12 42 13 26 15 48 17 17 18 48 20 19 21 36 22 13 23 21 24 21 12 3 29 4 21 5 44 7 50 11 17 13 43 16 15 19 17 20 26 22 27 23 41 25 25
5 15 1 36 2 28 3 46 5 43 6 27 7 42 8 14 10 37 11 15 14 28 17 28 18 27 20 26 21 11 22 30 13 1 14 2 18 3 39 5 10 6 20 9 49 15 28 16 29 17 21 19 39 20 37 21 15 25 12 9 3 27 9 12 11 23 12 38 13 26 14 23 15 42 18 20 20 32 12 3 35 4 16 5 44 6 33 9 46 11 22 15 35 16 22 19 28 20 27 21 31 23 35 9 1 29 4 42 6 34 14 49 16 40 17 13 19 18 20 35 22 39
7 13 1 32 2 40 3 45 5 49 6 10 9 29 11 12 13 38 14 28 15 11 20 36 21 41 24 33 14 2 42 4 24 5 45 7 22 9 18 10 26 11 49 13 40 16 23 17 39 19 36 22 45 23 21 25 18 13 1 23 3 19 6 31 9 45 11 17 13 22 14 46 15 28 16 29 17 50 20 11 24 16 25 13 10 1 43 2 18 3 39 9 44 11 50 15 31 16 13 21 44 23 41 25 49 10 1 21 2 50 3 25 5 23 6 27 8 44 16 10 18 38 20 38 24 41 8 3 10 5 27 7 39 10 38 16 45 17 34 21 37 22 39 9 2 44 6 18 7 42 9 23 12 13 14 26 19 15 20 32 22 15
3 10 1 47 5 19 6 15 8 26 9 25 11 11 16 35 17 34 18 46 24 28 15 2 46 3 50 6 33 7 37 11 37 12 19 13 43 14 22 15 41 17 26 19 12 20 13 22 36 23 29 25 15 10 1 21 2 27 6 20 10 44 13 12 14 25 17 43 20 35 23 16 24 37
3 14 1 36 2 39 4 16 5 21 9 35 11 41 14 46 15 20 16 41 17 50 19 10 21 28 23 24 24 49 10 2 25 3 43 4 25 6 50 8 33 10 19 13 28 15 20 22 11 25 48 14 1 24 3 34 5 43 6 41 8 43 10 30 13 50 14 34 16 11 17 46 19 32 20 15 22 46 23 41
6 6 5 29 6 23 12 35 17 22 18 19 19 44 9 1 17 7 20 10 39 19 47 20 20 22 10 23 32 24 29 25 30 3 6 16 7 27 14 40 10 3 42 7 19 8 16 10 19 11 46 15 13 17 36 19 25 22 10 24 40 5 1 34 5 46 11 19 18 20 22 25 4 2 33 7 28 23 32 24 31
8 4 2 11 5 35 7 33 24 17 4 1 23 3 43 7 48 17 44 5 6 30 7 50 15 22 18 23 23 29 6 3 18 6 47 7 25 14 35 22 21 25 27 8 1 14 2 27 4 14 5 37 15 26 17 39 20 32 21 15 9 4 49 5 29 6 43 7 44 11 33 15 46 16 45 17 27 18 31 14 1 35 4 29 5 13 7 13 9 18 11 12 12 46 16 34 17 10 18 23 19 15 22 12 23 45 25 46 11 1 29 2 20 3 31 8 44 9 20 10 22 11 19 14 31 17 33 22 32 24 34
3 13 1 21 5 16 6 24 8 41 9 13 10 24 11 48 15 19 17 11 21 21 22 27 23 45 24 21 4 2 11 4 29 14 40 20 11 7 3 32 8 14 10 47 13 15 14 30 18 10 19 29
5 9 7 29 8 38 10 50 11 22 13 34 16 25 18 48 23 15 25 42 15 2 33 7 38 8 19 9 38 11 50 12 24 13 15 15 17 16 29 17 47 20 24 21 37 22 29 23 42 25 39 10 4 44 5 16 8 17 9 23 11 41 12 25 13 26 14 16 15 45 19 14 9 1 29 2 43 5 24 7 23 9 36 12 35 15 16 21 21 23 34 8 2 21 4 14 5 34 7 47 11 25 12 26 13 31 21 32
8 9 5 35 8 19 9 33 14 28 15 32 16 19 17 20 23 46 24 49 13 2 48 3 18 6 39 7 35 11 21 12 22 13 24 16 40 18 48 19 46 21 32 24 13 25 43 12 1 15 5 48 8 23 9 42 11 39 13 50 17 46 18 28 20 34 22 37 24 21 25 45 13 2 37 5 12 7 40 8 38 10 19 11 34 13 25 14 48 15 40 18 25 19 35 21 32 23 44 5 7 28 11 41 16 24 21 13 22 39 7 5 38 6 39 10 44 11 31 19 49 22 16 24 18 5 3 46 7 27 9 18 20 33 23 17 8 1 12 2 32 3 16 8 41 9 47 10 24 22 50 25 30
5 5 1 23 4 50 5 39 23 39 25 42 8 5 21 6 12 10 25 12 32 14 11 17 29 18 11 20 12 7 3 41 5 38 6 18 13 11 15 48 19 15 23 20 8 4 25 6 50 12 40 13 47 17 22 20 38 24 49 25 50 6 2 45 4 22 12 44 15 11 16 36 19 19
3 6 4 32 9 18 14 35 20 14 23 24 25 20 8 1 34 4 19 7 41 8 12 9 37 15 17 17 23 23 18 5 1 10 2 38 9 14 21 44 24 29
3 11 1 22 3 21 7 48 11 20 13 43 14 40 15 17 16 10 19 33 20 21 22 34 3 2 29 3 40 13 18 9 4 40 5 13 7 32 8 35 9 35 11 19 16 39 18 40 20 17
6 7 7 42 10 15 11 27 16 35 17 36 19 24 22 24 9 2 49 7 37 8 48 12 24 14 21 15 17 19 30 21 28 22 15 9 2 50 3 35 9 46 11 47 17 46 20 26 22 43 23 41 25 13 15 1 48 3 24 4 41 7 35 8 50 10 46 12 40 13 36 14 44 18 33 19 31 20 12 21 17 24 37 25 15 12 2 10 3 37 10 25 13 44 14 39 16 29 18 40 20 22 21 37 22 28 24 11 25 26 10 2 25 4 21 8 25 10 40 12 28 14 25 17 24 18 50 23 38 24 50
3 3 3 41 11 22 21 21 9 1 48 5 28 6 30 10 18 13 14 14 35 21 26 24 33 25 12 4 5 12 6 12 16 27 19 23
8 10 1 36 8 19 10 35 15 44 16 46 20 33 21 41 22 14 24 30 25 47 5 5 46 11 11 14 23 20 13 22 12 3 9 27 17 27 20 31 13 2 14 4 40 5 50 6 42 7 43 8 29 9 33 10 48 11 20 15 16 22 18 24 23 25 50 6 4 37 9 27 10 24 17 17 18 14 19 11 4 13 42 19 25 23 43 25 11 13 3 12 4 45 5 41 7 18 9 27 10 38 14 20 16 17 20 27 21 33 23 13 24 36 25 16 10 2 42 6 23 7 14 9 10 11 25 13 36 16 36 19 16 22 25 25 35
8 12 6 22 8 40 9 45 11 13 12 48 16 24 17 16 18 48 20 23 21 29 23 20 24 20 3 1 27 12 37 19 13 4 5 39 14 41 15 34 22 33 14 1 29 2 30 3 22 4 22 5 42 6 33 8 32 9 10 13 49 15 29 17 49 19 49 22 25 24 30 10 4 35 5 46 7 37 9 12 13 23 15 13 16 29 22 21 23 37 25 10 10 4 24 7 47 8 50 9 31 12 27 14 20 18 32 20 12 24 47 25 20 10 1 42 2 30 4 10 8 37 9 43 13 11 16 18 21 13 22 43 23 16 8 4 26 5 43 7 16 11 44 12 10 16 47 23 23 24 39
8 13 3 15 6 49 9 14 12 35 13 16 15 36 16 20 17 48 19 27 20 12 21 30 23 22 25 22 13 1 17 7 23 10 37 12 29 13 12 15 16 16 34 17 17 18 36 19 18 21 33 23 10 25 20 4 10 36 15 14 18 12 25 47 6 2 31 4 31 9 43 15 13 22 35 25 14 4 1 42 8 31 12 42 22 29 9 1 23 3 32 4 16 8 16 9 13 12 34 17 32 18 34 19 37 10 12 25 15 10 16 46 17 36 18 19 19 13 20 47 23 41 24 19 25 20 10 1 44 2 22 5 43 6 10 9 37 10 16 11 45 13 16 17 26 25 48
6 6 3 44 5 44 7 35 12 43 14 24 24 24 4 8 49 12 11 14 49 23 40 5 6 28 9 26 12 19 19 41 22 10 12 6 23 8 15 14 18 17 41 18 46 19 16 20 33 21 34 22 36 23 19 24 48 25 22 7 1 23 3 43 8 25 14 36 19 22 20 37 23 32 3 6 36 10 15 11 50
6 11 5 42 6 38 7 35 8 19 10 35 11 22 14 49 15 29 17 37 18 48 24 15 14 1 41 2 19 5 16 8 14 10 36 11 18 15 20 16 45 20 40 21 44 22 43 23 23 24 24 25 25 10 2 13 4 24 8 19 10 21 13 36 15 31 16 37 18 15 20 17 22 20 10 1 44 3 39 9 40 10 33 11 22 12 27 13 34 15 48 20 39 22 39 14 3 31 4 33 7 13 8 29 9 18 10 25 12 39 13 46 14 36 15 49 22 47 23 30 24 47 25 42 12 1 32 3 10 4 18 5 32 8 20 10 17 14 11 20 21 21 18 22 27 23 18 24 13
3 4 9 33 11 39 15 24 19 36 8 2 43 8 24 10 42 18 40 19 13 21 22 22 43 23 29 10 2 17 3 24 7 13 8 41 9 29 10 39 11 22 14 38 15 12 17 21
4 7 1 35 4 49 8 31 10 50 12 24 23 36 24 28 4 6 22 7 32 14 50 15 18 12 3 29 8 37 9 19 11 12 12 49 13 41 14 24 17 18 19 41 20 31 22 43 24 19 15 1 45 2 43 4 22 6 37 7 10 8 33 9 13 11 33 13 25 15 31 18 39 21 24 22 37 23 46 24 36
4 11 6 36 10 15 12 14 15 19 16 50 18 46 19 40 21 49 22 28 23 23 25 20 8 1 35 6 13 10 23 11 28 18 27 21 43 22 23 24 42 10 1 37 3 27 4 15 5 22 7 15 12 39 14 14 16 14 19 15 24 42 8 4 20 8 47 10 16 11 27 13 34 22 23 23 35 25 18
6 4 1 40 8 42 11 21 12 35 5 11 39 16 46 18 36 19 15 20 49 6 4 47 6 40 9 31 11 41 14 28 25 47 12 2 13 3 44 4 33 5 50 8 46 9 37 11 41 12 23 13 49 16 45 21 33 24 21 9 2 24 3 37 7 33 9 45 10 26 14 28 17 43 19 26 25 25 8 2 18 4 23 11 36 16 11 17 46 18 43 19 33 25 42
3 4 8 26 23 46 24 22 25 21 5 1 43 2 10 14 48 20 15 25 48 9 6 16 8 24 9 36 10 15 12 14 14 46 17 48 18 44 19 12
4 3 4 29 10 49 21 46 12 2 14 7 25 8 36 13 40 16 48 17 17 18 30 19 11 22 43 23 24 24 21 25 17 7 1 46 3 31 7 40 8 50 11 38 15 27 23 45 10 6 23 11 38 12 38 17 18 19 16 20 27 22 46 23 11 24 19 25 13
3 15 2 33 3 14 5 17 6 36 7 20 10 44 12 12 14 12 17 46 18 30 20 34 21 40 22 29 24 13 25 29 5 4 28 7 39 8 47 10 33 21 31 4 3 17 6 11 7 13 21 11
3 11 1 18 2 17 6 38 9 35 10 33 13 17 15 41 16 28 18 39 21 42 23 48 7 3 32 8 20 12 19 15 31 16 19 19 44 25 47 4 3 23 7 50 8 13 11 11
3 8 3 22 4 23 5 27 8 34 9 44 11 44 13 11 15 23 13 1 50 6 50 8 14 11 10 12 40 13 37 19 48 20 50 21 14 22 32 23 28 24 46 25 23 4 10 49 16 35 18 43 21 50
7 7 2 12 6 30 9 32 11 20 14 48 21 32 25 13 13 2 45 3 23 5 37 7 47 8 27 11 47 14 41 16 36 18 31 19 21 20 29 22 10 24 24 7 7 35 8 42 11 25 16 50 18 40 22 19 24 10 8 2 50 3 46 4 15 5 10 12 30 17 39 21 19 25 29 4 15 29 18 36 20 26 22 16 4 3 29 8 29 16 45 20 23 8 1 49 4 10 5 12 8 20 9 45 16 21 18 20 24 28
8 3 4 27 12 47 14 39 13 1 46 2 30 5 30 6 50 8 41 10 17 12 38 13 32 16 36 18 44 20 38 22 43 25 50 10 3 44 4 18 8 28 9 18 11 16 16 20 18 19 19 49 20 40 23 30 3 11 17 19 23 20 14 8 6 43 8 22 10 23 15 24 19 38 20 39 22 26 24 41 5 4 44 9 14 12 34 14 24 22 41 4 4 32 7 26 9 27 25 43 3 2 16 7 12 16 28
3 11 2 18 8 30 11 18 12 33 13 16 15 14 16 42 18 39 19 15 23 35 24 33 3 4 24 18 38 23 30 7 1 23 2 12 4 22 8 36 9 46 16 17 21 42
7 12 4 38 6 46 9 32 11 46 12 41 14 11 16 29 17 31 18 20 20 34 22 13 25 40 8 1 43 2 22 4 25 5 15 11 16 12 37 18 10 24 49 3 3 18 13 43 19 30 14 1 24 2 18 5 41 7 31 9 10 10 10 11 49 13 37 14 32 15 40 21 32 22 10 24 46 25 35 12 3 31 5 34 7 49 8 31 9 13 12 48 13 35 14 10 16 14 17 37 19 20 23 14 10 1 34 3 37 5 12 6 44 7 22 12 44 14 35 15 50 22 36 25 18 11 2 50 6 36 8 19 9 18 14 50 15 34 17 20 20 31 21 41 22 38 24 20
6 9 2 12 4 24 11 29 12 29 14 32 15 45 21 16 23 49 25 15 8 1 20 3 47 8 32 11 49 13 29 15 37 18 30 19 35 9 1 31 6 39 8 50 11 36 16 15 20 33 21 10 23 36 25 19 8 1 10 6 27 11 30 13 42 17 45 21 42 22 21 25 47 12 1 10 3 20 5 27 6 28 8 10 9 27 12 41 13 18 14 47 15 49 16 36 25 39 5 8 16 9 13 15 34 21 21 24 38
4 9 1 26 2 37 7 39 9 41 11 33 14 15 20 23 23 47 24 49 4 2 30 8 12 11 13 18 46 9 1 43 2 44 4 28 6 40 15 32 16 11 18 41 20 48 24 24 6 4 26 13 16 14 32 16 39 21 12 25 48
8 6 1 30 9 41 14 41 17 13 23 46 24 20 12 4 26 5 39 6 20 8 46 11 22 12 20 13 35 14 37 15 12 20 43 21 28 23 33 8 1 34 5 40 7 12 9 23 10 44 11 38 12 10 24 37 11 1 16 4 30 6 36 9 23 10 47 12 35 13 37 16 13 17 48 20 23 25 50 9 2 38 4 16 6 18 7 48 10 50 11 23 16 34 21 37 23 50 10 2 27 3 48 4 21 5 27 7 41 10 36 12 46 16 24 19 10 22 47 10 1 21 2 38 6 10 8 10 16 45 17 40 19 29 20 14 22 38 25 20 9 1 19 2 33 3 46 9 39 12 46 14 26 19 30 20 28 24 24
4 10 1 50 4 26 6 43 8 46 10 40 13 37 14 42 15 41 18 30 24 27 10 1 16 3 36 7 17 8 17 9 25 15 13 18 36 19 40 20 30 25 17 5 3 22 9 45 18 26 20 47 25 39 3 5 12 9 16 13 23
8 8 6 30 8 46 9 24 10 13 12 11 16 25 20 35 23 25 11 1 37 2 11 3 27 5 48 6 40 14 34 16 47 18 26 19 27 21 34 25 33 9 1 21 4 29 8 28 9 25 11 30 15 31 18 42 22 33 23 38 4 9 19 11 42 13 42 20 19 15 2 11 3 23 4 43 7 18 8 21 11 33 12 42 13 37 14 32 16 12 18 35 19 42 20 13 23 14 25 25 12 2 34 3 18 4 36 5 23 9 46 11 39 15 10 20 21 22 26 23 33 24 44 25 38 8 5 17 12 45 13 31 15 26 16 29 17 13 18 13 19 17 12 2 40 3 16 6 41 8 22 9 45 10 32 14 21 15 49 18 21 19 34 22 11 23 31
4 9 1 24 4 37 5 27 6 30 10 10 15 34 19 15 24 20 25 31 13 1 44 2 20 3 17 4 49 7 39 13 39 14 20 15 46 18 29 19 30 22 11 24 43 25 49 6 14 45 17 23 18 30 19 20 20 46 22 19 10 4 29 7 18 8 45 11 32 16 44 18 15 19 10 20 16 23 47 25 16
8 7 6 49 14 23 15 45 16 13 18 50 19 29 24 23 3 5 42 8 34 17 29 5 3 36 7 50 9 24 18 47 23 31 4 11 22 13 50 15 11 23 19 5 5 38 8 15 9 41 10 20 19 44 9 3 12 4 44 5 25 9 36 10 20 12 43 19 48 20 44 21 45 4 2 13 4 40 13 48 16 35 11 1 13 3 14 7 27 8 31 10 37 12 16 14 10 19 49 20 19 23 30 25 32
4 14 1 45 2 30 3 32 4 24 7 26 8 10 10 42 11 23 12 32 14 49 17 39 18 41 20 30 21 11 15 3 41 5 19 6 36 8 31 10 18 12 25 13 28 15 23 17 49 18 48 19 21 22 50 23 33 24 29 25 26 12 2 20 4 23 5 11 7 49 11 38 12 34 16 13 17 35 18 46 22 19 23 26 24 21 10 3 30 4 33 5 32 6 40 11 18 12 10 19 34 20 50 21 21 25 44
4 14 2 43 3 33 5 14 6 19 8 46 11 48 13 26 16 12 17 14 18 15 19 28 21 36 22 38 25 15 7 6 12 8 14 9 32 10 18 11 46 14 34 22 47 12 1 11 3 17 6 42 8 41 11 49 15 26 16 13 18 16 19 44 20 26 21 35 23 43 11 7 25 8 20 9 11 12 30 13 50 14 18 16 36 17 42 18 31 19 46 25 21
4 9 2 46 4 41 8 31 10 37 12 38 14 16 15 17 19 38 20 32 4 5 20 6 10 12 29 18 15 8 2 49 3 16 11 43 14 48 15 28 17 38 21 37 22 37 6 1 19 4 26 6 23 12 44 13 19 18 21
4 12 5 13 6 27 7 42 10 27 11 26 12 28 13 44 14 22 18 30 21 23 22 29 23 31 7 1 27 2 14 4 14 5 41 7 34 15 20 19 22 5 2 44 16 12 17 41 20 30 22 42 11 2 12 3 10 11 28 12 35 14 15 16 39 20 41 21 37 22 34 23 42 25 30
6 11 2 42 3 27 4 16 6 39 7 44 8 22 9 23 12 38 18 11 22 35 23 36 14 1 40 3 10 4 49 5 15 6 20 7 44 8 26 9 45 10 38 11 42 15 40 20 39 24 31 25 43 14 2 16 3 14 4 11 5 32 6 49 7 19 8 34 10 39 15 40 16 20 18 48 20 15 24 21 25 37 15 2 23 3 46 5 39 6 45 7 25 8 20 11 48 12 42 14 39 15 36 21 11 22 13 23 48 24 21 25 38 8 6 50 9 38 12 39 13 12 14 45 16 31 19 41 23 12 15 1 49 2 11 3 34 5 33 6 42 9 28 12 16 15 44 16 16 18 38 19 28 20 23 22 26 24 18 25 25
3 13 3 11 5 32 6 20 7 44 9 43 10 18 12 32 13 14 16 47 19 17 21 16 23 12 24 37 14 1 19 2 39 3 29 5 18 7 14 8 41 11 48 12 33 13 32 14 19 15 31 21 21 22 20 24 14 15 1 29 2 24 4 35 5 33 6 13 7 23 10 40 13 36 16 47 17 16 18 38 21 37 22 42 24 40 25 21
5 6 3 32 6 11 8 17 12 27 14 14 18 12 11 3 42 4 25 6 43 8 19 11 46 13 44 16 19 17 38 19 27 20 24 21 24 13 1 40 5 38 6 39 7 20 11 17 14 37 15 49 18 25 19 15 21 10 22 19 24 42 25 32 10 1 36 4 25 7 16 8 41 9 42 10 19 13 24 17 16 22 23 25 21 14 3 46 5 20 6 33 7 40 8 44 11 40 13 29 15 47 17 14 18 31 20 47 21 48 22 25 24 47
7 3 5 11 12 34 24 13 4 1 27 14 46 21 23 24 30 7 7 14 8 49 13 38 14 48 19 50 21 13 25 42 6 1 43 3 29 8 12 14 25 15 26 22 32 12 9 43 10 22 11 27 12 11 13 33 14 48 15 39 17 39 18 46 20 11 22 19 24 13 12 1 35 5 48 6 30 7 38 8 10 9 16 10 15 14 14 15 17 18 36 21 30 25 26 15 2 50 3 23 4 20 7 32 8 34 9 35 11 14 12 47 13 42 15 43 17 26 18 41 21 48 22 44 24 14
5 5 1 31 13 45 14 49 16 29 23 32 9 4 11 5 32 6 50 10 34 13 35 15 37 16 47 17 41 24 14 5 9 33 13 17 14 49 16 17 18 38 14 1 21 2 22 3 47 4 41 6 19 8 31 10 43 14 39 15 48 16 50 18 41 20 13 23 50 25 41 5 9 47 14 22 15 43 16 23 18 42
5 4 2 23 15 17 24 14 25 27 12 1 17 2 28 7 38 9 47 13 19 14 38 18 23 20 23 21 33 22 41 24 41 25 36 6 3 14 7 27 8 16 13 48 21 11 25 25 9 2 23 4 23 5 21 7 31 12 17 13 38 16 22 18 14 19 25 9 1 37 2 42 9 49 11 21 12 46 20 34 21 28 23 37 24 16
8 12 1 13 3 13 4 18 5 48 11 49 12 41 16 24 18 24 19 17 22 35 24 34 25 48 12 1 45 4 48 6 28 9 44 10 24 12 32 13 20 17 37 18 47 19 11 21 21 24 24 8 4 12 5 25 9 13 11 39 12 11 13 36 22 31 24 47 6 1 28 3 26 7 20 10 48 17 27 20 50 14 3 33 5 43 7 37 8 33 11 30 12 46 13 14 17 44 18 33 19 43 21 41 22 38 23 27 25 24 9 2 50 3 39 4 42 7 44 10 24 12 35 18 33 21 27 25 31 13 3 26 9 47 11 24 12 49 13 32 14 36 15 41 16 49 19 46 20 38 21 17 22 29 25 14 3 8 43 24 34 25 39
3 13 2 29 4 41 5 24 6 42 7 14 10 27 11 40 13 16 15 38 17 20 19 31 23 48 24 29 12 2 31 3 41 5 27 7 42 8 19 10 19 12 42 17 21 18 14 19 43 21 34 24 50 11 2 50 4 31 5 44 7 22 9 44 16 16 18 31 19 24 23 47 24 22 25 29
8 9 3 40 8 40 9 42 11 31 13 14 16 23 18 14 22 14 24 24 15 1 36 2 29 3 19 4 17 7 18 9 11 10 15 12 18 16 26 17 12 19 33 21 32 22 11 23 34 24 12 4 11 36 13 14 21 20 25 40 3 12 42 23 28 25 16 8 10 24 11 46 17 47 18 22 19 21 20 27 21 32 24 35 12 1 30 4 39 9 23 10 50 11 30 12 34 14 36 17 50 18 16 22 34 23 45 25 46 8 1 18 5 23 13 10 14 30 16 11 17 29 18 37 21 23 9 2 19 11 41 12 34 14 40 17 10 18 42 19 17 24 30 25 20
3 14 1 13 3 28 5 33 6 18 8 50 10 34 11 30 13 42 14 13 15 21 16 47 18 11 22 23 24 23 15 1 10 5 25 9 31 12 21 13 49 15 30 16 44 18 48 19 38 20 40 21 27 22 31 23 41 24 11 25 45 8 2 50 4 46 6 30 7 44 12 36 18 42 21 46 25 49
3 8 1 46 2 45 6 34 7 40 9 36 16 42 17 36 19 49 4 2 29 5 11 9 34 16 32 15 1 15 2 29 3 28 4 21 7 35 8 43 10 26 11 10 12 19 16 39 17 42 20 36 22 45 23 15 24 19
4 15 1 20 3 40 4 40 5 39 6 25 8 23 9 40 11 46 13 19 14 19 16 25 17 18 19 30 22 15 25 20 11 3 16 5 50 6 13 9 41 12 18 15 23 17 16 19 49 20 49 23 30 25 49 7 1 13 8 10 14 21 19 21 20 49 21 13 25 50 12 1 48 2 22 5 10 8 46 9 25 16 29 18 28 19 25 20 25 23 37 24 22 25 20
6 6 4 40 10 12 11 45 17 15 21 23 22 19 11 2 21 4 43 5 33 7 15 11 36 13 50 15 15 18 21 20 34 22 48 25 47 11 4 38 6 49 8 31 13 22 14 28 15 12 16 34 19 34 20 45 21 17 22 34 7 4 14 8 33 10 44 16 30 17 18 18 31 24 20 3 16 33 18 48 22 22 13 2 49 3 33 4 11 5 50 7 28 8 41 11 41 14 20 19 49 20 14 21 11 23 47 24 33
4 12 2 35 5 18 6 16 7 35 12 21 14 28 15 27 16 44 18 25 23 30 24 47 25 11 14 2 34 4 48 5 27 7 15 9 22 10 13 14 10 15 31 18 38 20 42 21 41 22 40 23 38 25 35 4 10 47 19 38 24 14 25 34 15 1 13 3 13 5 28 7 12 8 13 9 27 10 18 11 26 12 45 14 16 19 19 21 13 22 11 24 40 25 50
6 11 2 33 7 32 10 15 11 36 12 36 13 30 14 31 20 35 21 19 23 31 25 16 8 6 42 12 32 13 26 14 11 15 31 22 42 23 26 24 45 14 2 45 3 12 6 41 9 39 10 18 11 32 12 13 13 50 14 29 15 31 18 47 19 44 23 40 25 50 14 1 17 2 22 3 11 4 43 7 24 8 40 9 27 12 14 13 26 18 13 20 35 21 21 22 14 25 15 5 1 31 2 39 12 28 14 50 20 34 3 1 15 15 41 20 20
8 10 3 31 4 38 5 48 6 26 10 10 16 34 18 10 21 45 22 46 25 16 6 4 17 7 22 8 21 10 38 15 43 18 33 5 1 48 2 36 4 50 15 50 21 24 11 2 18 3 24 9 38 10 40 12 46 15 35 16 38 17 36 19 37 24 40 25 19 10 1 25 5 28 6 38 7 33 8 44 13 27 15 16 16 20 23 36 24 21 5 2 35 3 30 14 34 16 40 21 29 11 1 37 2 45 3 12 8 39 9 26 12 43 14 46 15 14 16 14 21 12 23 18 6 1 36 13 18 18 48 22 47 24 41 25 35
36 84 144 157 109 96 57 83 133 48 107 64 145 65 118 158 89 128 36 46 87 134 38 91 151 86 57 52 117 59 99 112 138 82 98 47 58 51 106 53 67 45 49 43 130 125 51 103 98 50 141 70 116 74 131 70 69 50 50 84 39 64 95 90 70 106 54 114 57 51 69 78 60 109 144
1 1 1 3 1 1 1 1 2 2 1 2 3 1 3 3 2 1 3 3 3 3 3 2 3
# Instance ID: 71
# Total operations: 401
# Actual flexibility: 0.361
# Generated: 2026-02-14 14:26:23
# Format: Extended Brandimarte for MOFJSP (Comparison Dataset)