10 5
4 2 1 13 5 45 3 1 30 2 43 5 38 1 2 47 2 1 13 4 39
8 1 5 36 2 1 45 5 39 3 1 26 2 10 3 23 3 1 32 2 14 5 44 1 1 40 1 3 36 1 2 36 2 4 34 5 34
6 1 5 18 3 1 44 3 35 4 43 1 2 10 1 3 39 3 3 34 4 24 5 25 2 2 27 3 22
8 3 1 36 3 49 5 11 1 2 14 1 5 12 2 1 25 5 12 2 2 44 4 23 1 2 42 2 2 46 3 48 3 2 19 3 43 4 24
8 2 3 13 5 45 3 2 41 3 13 4 32 3 3 36 4 36 5 19 2 2 44 4 40 1 2 29 3 1 45 2 36 4 36 3 2 25 4 26 5 23 2 1 33 4 15
6 3 1 34 2 48 5 48 1 1 22 3 2 23 4 31 5 29 1 2 22 3 1 48 4 23 5 35 1 5 30
3 2 4 44 5 32 2 3 42 5 41 2 1 30 4 23
8 2 3 12 4 46 1 2 11 2 4 28 5 19 1 3 24 2 2 41 5 45 3 2 41 3 39 5 20 3 1 44 2 41 3 21 3 1 13 4 10 5 36
7 1 2 14 3 1 42 2 39 4 33 1 5 50 3 3 41 4 11 5 10 3 1 11 4 43 5 27 3 1 37 3 21 5 16 1 5 19
7 1 2 49 3 2 35 3 15 5 33 2 2 24 4 29 3 1 35 4 34 5 34 3 1 10 3 20 4 15 2 3 46 4 16 3 1 46 2 40 5 27
77 144 110 148 144 104 50 146 113 113
1 1 3 3 2
# Instance ID: 9
# Total operations: 65
# Actual flexibility: 0.412
# Generated: 2026-02-14 14:26:22
# Format: Extended Brandimarte for MOFJSP (Comparison Dataset)