10 5
6 1 2 42 3 1 44 2 36 3 24 2 3 10 5 20 3 2 19 3 23 4 31 1 1 34 1 3 32
7 3 1 39 3 44 5 17 2 1 50 3 49 2 2 14 5 12 3 1 24 2 16 3 34 2 3 20 4 33 2 2 14 3 48 3 1 39 2 34 5 27
5 3 2 30 3 13 5 24 1 3 35 2 1 46 2 30 1 4 35 3 2 18 4 25 5 45
7 3 3 35 4 33 5 24 1 5 41 1 1 17 1 2 37 3 1 48 2 39 4 43 2 1 17 5 44 2 1 28 3 37
7 1 4 10 3 2 16 3 50 5 29 3 1 33 2 20 5 44 3 1 11 2 17 3 33 2 1 25 2 46 1 1 41 1 5 18
4 1 4 45 1 3 43 3 2 22 3 29 4 35 3 3 38 4 17 5 25
5 1 1 31 1 5 45 1 5 24 1 1 50 1 2 14
5 1 3 14 3 2 41 3 23 4 44 1 5 46 2 2 36 4 22 1 1 37
5 2 4 39 5 13 3 1 31 2 16 5 25 1 2 44 2 2 21 4 27 2 1 38 2 45
7 1 1 44 1 1 25 1 4 41 2 2 13 4 20 2 1 26 4 39 2 4 19 5 22 2 1 47 2 44
102 85 71 96 125 69 95 63 76 85
1 1 1 2 3
# Instance ID: 1
# Total operations: 58
# Actual flexibility: 0.369
# Generated: 2026-02-14 14:26:22
# Format: Extended Brandimarte for MOFJSP (Comparison Dataset)