20 10
8 1 10 12 5 1 33 4 23 8 28 9 46 10 37 6 3 17 4 17 7 38 8 37 9 41 10 26 1 3 27 6 1 30 2 20 6 42 8 31 9 27 10 39 6 1 43 2 30 4 22 6 45 7 50 9 12 6 1 22 2 26 3 40 4 19 5 41 9 21 6 1 43 2 23 3 10 5 37 6 14 8 41
8 5 1 26 3 49 4 34 9 50 10 47 2 6 43 8 21 3 4 41 5 50 8 35 5 1 24 3 17 6 28 8 36 9 38 3 2 21 4 39 7 30 6 2 41 4 48 6 36 7 25 9 11 10 28 3 4 13 7 45 9 30 3 6 38 7 37 9 35
7 3 1 24 5 31 8 50 1 5 38 4 3 50 4 17 7 49 10 49 3 1 11 3 34 9 15 6 1 23 2 33 5 44 6 22 9 20 10 44 4 3 31 4 36 5 23 8 45 6 1 16 4 42 5 35 7 41 8 12 9 20
5 3 1 50 4 25 5 12 3 2 18 7 27 9 15 1 2 42 6 1 19 5 16 6 47 7 35 9 22 10 48 3 1 29 6 27 7 39
8 2 2 46 5 40 4 2 36 5 45 7 27 8 40 3 4 34 9 11 10 41 6 2 11 4 35 5 24 6 38 7 33 8 40 5 2 15 5 16 6 45 8 20 10 23 4 2 35 4 49 8 40 10 43 6 1 36 3 29 4 31 7 19 9 12 10 30 6 1 45 2 41 3 44 6 41 7 30 10 25
5 3 2 16 8 37 10 14 4 1 17 3 20 5 22 10 38 1 1 37 4 2 45 3 36 8 35 9 10 3 2 27 5 43 7 30
5 5 3 23 5 49 6 33 8 43 9 48 3 4 31 8 18 10 20 5 1 19 2 40 4 14 6 10 8 29 6 2 16 3 13 4 49 5 39 9 48 10 20 1 6 50
4 5 1 28 2 37 3 47 4 29 6 33 5 1 19 4 16 5 23 7 27 9 21 3 2 43 3 47 10 34 3 5 23 8 20 10 10
7 2 2 49 4 19 2 3 10 8 30 1 1 18 5 3 42 7 17 8 25 9 45 10 35 4 3 43 6 30 7 43 8 15 5 2 37 3 45 4 38 5 41 6 26 6 2 11 3 33 6 39 7 32 9 37 10 23
8 5 2 10 3 22 4 38 7 33 9 43 2 1 31 5 16 3 1 48 5 27 9 12 6 1 27 3 50 5 13 6 46 7 11 8 40 5 3 44 4 16 6 12 8 33 10 11 5 1 17 3 13 4 38 9 50 10 13 3 2 22 5 49 9 11 3 3 43 6 10 10 35
3 4 1 42 2 19 4 27 7 15 2 1 27 8 48 2 7 21 9 50
6 6 1 31 3 39 5 46 8 15 9 46 10 39 1 2 15 2 2 30 3 47 6 1 39 2 15 3 25 6 29 9 22 10 18 3 1 21 5 27 7 18 5 2 27 4 22 6 21 7 28 9 26
3 6 2 33 3 32 4 43 5 38 8 50 9 20 1 10 34 2 4 37 9 32
7 6 4 27 5 15 6 42 7 23 8 26 10 23 4 1 50 2 21 5 40 10 18 4 5 34 6 47 9 12 10 30 6 1 31 2 31 4 16 6 21 9 32 10 29 2 8 21 9 11 4 6 35 7 40 8 25 10 26 6 3 12 4 24 6 42 8 16 9 36 10 37
6 3 1 20 7 42 10 20 3 4 46 9 18 10 18 6 1 39 2 35 3 20 6 39 7 10 8 19 2 3 29 5 15 2 4 37 10 15 6 1 32 2 16 3 40 4 45 6 35 10 23
7 4 4 16 7 34 8 18 10 30 2 6 28 7 37 5 2 47 3 11 4 24 7 48 9 21 2 6 31 10 42 1 10 48 4 2 22 3 12 4 23 9 29 4 2 21 6 37 7 19 9 28
5 3 1 26 7 36 8 21 2 7 16 9 39 1 6 16 6 1 42 2 34 3 39 5 10 7 41 8 35 4 1 50 3 17 5 48 7 38
6 5 5 33 6 17 7 21 8 37 10 44 4 1 47 2 26 3 22 9 42 5 1 12 3 17 4 41 7 39 8 33 1 10 33 3 5 11 6 44 7 27 2 5 36 6 11
5 4 1 17 5 32 6 12 9 44 6 1 18 3 19 4 50 5 41 7 37 10 27 3 4 12 8 14 10 30 3 1 34 2 42 3 15 3 5 11 7 21 9 26
3 6 2 26 5 29 7 49 8 42 9 44 10 25 6 1 21 2 27 3 42 4 12 6 48 8 35 2 5 10 10 36
109 129 116 84 102 71 64 56 108 152 42 116 59 126 116 121 65 81 93 54
1 3 2 1 2 3 2 1 1 3
# Instance ID: 25
# Total operations: 116
# Actual flexibility: 0.378
# Generated: 2026-02-14 14:26:22
# Format: Extended Brandimarte for MOFJSP (Comparison Dataset)