20 10
6 6 2 39 3 27 5 22 7 10 8 19 10 38 1 7 48 2 6 46 9 41 4 1 39 2 32 3 29 8 35 5 2 37 3 39 4 34 5 21 7 46 1 7 12
5 2 3 50 5 44 3 2 36 4 45 8 17 3 2 36 6 38 10 20 3 1 39 4 11 9 14 6 2 35 4 12 6 10 7 26 8 17 10 18
6 3 8 14 9 15 10 45 6 2 20 3 11 4 48 8 16 9 21 10 28 1 9 35 2 1 27 2 19 4 3 12 4 44 6 23 10 38 6 1 38 2 13 3 48 4 10 6 13 9 34
5 2 4 25 6 22 1 1 36 1 1 31 2 2 16 4 20 6 1 30 3 45 5 50 7 22 9 49 10 23
4 5 2 16 7 32 8 30 9 21 10 10 4 1 39 2 24 6 14 7 27 6 1 29 2 48 4 41 6 16 8 44 10 46 2 2 48 5 30
5 6 2 40 3 14 6 31 7 11 8 48 9 47 4 4 47 5 10 7 24 9 11 5 2 25 4 49 5 15 6 13 8 18 3 4 19 5 34 8 23 6 1 27 2 30 3 12 4 43 6 36 8 28
5 1 4 31 3 1 25 4 24 10 48 4 3 50 4 10 6 14 9 41 1 4 13 6 1 45 2 23 3 25 4 42 5 15 10 37
6 6 2 37 3 21 5 48 6 25 7 29 8 28 5 4 15 5 33 7 35 8 34 9 20 4 7 19 8 40 9 11 10 34 4 2 21 3 26 5 34 9 39 3 5 45 7 48 8 40 1 6 18
6 6 1 42 2 33 3 41 4 35 6 36 8 35 6 3 14 5 36 6 12 7 17 8 34 10 46 2 4 26 7 32 5 1 37 4 25 6 25 8 40 9 12 3 1 48 3 39 5 19 3 1 17 3 15 4 34
3 4 2 20 4 37 8 26 10 29 5 4 15 5 16 6 50 7 46 9 32 2 4 35 5 29
3 1 3 41 1 2 14 6 3 20 4 21 6 33 7 21 9 18 10 22
4 4 2 46 3 23 4 21 9 22 1 3 22 3 2 50 7 20 8 15 3 2 27 7 14 10 31
3 1 10 25 4 1 27 2 10 8 47 10 12 1 4 43
5 1 7 48 5 3 48 5 37 7 31 8 33 9 31 3 4 34 6 49 7 13 3 1 39 2 35 6 18 1 10 17
6 5 4 40 5 42 6 36 9 22 10 10 6 1 38 3 24 6 48 7 41 9 35 10 49 1 6 37 4 2 22 5 19 7 43 8 46 6 1 45 3 39 4 20 8 38 9 17 10 40 6 1 16 2 37 4 11 7 20 9 30 10 34
3 3 4 17 5 18 8 44 6 2 48 5 14 6 31 7 34 8 34 9 45 4 1 28 4 15 5 17 10 15
3 3 2 46 4 33 10 18 3 1 13 5 47 7 44 2 7 30 10 33
4 6 1 44 3 39 4 30 7 19 8 28 9 24 4 2 12 3 48 5 30 8 29 5 2 41 5 28 6 34 8 13 10 31 2 4 13 10 21
8 4 1 45 3 35 5 31 7 37 6 1 28 4 28 5 22 6 45 7 35 8 16 2 1 29 6 39 6 3 19 4 23 6 23 8 22 9 10 10 33 6 2 13 3 16 4 32 7 40 9 21 10 13 1 9 31 5 1 17 2 25 3 35 7 41 10 29 6 1 39 3 34 6 27 7 50 8 38 10 33
4 1 2 17 1 2 41 6 1 40 4 27 5 16 6 47 7 21 9 34 4 1 30 3 14 5 44 7 21
115 75 81 71 64 78 74 72 87 57 45 79 39 76 107 45 57 54 151 57
2 3 2 3 3 2 1 3 2 3
# Instance ID: 21
# Total operations: 94
# Actual flexibility: 0.359
# Generated: 2026-02-14 14:26:22
# Format: Extended Brandimarte for MOFJSP (Comparison Dataset)