50 25
4 5 3 13 8 37 11 22 17 22 21 40 10 1 42 3 29 4 11 5 23 7 45 8 23 18 37 19 29 20 20 25 32 13 1 50 3 39 8 29 11 29 14 34 15 20 16 10 17 34 18 10 20 47 21 12 23 15 25 10 3 12 44 19 33 20 10
3 12 2 45 3 27 4 38 5 43 7 42 11 13 13 10 16 26 19 39 20 21 23 26 24 33 10 1 20 3 13 6 13 13 48 15 13 16 14 17 32 20 27 21 37 24 34 14 2 35 4 15 6 15 9 35 10 45 11 28 12 38 14 42 15 12 16 29 17 10 18 32 20 40 25 21
5 7 10 16 11 48 16 35 17 50 19 27 21 31 25 22 10 2 48 3 48 5 33 7 44 9 24 11 25 13 10 16 33 19 25 20 47 11 3 41 4 14 5 14 7 29 12 38 14 47 15 22 16 28 19 29 22 20 23 23 9 5 25 6 34 8 14 10 38 12 42 14 49 19 34 22 50 24 15 7 3 29 9 31 10 22 14 50 19 39 21 11 22 41
4 8 2 21 4 11 5 34 6 31 8 34 12 39 18 11 19 20 10 3 40 6 48 8 47 9 47 13 45 16 47 17 12 18 42 20 42 22 25 13 2 14 3 47 6 45 7 38 14 15 15 34 16 14 19 12 20 18 21 12 22 14 23 27 25 30 13 1 32 2 42 3 29 5 17 6 32 9 22 12 16 17 39 18 27 19 40 20 10 22 32 25 46
4 13 1 33 3 44 5 27 7 39 10 30 12 15 13 29 14 18 15 18 17 10 22 18 23 16 25 21 13 2 39 4 40 6 14 7 19 11 20 12 48 14 12 16 40 19 11 21 13 22 21 24 43 25 32 15 1 10 2 25 4 25 5 18 6 40 7 15 8 38 10 34 11 37 15 34 17 27 21 15 23 37 24 23 25 29 5 2 43 7 17 15 17 20 47 21 26
5 8 2 24 9 34 16 14 17 21 18 50 21 36 23 16 25 21 14 2 37 7 23 8 48 9 44 12 31 13 40 14 18 16 37 17 19 19 36 20 13 21 33 24 37 25 14 7 3 50 4 14 5 15 8 47 10 50 18 36 20 20 12 2 48 4 38 5 16 6 49 7 17 10 12 11 25 16 24 17 42 19 46 23 20 25 44 15 1 14 3 47 4 47 5 17 6 40 9 24 11 48 12 25 14 14 15 36 16 46 17 39 20 26 24 36 25 20
7 10 2 28 3 46 6 50 15 12 17 34 18 38 19 34 21 31 23 23 24 25 15 1 27 3 34 5 43 6 42 7 33 8 12 12 16 13 37 14 21 15 36 19 14 20 27 23 42 24 17 25 30 5 2 21 4 21 8 31 17 14 23 41 8 2 10 3 31 5 41 6 26 9 27 11 31 20 31 25 11 13 2 11 3 31 4 39 5 39 6 40 13 49 16 10 18 30 20 30 22 29 23 49 24 35 25 12 15 2 26 4 25 6 24 8 22 9 33 11 36 12 30 13 33 14 46 15 28 16 42 17 44 19 27 22 41 24 32 8 1 28 4 48 6 28 8 24 9 30 12 19 13 49 24 19
8 6 2 32 3 21 4 41 11 19 13 41 21 38 6 1 11 5 39 6 36 9 32 13 32 17 44 15 1 15 2 28 3 23 4 19 5 22 6 32 8 23 11 33 15 32 17 50 19 38 20 33 22 32 23 16 25 28 14 1 10 5 47 7 25 8 36 9 38 13 30 16 42 18 28 19 30 21 41 22 37 23 47 24 29 25 15 8 4 50 12 15 14 50 15 41 18 14 19 16 22 45 24 15 5 3 34 16 48 17 27 20 33 25 31 8 4 18 5 20 8 20 9 11 10 50 18 43 20 41 22 38 13 2 11 3 43 5 27 6 19 7 17 10 26 12 32 13 14 15 13 19 12 22 48 23 41 24 23
4 8 1 45 2 44 6 40 7 10 8 13 13 12 20 41 23 47 15 1 36 2 16 3 44 4 39 6 50 7 28 9 15 11 44 12 32 13 17 18 49 19 32 20 28 24 41 25 29 9 1 40 8 14 9 13 12 29 16 18 17 42 22 43 23 23 25 18 5 6 39 10 19 15 13 21 24 24 24
6 7 3 16 6 44 17 20 20 41 21 37 24 49 25 39 5 1 17 6 47 9 25 14 11 23 45 7 1 18 9 19 10 30 12 24 15 36 19 17 22 27 10 1 14 6 33 7 28 10 25 14 24 18 28 19 39 20 10 21 30 24 18 7 6 40 8 45 9 34 11 24 19 19 21 14 22 14 15 3 43 4 27 7 30 8 25 9 40 11 29 13 43 14 23 17 28 18 28 19 42 20 22 21 28 22 31 24 48
4 12 1 39 4 19 8 16 10 13 14 20 15 37 17 49 19 43 20 48 21 26 22 33 24 10 9 1 25 11 27 12 28 14 23 15 29 16 34 18 40 21 26 23 45 11 2 29 5 40 6 35 11 42 12 34 13 19 19 26 21 46 22 44 23 21 24 36 10 1 29 7 27 12 35 16 27 18 41 19 49 20 17 21 50 22 16 23 50
8 7 5 12 9 13 14 11 15 33 21 36 22 16 24 35 4 10 10 13 38 15 50 17 13 10 2 18 5 49 6 37 8 21 12 50 14 24 17 26 18 50 19 13 24 49 4 1 23 6 44 9 43 13 33 14 1 27 2 44 3 35 8 46 10 22 12 32 13 40 14 21 16 25 17 29 20 39 23 46 24 35 25 28 9 1 46 9 46 11 17 16 16 18 23 19 35 20 47 23 37 24 35 5 1 22 7 23 14 16 19 38 22 22 9 4 15 6 50 7 43 9 41 14 18 15 20 16 50 17 26 22 46
7 14 6 41 7 30 8 28 10 25 11 10 14 11 15 30 16 22 17 34 18 43 19 32 20 26 22 33 25 16 5 15 18 16 28 19 42 22 24 23 12 6 11 23 12 50 16 27 19 15 24 19 25 15 6 2 23 3 38 6 21 9 21 20 47 23 14 14 3 35 4 48 5 25 9 19 11 43 12 49 13 43 14 21 15 44 17 17 18 24 19 34 21 42 24 24 6 1 43 5 26 11 41 13 33 17 28 22 11 4 6 38 7 11 13 20 16 39
7 14 3 24 4 19 5 27 8 29 10 49 11 46 13 33 15 47 16 35 17 40 18 38 23 37 24 17 25 37 4 2 33 4 20 7 16 12 47 10 1 13 4 42 5 49 9 18 12 16 13 39 15 42 20 49 22 11 23 38 3 19 16 21 34 23 13 7 9 15 10 11 14 45 16 19 21 43 23 50 25 10 11 1 32 3 11 5 25 6 46 10 44 13 19 14 10 20 10 21 21 22 43 25 29 7 2 39 3 16 5 22 8 21 10 27 22 24 25 48
6 6 8 37 10 46 13 19 14 38 16 11 24 35 3 5 32 9 34 24 14 5 1 37 3 47 9 38 15 11 16 22 6 9 12 10 20 11 23 20 40 23 20 25 22 15 1 21 3 37 4 24 5 45 8 17 9 33 10 19 14 18 15 43 16 45 18 20 19 10 20 27 22 49 23 40 10 2 33 4 42 7 27 8 17 9 13 13 35 14 49 17 18 23 20 25 39
4 9 2 43 3 17 4 24 9 38 15 16 19 35 22 10 23 46 24 40 14 1 14 2 44 3 30 4 47 7 30 8 46 9 38 10 42 11 21 12 16 13 26 15 16 21 19 24 40 7 4 24 5 11 9 31 12 12 15 27 18 27 20 32 15 1 19 2 40 3 15 4 13 8 36 10 41 13 48 14 32 16 16 17 40 18 45 20 41 21 17 22 19 23 32
7 11 1 38 2 34 3 42 4 27 7 33 10 25 12 45 13 16 15 16 19 33 23 47 8 2 16 4 47 6 37 14 19 15 11 20 37 22 33 24 10 12 2 22 4 17 5 32 6 10 9 34 13 42 16 48 17 28 18 36 19 28 21 47 22 15 10 2 29 4 25 5 19 7 49 8 19 14 19 15 11 16 14 21 27 22 32 13 3 26 5 27 7 45 9 48 10 17 11 18 12 28 14 38 16 45 19 32 21 25 22 12 25 18 3 5 35 19 29 22 26 12 1 11 3 20 4 10 9 40 10 48 13 30 14 31 15 49 16 16 22 26 23 46 24 43
8 10 1 48 2 12 4 26 5 48 6 13 7 39 11 50 13 37 20 37 24 41 3 5 27 9 40 13 13 8 1 20 2 16 9 45 13 35 14 28 17 21 22 23 23 36 7 5 18 9 20 12 35 13 32 23 11 24 36 25 24 3 3 35 9 39 10 21 11 1 24 4 34 5 48 7 16 10 35 11 18 12 42 14 45 19 38 22 32 25 12 13 2 49 3 41 4 33 5 10 6 18 11 47 12 50 14 17 17 10 18 35 22 48 24 41 25 26 6 10 23 13 15 14 31 15 49 16 36 19 44
5 6 2 45 3 15 5 22 10 17 18 30 25 15 8 4 17 5 12 9 12 10 36 16 25 17 47 19 24 24 48 14 2 15 3 32 4 39 5 31 6 49 13 27 14 32 15 14 16 15 19 24 20 27 23 23 24 34 25 13 14 1 23 3 18 4 31 5 37 7 24 8 24 13 38 16 19 17 31 18 49 19 21 20 35 22 37 24 39 8 1 10 2 41 3 36 7 38 8 19 11 13 23 12 25 11
3 10 1 49 5 31 6 50 7 15 8 18 9 28 16 39 18 26 24 15 25 21 10 6 31 8 10 9 45 11 23 12 39 13 25 19 50 21 50 23 38 24 37 12 1 16 6 11 9 13 10 27 12 21 14 20 16 10 18 19 19 17 21 31 22 42 24 33
3 15 4 28 6 19 7 18 8 24 9 27 10 16 11 41 12 26 13 22 14 46 16 39 20 17 22 17 23 37 25 14 4 7 48 10 25 23 14 24 26 15 3 12 4 15 5 33 7 38 10 39 11 47 13 27 16 11 17 46 19 10 20 30 21 50 22 46 24 36 25 48
3 3 8 14 15 23 21 47 15 1 23 2 37 4 49 5 40 7 46 8 23 10 45 11 11 12 35 13 14 14 49 16 12 17 16 18 33 24 32 5 10 40 11 37 14 40 18 29 20 42
4 11 2 43 3 47 5 32 7 24 9 34 12 37 15 29 18 32 21 41 24 38 25 34 14 1 10 2 20 4 30 5 23 7 21 8 32 11 44 12 16 15 25 16 49 19 36 21 22 22 24 23 16 10 2 35 3 42 4 22 8 42 10 45 14 15 15 46 16 10 22 18 25 32 7 2 14 6 39 7 25 10 48 13 20 18 21 24 24
6 3 3 40 12 39 14 46 5 3 13 4 24 10 43 16 29 25 44 9 3 30 9 21 16 30 17 18 19 13 21 25 22 16 23 46 25 24 13 2 39 3 34 4 26 8 41 9 17 12 50 13 39 16 48 17 50 18 28 20 26 21 13 23 31 12 3 24 7 21 10 38 11 29 12 18 15 33 16 22 17 20 18 28 20 19 21 50 24 21 6 2 43 5 37 13 10 14 13 19 43 24 31
7 3 1 10 7 16 20 45 9 1 26 3 18 5 43 6 17 10 15 12 45 17 44 18 38 21 18 9 6 46 9 28 13 13 15 43 16 44 20 22 21 35 23 47 25 30 9 3 42 4 46 8 30 9 37 10 33 16 49 21 25 22 11 25 10 8 6 25 7 43 8 49 9 35 10 24 17 23 23 26 24 44 4 3 41 9 37 13 28 25 32 3 14 27 15 13 18 48
5 10 4 40 5 20 6 27 9 26 10 47 15 17 16 15 23 49 24 45 25 20 9 1 36 4 39 6 31 7 40 8 23 10 48 12 33 13 28 17 13 12 2 16 3 25 4 18 5 29 7 48 9 13 11 34 14 48 15 13 16 40 20 13 21 50 3 5 20 9 27 22 30 12 1 45 4 34 6 18 7 43 10 32 11 24 13 20 15 25 17 23 18 15 19 47 20 15
8 9 6 48 9 19 10 26 13 12 14 34 16 30 17 28 21 20 23 17 5 2 23 6 23 8 44 11 11 17 22 15 3 40 6 43 9 45 10 23 11 17 12 34 13 36 14 50 16 20 17 21 18 26 20 32 21 43 22 36 23 10 7 9 11 11 50 15 44 16 42 17 28 18 24 25 31 4 2 48 3 21 20 47 21 30 12 2 11 5 45 10 36 11 37 12 10 13 13 16 32 17 27 19 10 20 40 21 33 24 38 9 4 47 6 20 14 18 16 21 19 20 20 11 21 41 24 28 25 19 12 5 41 6 12 8 38 11 28 14 12 16 37 18 43 19 14 21 41 22 26 23 11 24 34
5 6 5 30 10 21 11 29 18 16 21 27 24 16 15 2 21 3 10 6 15 7 44 8 36 9 16 11 16 14 29 15 50 16 30 20 17 21 34 23 40 24 18 25 34 14 2 14 3 26 4 20 5 19 7 22 11 32 12 29 13 44 14 12 15 14 19 27 20 49 22 35 24 12 12 1 39 4 49 6 27 7 14 9 14 10 24 12 24 13 18 15 45 17 24 20 27 22 45 7 1 29 3 43 4 21 7 11 14 17 18 44 19 33
8 9 5 41 6 10 7 22 9 50 10 29 11 34 12 19 14 44 23 19 7 3 50 5 16 7 15 10 23 13 35 18 46 24 24 4 5 41 9 40 22 22 25 28 12 1 37 3 39 4 47 6 22 7 28 8 36 10 45 11 15 13 27 15 31 19 49 20 25 4 1 49 2 44 5 24 6 47 9 1 21 3 21 4 50 8 27 11 27 13 48 17 18 18 27 19 29 14 3 50 4 30 6 36 7 20 8 36 9 14 10 21 13 17 14 25 16 36 17 19 19 50 21 14 22 15 10 5 45 7 50 9 39 10 46 14 30 15 50 16 19 18 19 21 45 23 39
4 6 5 24 7 10 13 17 15 23 19 38 23 37 11 4 35 5 29 6 28 8 36 10 11 12 14 18 15 21 25 22 50 24 18 25 25 8 1 43 3 32 4 49 5 48 6 13 7 21 10 39 12 50 6 1 44 14 50 15 36 16 46 22 29 24 21
3 3 13 13 18 18 24 42 5 1 24 3 10 11 23 16 15 17 34 8 3 36 6 47 7 14 8 23 20 42 22 43 24 32 25 22
4 5 1 41 9 49 12 28 17 41 25 13 9 1 38 6 24 12 41 13 31 15 18 18 10 20 47 22 13 24 36 15 1 49 2 27 3 12 4 49 6 34 8 39 9 47 10 27 11 48 13 33 14 47 16 24 19 35 20 42 21 19 7 1 21 4 14 7 22 8 11 10 47 17 19 21 30
6 9 4 45 8 37 9 12 13 40 14 23 16 12 19 22 21 17 22 37 6 4 49 12 46 17 34 19 15 22 43 25 29 11 1 37 2 35 6 32 7 22 16 24 19 33 20 34 21 40 22 19 24 20 25 28 6 7 20 17 26 18 13 19 46 20 17 25 17 4 1 16 13 28 20 32 24 23 3 13 32 19 26 20 22
6 4 8 12 11 31 15 50 24 41 10 1 49 2 11 7 11 12 40 13 29 15 13 18 17 20 50 21 20 22 24 9 5 12 6 36 10 25 11 34 13 36 15 15 17 41 19 14 25 42 10 1 37 6 38 7 45 9 18 10 13 12 35 13 15 17 38 19 30 24 35 13 2 22 3 22 5 29 7 26 13 31 14 22 15 40 17 36 18 13 19 40 22 40 23 31 24 30 15 5 43 6 40 7 10 8 37 9 28 10 29 12 48 14 14 15 24 16 20 17 13 19 18 20 24 21 41 23 30
8 13 1 14 4 49 6 44 11 19 12 14 13 46 14 42 15 23 17 49 21 37 22 18 23 15 25 37 8 14 23 16 24 17 38 18 32 20 38 21 35 22 50 23 15 4 3 10 6 31 17 49 21 41 11 3 15 6 50 8 37 9 47 11 30 12 12 13 13 14 31 17 26 23 10 24 21 8 1 28 5 50 9 42 10 15 12 34 15 25 19 35 21 16 10 3 48 5 23 9 49 12 29 13 28 15 29 16 39 18 40 19 18 24 26 6 7 27 9 18 10 24 11 47 17 11 23 18 15 3 28 5 18 8 46 9 42 10 49 12 41 14 14 15 25 16 28 17 12 18 24 19 22 23 32 24 49 25 41
7 13 2 42 5 26 6 49 8 34 9 19 12 12 16 20 17 48 18 48 20 19 22 31 24 46 25 44 6 9 44 10 33 13 15 14 22 18 46 19 24 3 6 39 21 21 22 45 9 1 22 2 48 5 46 7 48 10 44 11 48 14 17 15 37 16 15 12 2 41 4 27 7 24 8 11 10 15 12 12 16 26 17 24 20 16 22 42 24 48 25 14 5 1 11 2 44 19 50 23 44 25 24 10 1 40 6 14 7 39 12 39 13 30 15 13 18 16 19 23 24 47 25 37
7 6 5 37 9 30 16 13 18 38 22 24 24 37 6 1 20 4 30 9 19 14 26 15 50 21 11 13 3 45 4 29 6 28 8 40 9 29 11 17 14 25 18 45 19 50 20 26 21 15 24 40 25 40 7 3 40 4 25 6 44 9 21 15 28 17 43 18 38 10 1 44 2 15 4 28 6 40 7 17 11 44 15 50 18 33 20 12 22 40 10 2 22 5 39 6 13 7 34 10 43 11 33 14 28 16 11 19 31 22 50 7 7 22 9 15 10 23 12 22 15 50 22 18 23 18
8 11 3 29 6 41 8 27 9 42 12 44 14 29 16 39 18 11 20 45 22 18 25 15 13 2 16 3 21 5 40 6 41 11 14 12 11 14 40 15 13 16 47 18 33 21 39 23 16 24 28 9 3 16 4 49 6 18 13 10 15 44 17 30 18 11 21 14 22 12 5 10 23 14 48 21 17 22 31 23 37 14 2 31 5 10 6 16 9 39 10 12 11 38 12 31 15 46 16 23 17 28 18 49 19 29 22 34 24 43 5 9 16 12 42 13 24 15 12 23 39 12 4 28 5 37 6 19 8 33 9 32 11 37 12 23 13 32 16 37 17 30 19 32 23 44 5 1 10 6 49 7 35 10 40 12 25
6 6 7 19 8 15 13 16 15 14 17 31 22 33 9 3 11 7 25 9 22 10 41 11 22 15 10 19 30 20 19 25 20 5 5 14 8 25 10 31 11 11 18 30 9 5 13 6 39 7 10 14 35 18 39 19 21 22 13 23 13 24 11 10 1 10 3 19 4 46 7 30 10 20 13 17 16 18 18 21 22 16 24 32 12 3 48 6 48 7 27 9 38 11 11 12 24 13 14 14 24 17 19 23 45 24 18 25 50
6 6 1 31 5 17 9 26 17 25 19 15 20 34 7 1 48 3 34 8 22 9 26 10 17 19 42 22 35 12 3 13 8 45 9 30 10 38 12 26 14 16 16 20 17 29 18 38 22 35 23 43 24 41 4 7 16 20 33 21 46 22 12 14 3 20 5 18 8 48 9 21 13 36 14 26 15 49 16 43 17 34 20 43 21 23 22 10 23 42 24 32 14 1 22 2 39 3 28 4 22 5 47 10 46 13 20 14 26 15 42 17 24 18 10 19 21 20 16 21 10
6 11 1 35 9 22 10 25 11 22 12 44 14 41 15 27 17 37 18 48 19 49 25 17 13 1 19 2 48 3 24 5 45 7 24 10 17 11 14 12 30 17 48 19 21 22 27 24 40 25 12 15 2 14 3 11 5 48 6 40 8 41 9 18 10 48 11 40 13 15 15 24 16 10 17 35 19 35 22 36 24 39 14 4 15 5 37 6 13 8 43 10 39 11 38 12 34 13 44 14 37 16 31 18 29 19 42 21 35 23 36 5 3 45 4 21 11 34 17 48 20 19 7 7 15 8 13 10 47 11 12 19 43 20 23 23 50
4 10 8 25 11 11 13 47 15 22 16 24 17 32 19 24 20 21 23 46 24 50 9 2 41 3 22 4 42 7 47 12 47 16 24 18 10 19 43 21 21 10 3 32 6 47 9 21 11 13 14 46 15 42 16 31 17 50 21 20 23 13 5 1 18 6 46 7 34 16 16 20 19
6 8 1 36 2 17 3 43 8 48 14 13 15 40 18 45 25 39 10 3 33 4 26 11 33 14 32 18 12 19 30 20 49 21 30 22 30 24 11 4 11 42 14 28 15 50 16 48 9 8 41 13 20 15 42 17 39 19 43 22 50 23 42 24 39 25 27 9 1 31 3 37 8 40 9 36 10 26 16 40 18 39 22 14 23 46 9 3 33 7 35 8 20 9 32 11 31 12 19 13 43 16 40 25 30
5 5 7 19 9 34 16 26 17 22 22 32 6 3 15 8 30 10 17 16 16 20 21 24 29 9 2 21 4 28 8 46 9 49 10 22 12 15 16 40 23 44 25 13 3 4 42 7 15 8 33 12 1 14 3 38 4 18 8 12 10 21 14 47 18 18 19 41 20 50 21 32 23 47 25 36
3 3 5 13 10 24 12 50 11 2 27 3 24 5 22 6 33 12 40 14 13 15 30 17 16 20 45 23 49 24 15 8 4 40 6 21 8 47 15 11 19 39 21 12 23 33 24 45
6 4 1 50 2 29 14 14 22 45 8 1 21 2 22 6 40 7 43 8 37 19 25 22 10 23 17 7 3 23 4 27 6 44 16 50 20 42 21 26 24 49 8 1 20 4 27 9 14 11 10 16 33 17 13 20 26 24 38 13 1 34 4 13 5 38 7 33 9 19 10 38 11 39 14 50 15 50 18 34 21 18 23 11 25 13 12 2 27 6 28 7 46 8 14 9 43 11 41 13 37 14 19 16 39 18 33 24 37 25 16
8 14 7 44 8 34 9 23 13 49 14 17 16 15 17 21 18 17 19 26 20 28 21 39 22 39 23 33 25 20 13 2 27 3 43 5 41 6 37 7 46 8 34 10 27 15 40 21 36 22 45 23 23 24 35 25 18 9 3 34 6 31 9 25 10 32 14 44 15 47 23 23 24 43 25 47 12 1 38 2 35 3 12 5 26 7 49 9 39 10 43 12 22 16 35 21 19 23 34 25 40 7 7 17 8 42 12 19 13 26 21 18 22 32 24 43 13 2 48 3 40 4 20 5 30 7 33 9 20 11 49 12 12 13 35 14 11 19 34 23 49 24 40 13 1 33 5 32 8 14 9 33 10 13 11 48 13 16 15 23 16 16 18 44 21 18 23 10 24 43 4 7 11 18 31 21 27 25 34
3 8 5 37 6 30 9 40 11 31 12 46 14 34 15 27 20 47 8 2 23 3 40 8 34 11 23 16 39 17 49 18 41 23 30 11 1 11 2 44 6 23 7 34 10 20 12 41 15 33 16 28 19 22 23 28 25 33
4 6 6 46 15 33 16 44 20 44 24 25 25 25 13 3 38 4 12 6 39 7 24 9 14 10 33 13 11 14 35 15 16 16 42 17 18 19 10 23 47 3 5 26 18 19 19 39 10 3 24 4 44 6 25 7 47 15 16 16 42 18 10 21 43 22 13 25 27
8 9 2 37 4 35 7 29 11 21 12 38 19 41 20 27 21 20 23 14 8 5 14 6 35 11 13 15 15 19 42 21 13 22 20 24 16 4 4 30 8 28 18 42 22 19 13 2 42 4 24 5 48 6 29 7 20 9 41 10 40 13 30 14 34 19 22 23 40 24 31 25 28 3 5 27 14 36 17 25 7 3 37 10 42 11 19 12 48 14 42 23 45 24 35 8 4 21 7 31 8 41 9 39 10 49 12 17 17 16 23 46 14 1 37 2 31 6 10 7 44 8 30 9 46 10 45 11 30 13 49 14 29 15 15 18 45 19 15 22 26
76 39 99 48 62 71 87 131 69 74 58 138 103 88 101 68 98 154 82 55 47 45 79 82 110 96 104 95 116 72 38 73 93 83 98 100 97 158 88 77 84 52 83 69 47 82 136 45 57 159
3 1 1 1 1 3 1 3 3 2 2 1 1 2 1 2 3 2 3 2 1 3 3 2 2
# Instance ID: 68
# Total operations: 276
# Actual flexibility: 0.358
# Generated: 2026-02-14 14:26:22
# Format: Extended Brandimarte for MOFJSP (Comparison Dataset)