25 15
7 4 1 42 4 39 8 44 15 20 3 1 20 2 11 7 50 6 2 49 4 46 6 42 9 48 14 42 15 47 9 1 42 2 11 3 14 5 44 6 35 8 26 9 29 13 44 15 18 4 2 43 6 42 8 24 13 46 9 1 44 3 12 6 36 8 40 9 30 10 40 11 15 12 21 15 22 8 2 42 3 41 5 47 7 27 10 20 12 48 14 37 15 45
8 4 7 47 8 40 12 50 13 13 6 1 15 2 47 4 37 5 17 6 32 10 37 2 8 25 9 21 9 4 34 5 32 6 16 8 39 9 47 11 35 12 21 13 28 14 50 2 10 36 15 50 6 4 26 7 49 9 37 10 11 13 27 14 38 6 1 31 2 16 3 34 8 19 9 20 15 32 5 5 44 7 18 9 10 11 42 14 46
7 5 5 24 7 49 9 12 12 37 14 18 6 3 46 7 14 8 37 9 11 10 49 14 14 3 2 17 4 47 5 25 7 3 16 4 24 7 23 10 40 11 36 13 10 15 31 4 1 45 4 42 5 16 6 35 7 1 29 3 41 5 19 6 26 12 17 13 49 14 16 8 1 35 4 14 5 40 6 40 7 14 11 43 13 18 14 26
5 2 9 10 15 35 9 2 43 3 16 4 24 5 30 8 49 9 21 11 35 12 50 14 34 6 7 25 9 47 10 35 11 49 13 45 15 38 6 2 30 5 31 7 47 9 26 10 30 15 13 3 2 48 3 21 10 13
6 9 1 15 2 37 4 13 6 24 7 48 9 44 12 45 14 35 15 23 8 2 30 3 33 4 48 5 13 6 34 7 41 11 10 12 13 2 10 46 11 29 4 5 21 9 13 10 28 15 34 8 5 41 7 36 9 13 10 30 11 37 12 26 14 20 15 10 6 6 44 7 11 8 46 12 38 13 29 15 30
4 5 1 37 4 18 9 25 10 33 13 26 8 3 28 6 13 7 16 11 35 12 50 13 31 14 48 15 48 7 1 21 3 17 4 21 7 19 11 28 12 21 14 38 8 3 30 5 49 7 14 8 34 11 11 12 16 14 15 15 21
5 6 2 44 5 43 6 50 9 34 12 13 14 10 2 2 47 8 43 8 2 46 3 48 4 32 8 38 9 10 11 27 12 38 15 18 8 2 20 3 13 5 23 7 43 10 26 11 24 13 40 15 31 5 6 44 7 13 10 39 12 45 15 32
7 4 3 29 5 18 6 17 9 45 5 5 13 6 12 9 37 13 26 14 29 7 2 17 3 18 4 22 5 19 6 38 8 28 11 44 9 2 28 4 20 7 41 8 20 10 11 11 22 12 45 13 44 15 34 4 2 10 6 44 8 13 14 14 8 1 48 4 24 5 30 6 44 7 42 13 19 14 27 15 49 5 1 12 4 50 5 16 6 42 14 14
8 8 2 21 5 27 6 26 7 26 8 33 9 26 13 26 15 37 2 9 23 14 44 7 2 45 4 16 8 10 10 30 12 25 13 48 15 17 4 8 26 9 44 13 34 15 49 8 1 40 3 47 5 18 6 40 9 16 10 27 14 38 15 18 6 1 34 2 26 4 21 7 27 9 18 10 23 5 3 25 4 46 8 16 9 19 10 17 9 1 46 3 45 4 23 6 20 7 19 9 17 10 12 13 17 15 10
3 4 1 14 3 43 4 34 13 39 8 1 34 2 17 7 10 8 45 9 15 10 28 11 22 13 33 8 1 25 2 15 4 47 5 42 6 13 9 40 13 27 15 36
7 4 4 47 5 30 6 16 7 12 2 4 11 12 39 8 1 14 3 31 5 11 6 12 7 37 8 37 12 34 15 37 6 1 29 2 15 6 15 7 24 11 28 15 10 9 1 43 2 49 5 10 6 33 7 45 8 22 9 37 10 36 11 45 5 3 46 5 46 7 49 9 35 14 20 8 1 45 4 45 7 43 8 50 9 46 10 17 11 40 13 43
8 9 1 39 2 14 3 46 6 39 7 34 8 11 10 48 12 25 13 18 2 2 37 3 32 9 1 15 3 45 7 10 9 46 10 33 11 18 12 14 13 39 14 33 7 2 15 5 18 6 41 8 28 9 34 11 48 12 21 3 2 45 9 19 11 27 3 10 35 12 18 15 37 6 3 42 6 47 8 14 10 38 14 13 15 26 7 2 41 3 12 5 30 6 37 9 42 11 18 15 10
6 4 3 10 6 46 8 11 14 13 3 4 31 7 36 11 27 2 3 23 8 18 6 3 45 8 49 9 30 12 27 14 10 15 13 3 8 43 9 21 11 20 6 2 14 3 34 4 44 7 33 8 10 12 40
7 3 1 45 6 13 13 15 3 1 49 6 21 10 39 3 2 30 11 21 14 37 3 1 33 12 24 15 38 2 10 18 14 22 2 1 14 8 37 7 1 46 2 29 5 45 8 30 9 28 11 24 14 19
3 9 3 26 4 27 5 40 6 17 7 36 9 15 10 49 14 42 15 19 9 1 31 2 12 3 19 4 32 5 45 9 49 11 35 13 24 15 21 3 4 33 5 38 8 26
8 5 3 13 6 35 7 27 9 44 14 37 2 7 38 12 22 5 5 22 9 45 12 29 14 21 15 30 5 5 18 7 44 11 13 13 31 15 31 2 8 38 14 27 2 6 38 7 49 7 2 10 3 48 4 12 6 44 7 31 11 30 15 16 2 8 29 11 11
8 3 2 15 4 16 15 39 8 1 34 2 13 3 21 5 20 6 50 8 11 10 35 11 49 7 1 15 2 18 3 21 4 38 5 30 6 46 15 32 2 1 36 3 13 3 2 23 6 21 15 32 6 1 28 6 12 8 41 10 16 11 38 15 22 4 1 32 8 47 9 33 10 11 5 1 35 2 28 11 49 12 23 13 29
8 2 4 47 12 17 2 5 18 6 12 5 1 14 5 14 7 44 9 29 10 50 3 4 49 6 49 11 21 7 4 19 6 12 10 33 11 34 13 14 14 12 15 13 8 1 45 7 13 8 14 9 44 10 34 11 38 12 40 14 26 2 12 25 13 40 6 3 46 4 28 11 29 12 47 14 33 15 24
6 2 1 41 7 39 8 1 50 3 32 4 10 6 14 12 41 13 23 14 34 15 30 6 2 44 3 26 5 21 7 47 8 13 15 50 4 3 24 10 24 11 29 12 31 3 1 12 2 46 12 12 8 1 42 4 26 6 25 7 10 9 19 11 17 13 15 14 34
7 8 1 39 3 31 4 46 5 45 6 44 8 38 10 30 13 46 4 2 47 3 37 10 29 12 20 8 1 39 3 33 4 32 7 43 10 21 11 14 14 26 15 39 9 1 32 2 20 3 24 8 45 10 10 12 21 13 22 14 37 15 20 3 10 20 11 14 13 32 3 8 10 9 33 10 46 3 2 17 7 42 13 37
6 5 6 15 9 47 12 30 14 46 15 39 9 1 13 2 31 3 25 6 40 7 44 9 48 10 23 12 14 14 45 8 3 31 5 29 8 13 9 16 10 42 13 18 14 20 15 40 4 1 23 3 49 9 28 15 44 4 3 19 4 13 11 26 14 15 6 3 43 4 17 5 14 8 36 11 33 15 46
4 5 1 10 3 18 11 12 12 50 13 23 2 5 19 12 24 4 3 32 8 18 12 16 13 25 7 1 31 2 13 3 36 4 26 7 35 9 22 12 10
4 2 6 48 12 24 9 2 14 4 11 6 20 7 48 8 15 9 36 10 14 11 40 15 29 8 1 11 2 26 3 25 4 44 9 27 10 14 14 49 15 34 8 2 10 3 42 4 13 7 33 8 35 10 45 12 33 15 36
7 8 1 46 2 42 3 35 4 33 7 33 8 13 12 29 13 47 6 1 38 5 37 12 35 13 22 14 29 15 48 5 4 10 6 29 7 48 10 34 12 20 9 2 19 3 26 4 23 7 36 9 18 11 31 12 45 13 30 14 27 4 2 50 9 12 11 44 13 41 3 7 19 10 50 12 25 6 2 46 10 34 11 26 12 24 14 22 15 45
6 7 3 33 4 13 5 33 8 44 12 25 13 24 15 25 6 1 15 2 33 4 43 12 41 14 35 15 11 7 5 41 6 31 7 39 8 35 10 47 12 27 14 50 7 4 27 6 35 7 34 8 48 10 42 14 34 15 14 8 2 11 3 44 4 10 5 46 6 31 10 49 13 29 14 42 3 3 35 6 48 14 19
105 102 96 71 74 63 70 97 107 43 94 143 118 121 50 133 154 159 93 84 106 77 53 108 119
1 3 2 2 3 1 3 1 2 3 1 2 3 3 1
# Instance ID: 32
# Total operations: 155
# Actual flexibility: 0.362
# Generated: 2026-02-14 14:26:22
# Format: Extended Brandimarte for MOFJSP (Comparison Dataset)