50 25
5 11 1 42 2 23 3 27 4 40 5 24 8 36 16 27 19 36 20 18 23 32 25 41 9 1 27 5 13 6 21 8 21 15 27 18 36 19 32 21 19 22 36 11 4 32 6 26 7 47 9 42 10 25 13 45 14 26 16 46 19 38 21 13 22 10 5 5 30 12 39 14 25 15 14 19 22 13 3 22 5 36 8 16 10 48 11 23 12 36 14 44 15 14 18 28 20 30 21 27 22 46 25 16
6 5 7 38 8 46 9 35 12 14 22 50 5 3 24 6 27 12 30 16 23 24 28 15 1 35 3 16 5 21 8 44 10 27 12 25 13 41 16 24 17 18 19 17 21 30 22 40 23 14 24 36 25 18 4 14 43 19 24 20 25 23 37 15 1 21 2 47 3 35 4 15 6 40 7 47 8 20 9 40 10 22 12 39 13 16 16 19 17 25 22 48 25 17 14 2 25 3 38 4 32 5 17 6 30 7 24 8 40 9 38 10 39 11 14 16 44 19 22 21 15 25 35
8 14 1 19 2 37 5 45 9 50 10 12 11 35 13 16 14 25 16 24 18 35 21 50 22 33 24 32 25 12 10 2 23 3 21 5 42 8 23 10 19 11 33 12 39 13 13 14 19 22 22 13 3 48 6 42 7 47 10 43 11 31 13 39 14 32 15 34 18 18 19 48 20 19 23 40 25 18 4 3 43 8 12 9 27 10 20 9 3 27 4 42 5 24 8 25 9 48 10 27 18 34 19 16 25 49 4 5 45 18 49 20 14 24 46 15 1 24 2 19 3 12 4 35 6 12 9 43 10 40 13 31 14 21 17 24 18 24 22 17 23 29 24 12 25 42 5 2 17 3 28 17 35 19 34 25 30
5 7 3 49 12 23 16 43 17 30 19 16 21 37 23 21 11 2 31 3 33 4 45 5 31 6 42 11 41 12 44 13 25 22 24 24 32 25 20 11 1 44 4 27 5 17 7 25 9 17 12 47 13 38 14 33 15 20 16 49 22 13 9 1 44 3 47 4 33 16 22 17 12 18 11 20 43 23 14 25 29 13 2 23 5 25 7 43 11 47 12 22 13 37 14 25 15 24 16 25 18 29 22 27 24 23 25 45
3 8 7 26 8 29 10 45 18 19 20 23 21 33 22 37 23 33 9 1 42 2 18 6 29 7 12 9 30 10 48 11 15 13 21 20 31 14 2 26 3 11 5 10 11 41 12 46 13 41 15 46 16 49 17 16 18 20 21 14 22 33 23 22 24 28
7 5 3 21 11 28 14 28 19 35 20 19 9 5 10 8 48 9 17 12 21 16 37 18 16 21 50 22 14 24 15 3 14 11 17 36 18 39 12 2 10 3 24 6 37 7 28 13 45 15 24 17 50 18 36 19 36 20 44 23 32 25 35 5 2 12 5 47 6 45 17 32 22 32 10 1 36 9 38 10 21 12 21 14 49 17 19 19 29 21 48 23 41 25 42 12 1 45 2 10 3 21 4 23 6 35 10 34 11 16 12 30 13 26 17 12 19 13 25 41
5 9 2 33 4 23 5 44 7 23 10 41 15 31 16 44 22 19 24 47 10 1 20 5 17 6 30 8 21 10 42 12 29 14 30 21 29 22 32 23 35 14 1 49 3 43 4 35 5 22 6 50 7 26 8 31 10 42 11 50 12 14 13 18 14 36 20 47 22 17 10 1 14 2 50 3 15 10 48 11 12 12 29 16 42 22 18 24 45 25 30 14 1 12 2 35 3 13 5 33 6 24 9 10 11 13 15 13 16 22 20 12 21 16 22 29 23 50 24 30
5 5 3 29 5 21 10 31 22 33 25 15 8 3 32 7 37 8 38 12 34 13 35 14 36 16 36 17 11 15 1 37 2 28 4 15 5 49 7 34 8 15 9 41 10 40 12 20 13 34 16 19 17 12 20 40 21 28 22 14 14 1 15 2 49 3 44 5 39 6 13 8 41 9 50 10 44 11 21 13 15 15 10 18 21 20 16 21 12 11 3 17 6 25 8 40 10 50 12 41 17 28 18 26 21 23 22 13 23 10 25 32
3 5 2 31 5 44 12 17 14 16 20 34 9 3 44 5 18 7 37 8 40 16 17 17 33 19 25 23 32 24 33 5 4 20 7 30 14 30 20 44 21 14
4 14 3 21 5 36 6 49 9 19 10 42 11 22 13 13 14 32 15 24 17 41 18 17 22 21 23 48 24 23 14 2 46 3 17 4 48 6 10 9 45 10 15 11 38 12 49 17 32 18 12 20 22 22 15 24 36 25 12 14 3 40 5 44 6 21 9 46 10 14 11 10 12 14 13 43 14 44 15 34 17 50 20 15 21 37 24 21 9 1 50 6 33 9 13 12 45 16 26 18 49 21 43 22 30 25 40
6 4 16 14 22 38 23 39 24 10 10 1 19 2 13 3 13 4 14 5 20 10 10 15 19 17 44 21 31 23 43 10 1 42 2 48 6 35 7 48 8 18 9 50 12 44 15 26 16 49 19 48 10 4 23 7 35 8 22 9 36 13 23 15 16 17 33 18 28 19 26 25 14 6 1 33 13 20 20 27 21 36 22 32 24 16 15 1 30 2 43 3 40 5 42 6 35 11 31 14 11 15 24 18 21 19 28 20 28 21 46 22 36 23 39 24 20
8 9 2 41 5 30 13 32 15 26 16 33 17 44 20 33 22 48 24 20 7 5 11 10 20 14 50 16 44 17 46 18 33 23 40 5 3 18 5 46 8 27 13 49 24 32 12 3 22 6 23 8 22 9 27 10 22 14 38 15 10 16 29 19 12 21 23 24 45 25 12 4 1 35 7 47 9 33 24 18 4 4 44 12 48 17 40 23 13 11 1 35 4 19 8 31 13 15 14 34 15 36 16 11 19 10 20 37 21 26 24 21 13 1 21 5 11 6 38 7 34 9 49 12 32 13 20 15 46 19 11 20 11 21 46 23 13 24 16
4 12 3 42 7 39 8 22 9 46 10 26 11 26 13 40 15 12 16 28 18 26 19 45 21 23 11 1 30 2 29 4 40 5 26 6 23 8 20 14 46 16 44 18 50 19 36 21 20 4 1 25 6 10 17 23 21 39 3 2 35 11 26 21 22
7 15 1 14 2 10 3 19 5 23 6 15 8 24 9 32 10 36 11 44 14 13 17 44 19 39 20 24 21 50 24 50 13 2 26 5 37 6 20 7 50 8 36 10 38 11 23 14 22 17 25 18 37 23 30 24 46 25 19 6 4 17 6 45 17 10 18 39 19 29 23 16 3 1 13 6 46 23 27 5 9 19 12 11 15 31 17 41 18 21 7 1 37 5 18 13 15 16 29 18 13 23 25 25 45 13 2 26 3 41 7 47 9 36 10 40 11 28 12 17 14 28 16 30 18 41 20 16 22 14 24 19
5 15 1 35 2 26 4 38 6 46 9 10 12 41 14 14 15 40 16 17 17 33 20 12 21 10 22 19 23 43 24 13 8 2 14 3 44 5 50 8 21 11 44 15 27 18 40 22 15 15 1 24 3 41 4 30 5 36 6 18 8 13 9 15 10 11 12 25 16 42 20 33 21 15 22 42 23 24 25 41 15 3 27 4 46 5 26 8 15 9 32 11 36 12 40 13 25 14 44 17 28 20 28 22 21 23 39 24 40 25 25 6 1 39 5 21 6 27 7 45 8 43 12 29
3 4 9 49 13 18 14 34 20 26 14 1 44 3 18 4 26 5 22 8 28 9 25 12 31 13 42 17 16 18 37 19 30 21 21 22 18 25 43 12 5 26 6 35 8 10 10 12 13 28 14 12 15 29 16 32 17 42 19 49 23 48 24 47
3 9 1 38 2 27 3 49 8 10 10 17 15 30 16 12 18 37 20 18 4 3 38 4 33 13 14 25 34 14 1 11 3 39 5 22 7 37 8 25 10 42 12 30 16 37 17 36 18 47 19 40 21 42 24 27 25 42
6 6 1 47 2 15 8 42 11 35 14 42 23 11 8 5 15 13 15 14 38 19 19 20 30 21 16 23 30 25 40 9 1 14 8 50 9 14 10 37 11 23 12 12 13 44 15 19 25 22 7 3 17 8 15 10 32 12 10 21 11 22 16 23 42 4 1 50 18 33 21 49 25 17 3 1 19 16 25 25 40
4 11 2 47 4 14 6 10 7 24 9 45 10 43 11 48 14 11 15 13 18 50 25 19 15 1 43 2 19 4 31 6 21 8 49 11 34 14 26 16 28 17 36 19 27 20 17 21 42 23 32 24 38 25 41 11 1 29 4 19 6 19 8 31 9 38 10 44 16 44 20 14 22 33 24 12 25 20 4 4 36 6 18 21 10 23 15
6 9 8 33 9 35 11 16 13 49 15 31 19 23 21 15 22 41 25 21 6 3 24 9 43 11 46 13 19 14 11 23 24 12 2 14 4 49 6 37 7 23 9 42 12 42 13 24 16 11 17 12 18 22 22 44 24 30 13 5 45 7 11 8 24 9 18 10 40 12 34 14 41 15 26 16 28 17 29 19 40 24 32 25 19 10 1 29 3 24 4 48 7 16 11 17 16 31 21 42 22 46 23 12 24 45 10 2 23 3 14 4 39 7 16 10 24 12 38 13 35 14 10 23 20 25 21
5 4 6 11 9 32 23 34 24 29 13 4 22 7 14 8 11 9 18 10 14 11 29 12 50 14 32 17 16 20 44 22 34 23 33 24 35 15 1 10 2 41 3 33 5 29 7 42 8 29 10 22 12 40 14 30 16 50 18 50 21 38 22 49 23 19 24 42 11 2 43 5 40 7 48 10 32 11 37 12 17 14 22 15 47 17 12 19 12 21 11 10 1 32 4 17 6 10 8 44 10 23 12 19 15 19 17 41 18 32 23 18
6 5 2 50 6 27 10 36 24 23 25 14 7 3 14 8 16 10 41 11 37 13 13 16 21 25 16 15 1 29 2 16 3 42 5 32 6 26 9 45 10 40 13 42 15 15 16 35 17 29 18 41 19 16 20 13 24 34 4 5 50 6 14 10 39 12 45 7 2 26 3 21 8 46 9 17 10 37 11 40 20 25 5 6 31 9 10 10 48 17 30 24 49
8 9 1 14 3 20 10 42 14 26 15 27 18 35 20 15 23 10 25 37 3 5 18 11 13 13 35 12 4 11 6 32 7 50 8 44 10 16 12 41 13 22 14 16 15 24 17 21 18 25 21 36 13 1 15 3 35 4 38 5 43 6 44 8 34 9 22 17 44 19 17 21 21 23 14 24 49 25 42 5 2 25 3 46 14 50 19 37 21 38 12 1 34 2 45 3 38 6 41 8 12 10 17 11 38 12 46 13 22 16 17 22 26 23 37 14 2 43 4 22 5 49 8 35 9 27 10 34 11 24 12 33 13 28 15 41 16 48 20 11 22 48 24 24 6 1 12 3 28 7 24 19 37 20 46 21 35
3 8 1 14 9 46 11 36 14 47 15 35 21 34 22 27 23 45 14 3 47 4 28 6 31 7 46 8 46 10 40 11 34 12 21 13 33 14 18 15 47 16 19 20 12 25 15 11 1 33 3 39 6 29 8 19 10 30 14 31 15 46 16 50 21 10 22 19 23 27
3 11 1 43 5 30 6 50 7 25 8 27 11 18 13 27 17 28 21 30 22 33 25 17 5 9 35 15 16 17 49 21 16 22 37 13 1 12 2 25 3 17 7 33 8 26 9 43 11 50 13 28 14 17 15 28 21 30 23 29 25 45
7 4 10 38 18 27 23 32 25 16 10 2 41 9 31 12 40 13 48 16 19 17 41 18 13 19 22 20 10 23 44 7 1 44 10 50 13 31 16 13 19 46 23 21 24 34 14 4 29 6 33 7 19 8 22 10 32 12 35 13 30 14 27 17 41 19 32 20 47 21 39 23 43 24 27 11 5 36 7 44 8 41 10 40 11 34 13 44 16 47 17 19 20 30 22 26 25 19 12 1 18 3 29 5 38 6 24 8 50 9 13 10 29 12 17 13 40 15 27 23 46 25 40 10 1 47 3 48 7 46 8 41 12 43 13 40 14 33 16 31 18 34 24 22
7 14 1 28 3 26 4 46 5 47 9 25 10 16 11 44 13 47 14 36 18 44 19 25 21 13 23 19 24 16 12 2 38 4 47 9 35 10 12 11 39 13 11 14 31 15 12 18 14 19 45 22 44 23 13 5 5 23 7 36 11 37 15 43 19 40 13 2 50 3 13 4 28 5 20 6 26 8 17 9 34 11 22 12 28 13 50 15 24 16 27 25 33 10 4 11 7 19 8 30 9 30 13 26 15 38 17 27 18 50 19 34 22 31 3 6 29 7 44 22 17 11 1 30 6 26 7 22 8 32 9 20 11 41 15 49 16 19 19 48 22 46 24 35
5 8 2 37 4 25 6 11 8 47 9 11 10 44 12 23 16 44 10 5 16 7 10 9 42 10 12 11 44 17 19 21 46 22 24 23 43 25 38 14 1 23 2 15 3 29 4 21 5 12 6 33 7 28 10 17 11 12 14 33 15 49 17 19 19 43 20 27 11 1 49 2 46 5 31 7 22 10 49 14 46 15 37 18 48 19 44 20 10 22 49 3 9 33 17 35 25 19
8 14 1 43 3 28 4 28 6 29 8 10 9 27 10 14 11 22 12 16 14 33 18 34 22 12 24 49 25 16 14 2 42 3 33 4 17 5 47 6 16 7 19 10 14 11 42 13 21 17 14 18 34 20 11 22 42 23 41 12 1 34 3 49 6 43 8 43 10 48 13 19 17 14 19 33 20 48 22 29 23 50 25 21 6 6 27 7 15 14 24 15 33 20 34 25 33 6 2 39 5 24 7 16 9 33 11 44 21 45 14 2 35 3 40 4 39 5 43 6 15 7 48 10 26 11 40 14 28 17 27 19 40 21 22 23 24 24 36 9 1 46 5 26 8 10 9 46 10 28 11 49 15 18 19 18 21 34 13 3 25 4 48 8 11 10 22 12 26 13 47 15 12 19 30 20 27 21 16 23 11 24 44 25 46
4 5 5 18 7 44 8 11 13 43 17 33 11 4 31 7 31 10 15 11 38 12 37 16 34 18 25 20 50 21 18 22 47 25 26 14 5 19 6 48 7 24 8 46 9 34 11 45 12 11 13 44 15 25 16 33 19 27 22 46 23 12 24 44 9 7 34 8 16 11 28 14 20 18 12 19 30 20 24 22 25 25 28
6 3 13 42 18 23 25 47 6 7 30 18 10 20 32 22 31 23 32 24 10 13 1 32 5 30 7 38 8 14 9 18 10 35 16 26 18 24 21 12 22 17 23 33 24 11 25 25 13 4 42 6 41 7 22 8 26 9 30 10 19 12 37 14 19 15 21 20 50 21 16 22 12 24 36 14 3 50 5 29 7 39 9 37 10 43 12 38 14 28 16 38 17 32 18 34 22 41 23 18 24 36 25 47 9 2 46 7 38 8 23 9 40 16 45 18 16 19 29 21 13 23 22
5 14 2 35 3 47 5 15 7 24 9 38 14 19 15 41 16 33 17 35 18 29 19 37 21 17 22 28 24 50 13 1 33 2 28 4 48 5 37 9 17 10 13 11 23 12 36 13 49 14 38 21 40 24 35 25 45 5 13 32 18 32 19 22 23 21 24 50 12 3 22 5 43 7 32 8 35 10 27 13 48 16 22 17 16 18 34 21 23 22 41 23 12 15 1 37 3 47 4 46 5 22 6 50 7 15 10 14 11 41 15 36 16 37 17 30 18 27 20 30 21 11 24 30
7 5 4 32 5 38 17 26 18 27 21 27 6 2 17 3 24 7 29 11 27 17 43 22 23 11 1 15 5 14 9 39 10 15 14 23 15 32 16 48 20 27 22 44 24 36 25 42 9 1 33 2 26 3 22 9 27 10 48 12 29 13 14 19 13 20 22 8 5 36 6 21 11 35 12 15 14 34 18 26 19 49 25 40 11 2 37 7 18 11 40 13 12 14 20 15 21 19 35 20 12 21 34 22 40 23 19 11 3 18 4 37 5 25 7 12 8 12 10 45 11 21 18 42 21 20 23 48 25 31
6 11 1 15 4 16 7 44 10 34 11 23 15 17 16 26 19 39 22 16 24 33 25 44 12 1 22 2 50 4 44 5 31 6 39 8 44 14 10 19 20 20 43 21 13 23 15 24 21 11 4 41 6 23 8 38 9 43 10 20 11 24 13 41 17 43 18 13 20 17 23 34 4 4 50 5 15 14 15 18 17 8 2 42 7 42 10 14 11 15 14 27 16 36 19 23 21 35 8 3 28 4 10 13 25 16 37 19 29 21 13 24 34 25 21
7 7 1 10 4 23 6 14 13 26 14 46 15 26 17 46 14 2 23 3 34 5 43 6 24 9 16 12 28 13 23 14 47 15 20 17 14 19 41 22 45 23 22 24 10 8 3 22 5 43 8 23 12 19 13 34 16 22 17 16 18 48 9 3 17 5 32 7 36 11 22 12 26 16 26 21 41 22 27 23 45 14 2 43 3 43 5 19 6 49 8 42 9 25 13 28 14 28 15 43 17 45 18 25 19 41 20 32 23 15 15 3 49 4 31 8 45 9 40 10 12 11 26 12 41 13 28 14 39 15 17 16 18 18 29 20 44 23 22 25 27 7 3 30 6 40 7 42 12 10 19 25 23 14 25 49
6 3 5 20 14 10 17 38 8 3 22 5 29 9 31 10 24 12 26 17 32 23 20 25 29 12 1 22 3 40 7 48 11 39 13 36 15 21 19 48 20 28 21 36 22 35 23 16 25 50 15 2 10 4 34 5 26 8 46 9 30 10 16 11 18 12 19 14 32 15 29 17 27 19 47 20 40 21 13 22 34 6 7 46 10 43 13 50 20 17 21 44 24 18 15 1 35 2 30 3 13 4 25 5 33 6 10 12 28 14 46 15 34 16 48 17 21 19 46 20 32 22 18 23 42
4 14 1 11 5 24 7 44 8 24 11 11 12 26 14 31 15 35 16 37 17 50 18 32 21 22 23 25 25 15 4 3 47 5 20 19 44 23 33 15 2 30 3 16 4 45 5 44 6 47 7 49 8 46 10 10 14 27 18 33 20 14 21 18 23 15 24 10 25 17 14 1 11 3 33 8 48 9 41 10 23 11 41 12 49 14 14 15 20 16 25 17 14 19 13 20 50 21 10
5 6 8 50 13 17 14 11 20 27 22 50 24 24 15 3 24 4 41 7 16 9 45 11 30 12 37 13 37 14 20 15 34 16 41 18 12 19 33 21 14 23 48 24 18 6 6 23 7 44 9 32 13 11 16 47 21 48 12 1 38 4 21 5 30 7 47 10 24 12 25 13 25 14 45 16 15 17 35 18 42 24 13 11 2 24 3 45 7 32 8 18 11 10 16 23 19 42 20 23 22 27 24 16 25 40
6 6 1 41 5 44 11 10 16 50 18 46 22 37 11 8 41 12 19 14 25 15 32 17 16 18 31 19 34 20 39 22 28 24 35 25 37 7 1 34 3 22 14 13 16 48 17 25 20 34 22 11 7 1 38 3 29 4 43 5 28 14 49 23 41 24 48 8 1 50 4 23 6 10 10 24 11 25 20 30 21 20 23 30 4 3 30 10 30 22 10 25 25
8 6 6 29 12 28 17 43 19 31 22 35 24 29 3 1 17 3 44 10 31 14 1 25 2 13 3 44 4 18 7 39 9 38 10 18 11 19 14 23 15 25 16 17 18 25 19 30 23 38 6 6 30 10 41 13 33 14 23 19 11 20 29 11 1 46 2 13 4 17 9 34 10 12 13 48 16 25 21 32 22 16 23 44 25 31 5 2 22 9 48 12 17 16 29 18 45 11 2 12 3 49 6 34 9 32 14 22 16 46 18 24 21 46 22 38 23 21 25 29 5 6 43 12 29 14 20 21 39 24 45
3 10 4 36 10 15 12 38 13 10 14 29 15 45 16 30 21 29 24 23 25 33 14 1 27 3 20 4 32 5 44 6 27 11 33 12 19 14 16 16 28 17 47 20 40 23 35 24 41 25 18 9 1 15 3 24 5 30 7 27 13 15 16 37 19 18 20 39 22 22
8 4 4 44 9 11 18 24 25 26 3 3 33 11 20 18 46 10 2 38 8 34 10 23 11 10 12 45 15 30 17 16 19 12 21 40 24 48 11 1 15 4 39 7 14 9 19 10 33 11 39 12 49 17 25 19 44 24 45 25 50 8 2 22 4 35 6 39 7 12 14 25 15 38 20 48 24 37 6 7 27 9 21 15 47 16 32 21 10 24 36 9 1 47 4 45 13 11 14 44 17 44 18 29 20 30 22 16 25 32 8 1 33 2 45 7 23 9 28 13 17 15 23 22 36 24 23
8 7 2 45 4 40 5 36 19 48 22 27 23 15 25 43 13 2 28 3 21 4 29 6 24 10 44 11 28 12 29 13 43 18 33 19 44 20 43 22 37 23 45 9 2 10 3 25 5 20 6 21 7 22 8 50 15 41 20 14 25 29 5 10 43 15 14 17 34 18 23 25 13 12 1 18 2 14 5 12 8 16 11 37 12 16 15 36 17 42 19 41 20 34 22 26 24 25 10 3 38 8 49 10 49 11 31 14 27 17 25 19 48 20 19 21 17 24 42 13 1 43 5 10 6 30 7 27 9 25 10 32 11 15 13 31 14 13 16 17 18 17 21 22 23 20 10 3 41 5 21 6 43 12 22 18 25 19 32 20 41 21 44 24 27 25 21
3 7 4 17 12 41 14 14 15 29 18 45 21 24 23 46 10 1 19 2 36 6 30 7 30 11 30 13 46 18 18 21 24 22 47 24 42 15 2 46 4 48 8 32 9 30 10 19 11 19 12 32 14 34 15 15 17 44 19 12 20 50 22 40 23 47 24 38
8 5 10 43 14 29 17 14 19 29 22 41 7 2 50 5 21 6 12 13 16 15 22 18 38 19 13 5 15 50 16 30 18 37 20 17 21 13 15 2 11 5 22 6 17 8 40 9 39 10 47 11 16 12 46 14 48 15 28 17 15 19 25 21 46 23 31 25 35 3 13 39 17 32 22 23 9 1 15 4 41 6 13 12 39 14 47 15 16 17 41 22 22 23 29 13 1 34 2 44 5 29 6 23 7 29 8 41 9 50 10 35 11 36 13 20 16 44 19 45 21 40 4 4 35 10 19 18 36 22 34
6 4 14 36 18 28 23 22 24 12 3 5 24 9 23 12 22 9 4 36 8 50 11 21 12 50 15 47 16 12 20 41 23 39 25 22 3 3 37 6 45 12 47 13 5 35 7 26 8 10 9 26 11 29 13 22 15 18 18 23 19 41 20 49 22 20 23 26 24 33 10 1 26 4 43 5 16 9 33 10 14 13 49 19 12 21 24 24 37 25 32
6 7 2 12 3 27 5 50 9 36 16 21 21 27 22 50 6 6 41 16 50 17 40 19 46 20 22 22 47 4 5 46 6 47 15 43 21 25 14 2 12 4 11 6 49 8 16 11 44 13 18 14 30 15 35 16 15 18 20 20 43 21 18 24 48 25 32 8 2 36 3 39 4 25 5 38 12 16 13 48 19 38 20 33 7 12 11 13 48 15 25 16 45 20 20 21 13 22 18
6 3 4 45 15 19 24 32 6 9 41 12 49 18 40 19 44 20 22 25 37 3 6 31 17 34 25 10 3 13 20 21 10 25 14 3 9 34 13 23 25 39 12 1 35 2 42 4 29 10 15 11 11 12 24 13 22 15 40 19 45 22 44 23 12 24 15
3 7 2 21 9 20 10 11 13 20 16 38 18 31 25 19 6 2 46 4 39 15 42 16 47 17 35 21 30 11 1 47 3 12 5 48 7 12 8 30 12 47 16 36 17 17 22 44 23 12 25 43
8 13 1 26 4 40 7 29 8 44 9 49 11 15 14 38 15 13 16 36 17 41 19 30 23 31 24 23 11 1 36 2 29 6 10 7 13 10 21 15 48 18 41 20 18 21 38 23 39 25 47 15 2 27 3 32 4 13 5 22 6 43 7 26 12 21 13 31 15 39 18 47 19 37 20 32 21 20 23 34 25 11 10 4 36 6 48 8 21 12 16 15 26 16 37 18 37 19 12 24 27 25 31 3 14 27 20 35 24 37 6 14 35 17 32 21 16 22 45 24 37 25 23 11 1 25 4 41 7 48 8 26 13 27 16 23 17 40 20 36 21 37 24 19 25 34 12 1 44 6 30 9 45 11 36 13 45 14 34 15 34 16 19 17 29 20 15 21 21 22 14
63 118 154 83 40 119 89 74 43 77 79 144 76 116 80 41 44 88 65 82 91 93 120 53 42 88 95 91 147 66 81 63 95 72 132 72 73 70 99 152 54 105 144 36 111 87 86 97 40 105
1 1 1 1 2 2 1 3 1 3 3 2 3 3 3 2 3 2 1 2 1 3 2 1 3
# Instance ID: 70
# Total operations: 278
# Actual flexibility: 0.368
# Generated: 2026-02-14 14:26:22
# Format: Extended Brandimarte for MOFJSP (Comparison Dataset)