75 25
6 11 5 14 6 45 10 49 11 49 13 12 14 42 17 44 18 39 19 30 22 34 25 40 7 2 17 4 35 8 34 12 28 13 20 19 23 23 26 6 1 41 5 50 13 43 19 33 21 49 23 43 5 3 14 10 27 17 45 20 13 24 25 3 4 31 10 29 13 22 9 3 29 4 16 5 39 8 13 9 13 14 16 16 25 21 41 25 24
8 5 6 12 7 31 8 27 9 36 18 45 6 9 27 14 34 15 32 18 13 21 44 25 30 5 11 35 12 28 17 22 21 42 25 20 9 2 32 7 36 10 28 14 17 15 35 16 37 21 33 22 39 25 14 5 2 28 8 31 14 45 18 30 23 47 10 2 11 7 19 8 31 11 36 12 45 14 41 16 25 18 26 19 46 25 46 6 6 10 7 49 15 42 16 15 19 23 25 38 10 2 38 9 46 10 14 12 36 13 18 17 15 18 44 20 48 21 41 22 20
4 11 1 30 3 35 4 14 6 27 10 16 12 43 13 49 14 26 20 31 24 11 25 22 13 1 20 3 41 4 40 5 42 7 41 8 20 9 11 11 30 18 12 19 15 22 15 24 14 25 26 3 7 36 8 43 12 47 4 1 39 12 26 21 27 23 21
5 3 3 44 15 21 17 41 3 8 44 22 41 23 34 14 1 15 2 17 3 30 6 48 8 13 10 25 11 12 13 23 14 33 15 33 16 24 19 20 20 13 24 42 11 4 39 6 21 7 34 8 44 12 39 15 11 16 12 18 16 19 30 21 45 24 22 9 1 18 2 11 6 21 8 41 9 33 13 15 14 16 17 10 21 31
5 7 4 33 8 35 9 41 14 12 15 10 19 21 21 44 11 1 44 5 23 7 17 8 43 9 29 14 50 16 25 19 30 21 20 23 39 24 35 14 1 44 3 36 4 28 5 30 7 20 9 17 13 49 16 39 18 19 19 16 20 26 21 22 23 31 25 38 5 4 17 7 11 10 13 19 26 21 33 8 2 24 4 29 5 21 7 41 14 24 17 29 19 42 22 17
4 3 5 31 15 46 16 34 8 5 32 6 11 9 33 19 14 20 49 22 29 23 47 25 10 3 2 24 6 36 11 37 8 6 33 8 26 10 30 11 37 16 47 18 40 20 47 24 19
8 7 4 27 5 25 9 38 14 13 18 37 21 49 23 24 8 1 20 2 21 5 13 7 32 11 38 14 35 16 40 20 22 14 1 17 2 44 6 21 7 14 10 23 11 26 12 12 15 15 16 20 18 12 19 40 20 41 23 35 24 43 6 10 18 16 30 18 22 19 41 23 44 24 19 5 7 39 12 22 14 12 17 16 19 14 9 1 18 2 36 5 23 11 11 14 23 16 19 20 45 21 18 23 23 4 3 31 4 48 15 33 24 24 5 4 32 5 33 8 35 16 26 22 26
7 11 1 20 2 38 3 15 4 17 5 33 11 49 14 22 15 45 17 38 23 33 25 39 11 1 16 3 23 4 49 5 31 6 49 12 11 15 40 16 27 19 46 22 21 24 35 6 3 31 10 35 12 23 16 35 17 36 25 38 14 2 40 4 36 5 17 6 31 9 18 11 11 12 48 14 25 16 19 17 17 18 40 20 14 22 21 23 21 9 1 19 7 46 10 16 11 38 19 35 21 37 22 18 23 45 24 11 8 1 17 10 31 12 50 13 17 16 33 23 11 24 50 25 46 3 12 40 20 36 25 20
6 6 1 41 3 16 5 20 10 42 20 21 21 21 8 1 40 7 19 10 14 13 42 14 14 15 11 17 35 22 49 10 1 28 2 38 4 40 7 25 17 32 18 21 19 46 21 11 22 17 25 33 15 1 39 2 47 3 42 5 46 6 17 7 21 13 25 14 11 15 12 17 24 18 11 19 32 20 35 22 11 24 44 7 1 44 8 40 9 27 17 30 20 10 23 37 24 21 3 13 25 15 33 21 22
5 3 1 48 18 29 20 50 7 3 13 4 22 5 12 8 46 11 42 14 29 21 41 10 1 44 4 23 7 17 9 43 17 35 18 41 19 13 22 22 23 18 24 30 9 6 32 8 30 9 23 10 26 15 18 16 41 18 20 19 21 22 31 11 2 40 3 34 5 44 6 16 11 36 15 15 18 50 20 49 21 12 23 17 24 39
7 6 9 50 15 31 17 45 19 21 20 17 24 41 11 2 13 3 32 5 35 6 38 10 13 12 28 15 21 19 41 20 35 21 44 25 45 14 1 12 2 26 5 27 7 20 8 18 9 48 13 23 15 49 16 21 17 44 19 43 21 30 23 23 24 27 15 1 10 2 35 3 50 5 16 6 47 7 11 8 43 9 32 11 43 15 11 18 18 20 35 22 10 23 24 25 21 7 1 46 4 27 6 41 9 36 12 47 16 44 23 25 6 3 33 4 41 5 28 6 48 16 49 17 12 6 2 19 5 28 7 16 9 22 13 41 14 41
4 7 8 14 13 14 15 32 18 48 19 43 20 16 24 48 14 4 28 5 27 8 29 10 47 11 36 12 20 13 44 17 11 19 27 20 40 21 15 22 40 24 13 25 25 7 2 25 8 44 12 21 15 46 17 41 20 42 25 20 14 3 27 4 35 5 28 8 24 10 36 11 27 12 43 13 13 18 32 19 39 20 48 21 22 22 32 24 47
7 12 1 26 3 20 4 29 5 42 7 24 9 43 12 43 14 37 15 32 17 46 22 39 23 46 8 2 28 3 38 7 14 16 30 21 29 22 48 23 37 25 19 4 3 35 7 49 17 40 20 26 9 3 42 5 47 8 13 9 42 10 47 11 17 14 14 16 14 17 28 10 2 22 3 22 8 23 9 48 10 30 11 50 13 41 17 29 20 38 22 20 4 10 50 15 13 16 38 22 35 3 3 35 18 16 25 36
3 11 3 40 4 24 7 11 9 32 10 18 13 20 17 22 18 48 19 24 20 31 24 19 14 1 46 4 47 5 33 6 22 8 47 9 21 10 31 11 16 13 14 15 35 16 23 17 43 18 45 23 43 3 11 45 12 30 18 14
5 12 1 28 4 15 5 39 7 23 8 30 9 26 15 27 17 33 20 14 21 39 23 21 25 21 3 4 15 22 33 24 33 9 4 31 6 46 10 42 11 35 13 11 16 50 17 35 19 42 20 46 13 1 41 2 26 4 13 5 21 7 44 12 10 15 28 16 43 17 18 18 28 21 19 22 10 25 12 4 12 33 14 24 16 49 23 31
4 10 3 27 6 39 9 10 11 45 12 14 18 37 19 12 23 34 24 18 25 44 10 3 29 7 25 11 14 12 21 13 20 15 13 17 12 19 40 23 23 25 47 6 3 12 11 35 16 41 17 37 21 39 23 44 15 2 12 3 38 4 20 5 34 6 48 7 34 9 24 10 11 12 39 13 46 14 26 15 35 16 12 17 33 25 20
6 4 2 42 4 29 5 39 15 49 3 2 42 22 45 25 49 15 2 28 4 48 8 34 9 37 11 34 13 16 14 36 15 47 16 36 17 17 19 44 21 40 22 32 23 48 24 29 12 3 24 7 42 8 16 10 50 12 11 14 42 17 41 20 28 21 25 22 27 23 49 24 50 13 1 10 3 46 5 50 7 21 11 35 12 46 16 45 17 24 18 13 20 13 21 30 22 34 25 27 3 5 47 8 21 23 43
8 12 3 31 4 31 7 25 9 44 13 24 14 14 15 20 16 18 19 33 20 26 21 42 22 26 13 3 43 6 16 7 28 8 50 12 14 13 32 14 46 15 25 18 14 20 35 21 23 23 45 25 45 13 1 43 3 37 4 21 6 32 10 42 14 22 16 13 17 42 18 35 20 48 21 32 22 46 24 37 6 1 14 7 31 10 26 12 35 19 50 23 24 15 1 20 2 45 3 36 4 23 5 21 6 47 8 38 11 15 12 47 14 50 16 45 17 12 18 45 20 31 22 13 7 5 50 8 40 12 36 14 20 18 28 21 46 22 12 13 1 16 3 46 7 11 9 35 11 18 14 22 15 24 17 43 19 22 20 44 23 24 24 44 25 36 12 1 44 4 22 6 18 9 27 10 40 12 32 14 22 16 49 17 39 20 25 23 44 25 38
4 14 1 24 2 30 3 37 4 27 5 16 7 26 9 34 16 33 17 21 19 26 20 45 21 50 22 35 25 44 7 2 26 3 39 7 32 13 25 17 43 19 27 21 37 10 8 33 9 50 10 30 13 12 14 10 15 48 17 41 18 19 21 45 23 25 15 3 28 4 46 7 27 9 28 10 22 11 32 12 21 14 32 15 19 16 17 17 32 21 44 22 13 24 31 25 27
6 3 3 37 5 39 22 50 8 3 23 6 26 9 44 10 50 15 31 19 24 20 17 21 33 13 1 25 2 41 4 35 5 47 10 11 11 21 12 32 15 16 18 44 20 47 21 47 23 14 25 12 15 5 44 6 31 7 44 8 35 9 13 11 16 12 27 13 46 14 16 15 32 17 10 20 20 22 43 23 19 25 48 14 2 23 3 17 4 49 6 38 13 37 14 48 16 26 18 28 20 50 21 43 22 46 23 14 24 47 25 38 11 1 34 3 39 4 36 11 10 12 37 16 48 18 17 20 18 22 25 23 49 24 17
8 10 1 41 7 38 9 29 13 13 14 50 15 41 16 21 20 26 21 29 23 45 11 1 24 2 46 4 46 5 15 9 12 13 27 15 22 16 25 17 12 18 23 23 17 14 2 43 3 30 4 19 6 24 7 28 9 50 10 24 11 44 14 33 16 34 18 18 20 48 22 48 25 34 11 2 18 3 25 7 29 9 32 11 41 13 39 14 27 15 41 17 38 22 28 23 21 7 2 41 3 14 12 48 13 16 15 21 19 25 22 38 6 1 32 3 27 4 43 15 23 17 15 25 20 5 15 14 16 33 17 43 18 46 19 44 3 7 24 13 43 19 47
8 12 2 22 8 26 12 10 15 38 17 37 18 14 19 11 20 47 21 43 23 27 24 22 25 49 6 1 25 6 26 7 23 13 32 15 25 17 24 13 1 33 2 12 4 42 5 14 6 17 10 36 11 20 12 39 13 32 14 46 15 40 18 18 19 43 3 3 28 17 11 24 23 15 1 39 3 18 4 27 7 12 8 24 9 33 10 24 11 20 13 18 14 21 15 32 16 18 18 23 20 10 24 24 8 2 26 3 15 6 20 7 13 10 11 12 25 15 46 24 28 13 1 49 3 41 5 39 9 16 10 20 11 44 12 32 15 32 16 41 20 13 21 10 23 38 25 20 14 3 34 4 50 7 39 8 10 11 44 12 23 14 47 16 27 17 34 18 48 19 28 23 28 24 46 25 47
4 7 1 28 3 21 15 13 19 30 22 25 23 22 24 23 7 3 16 7 37 8 50 11 11 12 36 13 20 15 49 3 1 43 23 42 25 31 4 10 34 16 22 20 31 22 12
7 5 3 47 6 35 13 35 21 50 25 12 10 1 21 2 47 6 46 9 39 12 47 15 30 17 44 22 19 23 31 24 23 3 3 29 5 34 22 34 11 1 28 7 42 8 17 9 33 11 47 12 36 14 22 15 32 17 13 22 22 25 14 13 1 10 2 14 4 24 5 11 8 31 9 10 11 50 15 50 17 28 18 34 19 39 23 21 25 38 15 1 12 3 42 4 10 6 12 7 25 8 14 9 28 10 34 14 45 16 28 18 34 19 18 21 32 22 12 25 48 6 11 49 12 18 13 50 16 27 20 24 21 14
7 13 3 18 4 36 5 33 7 13 8 42 9 37 11 16 13 37 14 14 16 11 19 18 21 47 25 23 10 1 21 2 18 3 36 12 32 16 25 17 48 19 38 21 27 22 36 24 50 5 5 23 9 44 11 13 20 25 22 37 10 4 45 9 49 11 23 13 37 15 24 17 36 21 16 23 39 24 21 25 20 15 1 48 2 11 5 33 6 50 8 19 9 12 12 38 13 44 14 16 15 49 16 16 17 17 22 32 24 22 25 23 14 1 18 3 37 4 28 5 13 7 48 10 19 12 40 14 36 16 50 17 21 18 44 20 41 23 40 24 34 6 8 20 11 14 17 49 19 35 20 23 23 33
8 5 1 23 5 23 12 41 16 32 25 15 7 2 19 4 17 6 10 9 14 16 30 24 12 25 28 14 2 45 6 48 8 30 9 18 10 21 12 32 13 14 14 19 15 45 16 30 19 12 21 29 22 37 23 33 3 5 19 21 12 24 45 10 1 40 3 31 7 24 8 34 10 25 13 31 14 24 19 15 21 48 22 13 12 5 37 8 26 10 18 11 29 12 40 13 34 15 23 16 23 17 42 18 38 19 48 25 33 14 3 15 4 43 5 28 6 31 9 18 12 28 13 20 15 18 16 34 18 13 19 49 21 10 22 45 24 29 9 1 47 4 44 5 21 6 47 11 34 15 32 16 20 22 49 25 26
7 15 3 34 4 11 5 41 6 40 8 45 10 30 12 37 14 20 16 30 17 30 18 35 21 29 23 33 24 40 25 38 9 1 21 4 26 6 11 10 25 11 50 14 30 15 10 18 12 22 29 7 5 33 9 45 11 39 12 12 13 29 14 16 20 48 7 3 20 7 20 11 40 18 37 19 36 22 50 23 27 7 4 31 6 30 10 39 16 31 17 41 19 48 25 17 4 4 39 12 42 17 11 25 48 8 1 24 6 37 12 49 14 40 15 27 17 41 19 33 24 26
3 14 1 11 3 11 4 19 6 30 8 46 9 49 12 36 14 41 17 20 18 41 19 19 20 49 21 21 22 49 4 2 40 3 11 7 29 24 10 7 1 22 9 43 10 12 12 40 14 10 15 41 19 16
8 10 2 15 4 26 9 18 11 32 13 29 15 43 18 39 21 19 22 40 23 25 10 1 49 5 38 6 23 7 45 9 26 12 30 13 14 15 32 17 15 21 46 12 2 37 3 14 6 24 7 36 8 45 9 29 10 40 12 40 13 16 16 32 17 30 21 23 12 1 20 2 17 4 49 5 46 6 28 7 38 8 39 9 24 13 41 17 26 18 21 20 16 7 1 16 7 49 8 21 10 38 14 50 16 17 24 44 6 1 31 7 48 11 24 16 46 20 38 25 17 14 1 30 5 15 7 25 10 15 11 29 13 31 14 37 16 39 17 39 18 33 20 16 23 10 24 25 25 18 5 15 30 19 15 22 12 23 50 25 36
8 5 2 19 11 23 12 37 18 11 21 41 10 1 28 3 39 4 40 5 48 6 36 10 10 11 11 19 21 21 38 23 17 8 1 47 5 30 7 30 13 16 20 39 21 47 22 10 23 24 13 2 38 3 47 4 48 8 45 9 33 10 24 11 40 12 50 13 31 14 11 17 22 19 10 20 14 7 2 40 4 11 7 13 8 41 19 34 24 24 25 30 10 1 50 4 41 5 45 8 47 13 39 14 11 16 46 18 10 21 38 22 10 4 3 38 11 39 15 36 24 34 3 2 28 4 32 14 40
6 6 1 42 7 17 11 38 13 30 18 13 19 13 12 3 36 5 49 7 46 8 32 10 11 11 42 13 21 14 23 15 13 17 14 23 46 25 35 14 2 24 4 46 5 33 7 18 8 44 9 28 11 17 12 32 13 46 16 46 17 36 19 42 21 34 23 22 14 1 39 4 36 5 15 6 40 8 30 9 10 10 44 12 25 14 15 18 27 20 42 21 40 24 19 25 27 6 4 40 11 32 12 18 13 27 15 46 18 46 11 1 33 3 13 5 49 7 40 8 19 13 33 15 34 18 39 19 20 21 35 23 43
7 14 1 45 2 38 3 45 5 37 6 19 10 36 13 22 14 23 15 37 18 30 20 35 21 31 22 34 25 34 9 4 30 5 43 6 40 8 37 13 16 19 17 21 48 22 23 23 33 15 2 31 4 25 5 24 6 45 7 17 9 22 10 10 11 10 13 47 16 31 17 35 19 45 20 43 23 36 24 36 8 4 10 6 49 8 12 15 12 16 10 17 17 19 36 22 30 4 1 43 6 27 17 12 22 43 4 5 42 13 34 18 10 19 39 13 1 37 2 13 6 47 7 14 9 35 11 17 12 46 13 35 14 30 18 33 19 31 22 40 25 45
8 13 5 20 7 36 10 38 11 17 14 43 15 39 16 20 17 11 19 29 20 34 21 30 22 49 24 28 12 1 37 2 30 7 36 8 24 10 43 13 50 14 32 18 28 20 37 21 49 23 19 24 21 3 14 36 19 29 24 11 11 4 23 5 19 7 11 8 46 11 27 12 19 15 21 17 35 22 20 23 34 25 18 12 3 16 5 31 9 30 10 20 13 21 15 25 16 32 18 48 20 17 21 37 22 28 25 17 13 3 27 5 43 6 50 7 32 9 40 10 26 12 50 14 44 15 47 19 23 20 17 23 18 25 43 5 9 42 15 23 17 10 22 13 25 40 6 6 16 7 46 8 28 10 26 16 50 18 14
3 15 1 37 3 32 4 10 6 32 7 18 8 25 11 17 13 13 15 24 17 17 19 41 22 24 23 12 24 22 25 25 5 3 50 7 45 10 14 14 38 17 47 14 2 20 3 25 4 42 5 26 6 49 7 14 9 13 11 48 14 44 16 17 19 12 22 26 23 46 24 33
6 10 1 11 6 21 7 42 8 42 10 38 11 21 14 20 16 45 19 37 22 18 12 2 50 4 17 6 21 7 42 8 11 9 44 11 31 12 29 13 40 14 13 18 38 24 31 5 1 33 3 17 14 25 17 13 19 30 15 3 20 4 10 7 23 9 47 11 37 14 34 15 22 18 29 19 31 20 25 21 17 22 36 23 22 24 21 25 14 12 4 31 5 31 6 26 11 25 13 30 15 13 17 36 18 43 19 50 21 19 23 35 24 41 9 3 44 6 37 9 20 12 32 16 26 17 44 19 10 23 43 25 25
4 4 1 49 10 17 16 31 19 25 11 5 12 6 16 8 12 17 14 18 19 20 30 21 31 22 22 23 38 24 16 25 48 8 1 21 2 26 4 10 13 50 15 12 17 41 18 17 19 37 12 1 13 2 13 3 21 5 38 6 28 7 14 8 34 11 47 12 33 15 43 18 31 19 18
8 13 1 14 2 42 3 11 10 50 11 41 12 45 13 33 17 42 18 36 20 31 22 50 24 21 25 16 13 3 46 4 48 8 40 11 40 12 13 14 27 16 11 17 14 18 10 19 37 20 43 21 25 22 36 8 2 28 5 24 7 15 10 21 11 40 14 10 15 16 24 11 7 2 39 9 18 12 48 14 47 18 28 20 20 25 46 10 3 28 5 49 8 48 9 44 10 40 11 32 12 19 15 17 16 27 18 39 13 2 17 3 47 4 21 6 16 7 22 9 16 11 50 13 25 15 43 17 36 21 31 24 12 25 25 6 8 24 10 37 14 23 22 46 23 46 25 34 9 1 31 6 47 8 15 9 14 10 49 12 25 17 33 20 11 22 46
3 11 2 10 3 13 6 26 10 46 11 41 14 11 16 12 17 29 20 10 21 12 24 23 15 1 15 4 33 5 33 7 38 10 39 11 32 12 25 13 45 14 11 15 14 18 32 20 41 22 15 23 50 24 43 8 2 37 3 43 6 39 8 30 17 21 19 28 20 30 24 20
5 10 3 10 7 11 9 40 10 26 11 45 12 36 13 21 14 50 21 10 25 31 14 1 48 4 34 5 22 6 20 7 39 10 47 11 22 12 33 14 14 16 11 17 44 18 11 22 37 25 24 5 3 20 5 23 12 45 16 11 18 11 6 4 45 7 21 13 10 17 40 21 23 25 12 8 6 39 8 19 14 35 15 12 16 22 19 44 21 11 24 38
3 6 5 17 6 39 7 24 9 31 10 14 17 43 9 4 23 8 46 10 26 13 43 15 21 20 44 21 13 23 11 25 41 6 2 26 17 42 18 50 21 38 22 24 24 42
3 5 12 42 15 41 17 49 18 32 22 33 12 1 32 2 50 3 22 6 38 8 46 16 39 17 30 18 43 21 49 22 36 23 16 25 36 12 1 46 3 20 5 16 8 41 9 38 10 49 11 16 14 21 17 46 19 44 22 30 25 19
6 5 9 33 11 28 16 47 19 48 22 22 9 9 15 10 27 11 24 14 13 15 40 16 48 17 41 20 25 22 42 12 2 26 3 47 4 27 6 39 13 11 15 19 16 43 17 17 20 33 22 33 24 47 25 20 14 1 11 2 27 5 29 7 24 9 15 11 36 12 19 13 21 18 24 19 32 20 35 21 41 22 43 25 12 5 1 40 17 18 19 23 21 26 25 31 12 1 29 2 49 7 28 13 32 14 13 15 19 16 39 18 11 19 24 22 14 23 28 24 19
4 10 1 37 2 17 3 21 9 29 10 27 12 45 20 15 22 38 24 17 25 37 10 3 50 5 23 6 39 8 23 13 45 16 17 17 10 18 12 21 30 25 41 10 2 35 4 37 8 33 9 30 12 48 13 27 15 20 18 47 19 49 25 50 15 1 14 3 28 4 19 7 10 8 19 9 48 12 16 13 36 14 10 15 35 16 21 18 18 20 29 22 11 23 10
5 10 4 49 7 16 8 44 9 38 16 35 17 19 19 50 20 36 21 38 23 27 11 2 42 3 35 7 18 8 18 11 29 13 48 15 37 19 16 20 38 21 17 24 23 13 2 47 5 21 8 41 9 50 11 20 12 22 15 48 17 14 20 10 22 30 23 32 24 32 25 44 15 1 39 3 50 4 11 7 31 9 16 10 16 11 16 12 19 17 15 18 37 20 46 21 33 22 14 23 11 24 12 8 2 20 4 31 5 37 9 37 10 30 11 29 12 12 18 42
7 15 2 23 3 49 4 20 5 32 8 48 10 33 13 25 14 34 15 38 16 39 19 35 20 41 21 11 23 25 24 15 3 4 12 14 49 18 26 15 1 12 3 13 5 19 9 20 12 43 13 12 14 44 15 18 16 12 17 27 18 30 22 38 23 41 24 41 25 25 15 3 40 4 48 6 23 8 26 10 28 13 25 15 18 17 29 18 25 20 27 21 33 22 10 23 11 24 11 25 46 8 1 42 3 10 7 38 13 44 17 50 18 47 19 19 24 47 8 2 37 5 39 7 43 14 43 16 39 22 10 24 17 25 22 8 2 31 5 21 9 21 10 35 11 48 15 47 18 22 24 23
7 14 1 36 3 43 4 34 5 36 6 47 7 22 10 19 14 29 16 42 17 30 19 32 21 37 22 26 23 30 14 1 44 5 21 7 25 10 28 11 31 14 22 16 21 17 17 18 47 19 15 20 41 21 26 22 44 23 42 11 6 16 7 38 8 37 9 45 10 35 14 41 16 25 20 18 22 10 24 39 25 41 15 5 16 8 36 9 23 10 10 11 12 13 33 14 37 15 37 16 48 18 23 19 41 21 46 22 37 23 30 24 25 11 3 21 6 14 9 42 10 36 11 29 12 37 16 28 18 26 19 12 23 37 24 10 14 2 18 4 12 5 42 6 26 8 34 10 26 11 21 13 29 17 16 20 31 21 35 22 30 24 49 25 27 8 2 13 4 17 6 18 7 25 15 13 17 39 21 34 25 27
3 7 2 16 4 48 6 29 8 50 15 47 16 29 24 49 5 8 46 13 41 16 25 22 13 24 10 14 3 25 4 21 6 44 11 50 12 37 13 30 14 17 18 20 19 22 20 43 22 37 23 46 24 13 25 15
6 6 2 23 3 44 16 40 18 32 19 18 20 27 6 2 41 10 43 18 27 20 32 21 35 22 17 6 2 50 4 21 11 45 17 11 24 28 25 25 5 1 37 9 47 13 26 15 25 23 10 6 1 13 3 20 7 28 14 38 19 21 20 17 7 1 32 4 12 9 11 12 14 13 38 21 40 24 29
6 10 5 49 7 40 8 49 14 35 15 23 17 25 19 11 22 23 24 34 25 44 6 1 26 2 44 4 17 11 11 12 30 22 29 11 3 43 4 15 5 13 8 34 9 49 10 44 14 44 16 10 17 38 20 37 21 15 3 5 47 7 25 21 33 6 5 20 9 41 10 14 11 26 15 30 22 37 7 4 27 5 45 9 41 14 39 15 39 18 38 22 28
7 15 6 31 7 38 8 29 9 13 10 42 12 35 14 40 15 16 16 50 17 24 19 39 21 10 22 47 23 17 25 11 3 10 31 12 49 20 45 8 3 43 4 11 5 34 6 20 7 29 8 13 13 11 20 25 12 2 44 3 43 5 26 6 40 9 19 12 40 15 36 16 25 17 17 19 41 21 25 23 38 3 9 38 12 44 22 43 6 2 49 10 11 11 24 12 32 15 10 17 27 8 1 10 2 46 3 15 12 12 13 46 15 25 21 43 23 31
5 15 1 46 3 32 6 22 7 37 8 12 9 20 10 32 11 34 13 39 14 28 15 45 16 34 18 32 21 31 22 49 15 1 50 2 21 4 10 5 22 9 45 10 38 11 27 12 33 13 49 15 24 17 13 18 44 21 31 23 11 24 23 7 3 32 13 22 14 47 19 42 20 32 23 25 25 27 13 1 45 2 22 4 28 6 11 13 35 15 44 16 26 17 31 18 13 19 18 21 39 22 15 24 18 11 1 32 2 39 3 44 6 40 9 50 11 34 12 48 14 20 20 47 23 26 24 21
4 11 2 47 4 31 5 13 6 30 7 45 10 19 17 30 19 25 21 50 22 36 23 24 3 13 44 16 25 20 21 4 16 27 17 50 22 48 23 47 14 1 44 2 29 4 27 5 48 8 18 13 27 15 43 16 35 17 25 18 29 20 47 21 32 23 22 24 18
5 7 2 48 8 40 10 50 12 27 15 44 17 24 22 48 9 6 12 9 38 10 46 13 36 15 12 17 19 22 18 24 19 25 40 3 3 26 17 25 20 18 11 2 31 4 35 5 13 7 21 8 38 10 25 13 18 16 22 17 45 18 44 24 33 4 4 45 11 43 13 20 22 32
8 3 11 20 14 32 24 47 11 3 28 5 35 6 44 8 24 9 14 15 25 17 21 18 43 19 46 20 29 23 10 6 3 40 11 20 12 37 17 30 19 27 23 11 8 1 43 4 39 5 28 11 23 13 37 15 15 20 34 21 13 7 2 16 4 25 5 44 8 16 11 50 12 36 22 29 13 2 32 3 27 4 43 6 29 7 12 10 20 13 33 15 17 18 42 20 22 21 22 22 44 25 21 6 4 23 16 27 17 45 21 47 24 42 25 17 9 4 34 6 22 8 45 10 35 14 42 15 17 17 13 23 19 25 46
8 3 4 22 12 45 19 36 3 13 34 14 16 23 18 9 4 48 5 10 8 42 9 15 10 35 14 27 20 45 21 17 24 18 13 3 29 4 26 5 44 10 38 11 32 16 50 19 22 20 30 21 10 22 36 23 45 24 48 25 36 8 4 11 11 26 12 33 13 30 14 25 16 48 19 43 24 36 5 3 23 10 24 21 29 24 35 25 17 3 8 15 15 44 20 27 4 6 48 9 31 11 16 23 33
4 3 4 46 20 49 22 29 11 3 22 5 22 6 38 8 21 9 37 11 21 14 18 18 49 21 24 22 41 25 13 15 2 49 3 26 4 33 5 36 6 20 7 39 8 20 9 16 10 26 11 44 12 16 15 25 19 24 20 27 22 25 10 2 21 6 36 8 13 10 14 12 14 13 26 17 22 20 14 21 12 24 19
7 13 1 15 2 27 6 30 7 50 8 31 10 38 11 33 15 14 16 41 17 43 19 41 20 48 23 30 3 3 35 23 13 25 26 4 2 40 3 23 9 21 10 35 14 1 15 2 43 3 16 4 50 5 22 7 34 8 50 9 20 11 14 12 13 15 12 20 39 21 47 25 48 14 1 44 2 48 4 12 5 12 6 26 7 35 8 20 9 11 14 24 15 21 16 36 17 47 18 34 24 22 6 1 26 4 39 12 45 13 32 22 32 23 18 3 5 46 15 40 16 17
4 9 1 34 2 29 6 27 12 37 14 48 16 37 17 35 23 17 25 29 9 1 25 2 42 5 44 9 48 13 45 14 11 15 41 18 29 23 37 13 2 31 4 26 5 29 6 11 8 13 10 43 12 19 15 48 17 15 20 33 21 33 22 39 24 22 11 3 42 5 22 8 19 9 18 11 41 12 39 15 18 16 14 22 50 23 39 24 45
6 12 6 26 9 13 10 42 13 39 14 13 15 45 16 12 17 44 19 14 20 23 22 22 23 17 14 2 44 5 26 6 46 7 22 8 39 9 49 10 34 14 47 15 36 16 41 20 32 21 35 22 10 25 14 8 4 40 8 36 9 45 10 46 11 10 12 40 24 21 25 13 9 3 48 4 30 7 24 9 13 12 41 13 49 14 30 19 25 21 32 5 2 24 13 33 14 13 16 36 19 47 12 3 10 4 48 5 49 6 11 8 27 9 25 13 46 14 43 20 18 22 29 24 39 25 16
8 4 5 33 10 49 18 18 20 22 12 2 45 3 15 5 16 6 37 9 44 10 16 11 38 13 45 16 36 17 31 21 42 22 39 6 4 24 10 20 15 31 17 34 18 31 23 39 12 5 39 6 41 9 50 10 32 11 31 12 10 13 43 14 35 17 20 18 37 21 16 22 29 15 1 47 2 19 3 23 4 24 6 16 9 49 10 40 11 16 14 10 16 33 18 15 19 10 20 44 21 37 24 50 13 1 30 2 31 4 26 6 26 7 26 8 40 9 16 11 39 16 16 17 27 20 38 21 26 25 19 9 1 46 2 15 12 49 13 25 18 40 20 20 21 32 22 36 24 50 7 3 48 8 40 14 36 18 12 21 21 23 33 24 29
3 13 1 38 2 50 3 40 4 21 6 48 8 35 9 24 11 38 14 15 15 34 22 18 23 46 24 47 9 4 10 6 38 7 40 10 18 11 36 15 40 20 17 22 14 24 42 7 2 41 7 27 11 48 12 10 13 15 14 36 16 20
3 9 4 20 12 23 13 46 14 27 17 25 18 11 22 16 23 40 25 19 4 9 37 10 12 14 43 18 24 10 2 42 3 11 4 28 8 44 9 36 10 21 12 46 13 42 22 47 25 47
7 11 2 13 4 14 8 34 14 15 15 14 18 48 21 49 22 29 23 29 24 37 25 17 7 3 49 4 34 5 43 6 14 12 10 13 16 16 45 11 8 24 10 47 14 37 15 10 17 11 20 15 21 21 22 20 23 21 24 43 25 15 15 1 17 2 50 4 21 6 24 7 36 8 24 12 45 13 16 15 23 16 46 17 44 19 27 20 46 21 28 24 49 12 2 20 4 48 6 31 7 44 8 35 9 37 17 17 19 28 20 12 21 11 22 50 25 34 10 4 48 5 47 7 45 8 11 10 44 11 43 14 30 17 14 20 27 21 38 5 2 20 8 48 13 44 15 30 23 44
6 6 11 29 13 38 16 48 20 46 21 29 23 21 9 1 46 2 34 4 39 5 27 9 31 13 50 16 50 17 30 18 21 12 4 40 6 19 11 28 13 21 15 46 16 29 18 18 20 13 21 27 22 10 24 42 25 31 6 3 32 8 45 13 38 15 42 20 21 21 31 13 1 47 5 32 6 22 7 50 9 37 10 30 14 12 15 15 17 33 18 24 21 17 23 40 24 48 3 4 26 20 17 22 28
5 13 2 15 3 17 4 12 7 41 11 27 13 32 14 21 18 17 19 33 21 39 23 37 24 32 25 24 3 13 49 15 49 24 45 13 3 41 5 49 6 49 7 24 11 50 12 35 13 30 15 32 16 16 18 25 20 39 21 48 23 38 13 1 43 3 10 6 21 9 36 10 12 11 10 12 33 13 23 16 21 18 37 19 30 21 40 23 29 13 3 26 4 25 7 18 9 17 10 41 11 40 12 27 13 19 16 49 20 34 22 31 23 33 25 31
6 14 1 26 6 31 7 50 9 41 10 22 12 24 13 34 16 38 17 38 18 37 19 48 21 46 22 35 25 22 6 10 21 11 10 19 41 20 49 23 19 24 37 3 4 19 11 24 16 25 12 1 14 3 36 4 29 8 34 9 15 12 22 17 26 18 29 19 39 20 41 23 50 24 16 8 2 29 4 32 9 28 11 40 14 46 15 32 23 19 25 31 13 1 15 3 24 4 36 5 13 6 14 15 26 16 33 17 37 20 49 21 21 22 39 23 36 24 27
3 3 2 23 14 27 24 10 8 1 36 3 32 12 22 13 32 16 10 19 38 21 49 25 37 3 8 39 13 24 20 11
3 6 7 20 8 26 10 47 14 33 21 46 22 20 15 2 22 3 28 4 28 6 38 7 39 8 45 10 28 11 13 12 23 14 17 16 40 17 33 18 33 19 21 23 49 6 4 49 5 44 14 28 18 11 19 31 24 11
8 7 1 46 7 11 10 20 11 26 12 29 16 45 23 27 6 4 35 10 42 11 32 15 11 21 49 22 28 12 2 32 5 38 7 22 8 32 9 42 10 42 13 29 14 45 16 38 19 32 20 11 25 40 6 5 49 10 29 11 33 14 29 18 45 25 46 7 1 36 7 46 11 34 12 15 13 41 22 15 25 41 6 8 27 14 40 15 29 16 19 22 21 23 31 15 5 46 7 19 8 15 9 47 12 13 14 47 15 14 16 26 19 14 20 25 21 30 22 44 23 22 24 35 25 31 10 1 49 2 29 3 31 4 41 11 49 14 32 20 16 22 13 24 39 25 46
6 4 1 24 12 31 17 44 20 31 6 3 38 4 46 6 19 13 14 15 31 17 39 10 1 10 4 42 10 32 11 19 15 45 17 49 18 35 19 25 20 40 23 29 9 3 33 4 27 6 25 10 35 11 50 13 10 20 35 23 44 25 25 10 4 12 6 36 7 45 12 27 15 22 17 36 18 30 20 16 23 34 24 47 4 1 33 5 31 7 50 16 46
6 5 6 22 7 32 16 16 19 43 21 40 4 3 32 13 37 14 44 23 41 3 1 10 8 35 10 42 14 1 48 2 31 3 11 5 12 6 44 8 27 9 20 11 35 13 36 15 45 17 24 18 18 21 24 25 18 9 1 40 3 27 15 36 17 25 18 34 19 24 21 20 24 28 25 26 7 2 22 8 30 9 38 17 34 20 25 24 18 25 23
3 3 10 22 20 15 25 43 14 4 34 5 20 9 34 10 27 11 49 13 35 14 21 15 31 16 49 19 46 20 36 21 23 22 48 24 38 14 2 14 6 47 8 32 9 31 11 45 13 43 14 35 15 12 18 19 21 23 22 12 23 21 24 18 25 46
5 10 3 10 5 14 7 21 11 35 13 23 15 33 18 25 19 32 24 34 25 17 3 3 24 10 40 12 42 14 2 47 3 15 5 42 7 16 10 23 11 14 13 45 14 10 15 17 18 12 19 20 21 10 22 33 25 29 10 2 13 6 11 8 50 9 43 11 31 12 35 13 34 19 32 21 30 22 34 11 1 42 3 46 6 29 10 17 11 25 12 35 13 43 16 16 18 49 22 12 23 25
7 11 3 47 4 11 7 49 10 40 12 20 17 26 18 20 19 45 21 14 23 38 25 48 9 1 13 9 37 10 16 13 42 15 32 16 44 19 32 21 48 22 33 6 1 36 2 34 5 39 6 35 10 47 14 23 15 2 39 3 35 4 29 5 30 7 47 9 37 10 12 11 35 12 32 14 11 17 26 20 43 22 26 23 22 24 12 14 2 19 3 38 4 35 5 44 6 44 7 31 9 25 11 20 14 48 17 13 18 25 19 44 22 35 25 14 4 2 34 10 18 12 49 25 31 9 3 13 5 43 6 48 9 41 11 46 13 11 21 20 23 25 25 28
7 10 1 14 2 20 3 47 4 10 10 35 13 14 15 33 20 39 23 10 24 23 15 2 27 3 38 4 47 6 38 7 15 8 42 9 46 10 45 14 36 16 14 17 11 18 28 20 19 21 31 25 30 13 2 30 6 41 7 38 8 23 10 23 11 25 14 41 15 10 17 37 19 48 21 15 22 33 25 25 14 2 44 6 33 8 36 10 32 11 41 13 17 16 12 17 25 18 32 19 28 22 47 23 23 24 34 25 25 8 9 41 11 24 15 18 17 37 18 10 19 40 20 45 24 48 15 2 47 3 42 5 20 7 46 9 27 10 14 11 16 13 22 15 20 18 19 19 43 20 33 21 32 22 23 25 31 12 3 13 6 48 8 17 9 19 12 27 14 40 15 30 16 15 18 24 19 26 22 26 24 13
106 114 52 86 76 73 115 109 114 71 118 54 136 40 75 65 116 101 53 106 135 142 55 117 100 136 95 54 142 102 119 119 155 41 98 49 139 55 85 56 43 119 78 88 135 108 59 105 87 120 64 71 71 153 108 54 116 66 90 134 42 42 99 117 69 110 48 44 151 78 118 47 60 115 111
2 3 1 3 3 2 2 3 3 2 2 3 2 2 1 2 1 3 2 1 2 3 1 2 3
# Instance ID: 73
# Total operations: 424
# Actual flexibility: 0.359
# Generated: 2026-02-14 14:26:23
# Format: Extended Brandimarte for MOFJSP (Comparison Dataset)