20 10
3 3 5 31 7 12 8 27 6 1 49 2 10 5 46 6 11 8 29 9 34 2 7 34 8 12
5 6 3 36 4 31 5 18 6 32 7 26 10 45 2 5 27 8 15 4 1 18 2 16 6 25 10 14 2 2 19 6 46 2 2 10 10 10
8 6 2 50 3 31 4 16 5 49 6 17 10 13 6 1 10 2 37 3 24 4 23 6 13 8 15 4 4 22 6 41 8 48 9 21 4 1 42 2 10 5 15 8 21 2 3 44 5 46 2 2 22 10 21 3 3 50 4 47 7 28 5 2 26 4 32 5 25 7 43 9 10
7 6 1 41 3 32 5 13 6 49 7 37 10 15 6 1 48 2 14 3 46 5 26 7 30 8 38 3 6 29 8 41 10 30 5 1 32 3 36 4 39 6 39 10 30 4 2 19 8 34 9 36 10 11 2 6 50 7 19 4 1 21 6 19 7 47 8 21
4 2 1 35 2 40 2 5 22 6 11 4 3 45 5 27 7 24 10 22 4 4 20 7 41 8 13 10 32
4 1 2 30 6 2 23 3 36 4 41 5 10 8 29 9 50 2 5 49 6 37 5 2 33 3 18 5 33 6 46 9 40
5 1 1 38 3 4 30 7 24 9 30 6 2 18 3 30 5 50 6 46 8 24 9 47 5 4 11 5 30 8 42 9 16 10 34 2 6 15 10 43
4 4 2 34 4 22 5 27 8 19 3 1 24 4 50 8 10 3 3 27 6 30 8 41 3 4 22 9 48 10 48
3 1 5 13 6 2 10 4 29 5 26 6 23 9 19 10 28 1 1 36
7 1 6 39 2 7 45 8 20 5 2 27 3 22 4 48 6 39 8 28 2 3 30 10 11 1 1 30 5 3 34 6 45 8 11 9 50 10 37 6 1 28 3 30 5 46 6 46 7 12 8 42
6 1 3 41 1 2 18 2 2 20 9 25 1 6 32 3 2 14 6 41 7 35 5 1 19 4 45 6 15 7 23 9 38
4 2 2 24 5 25 1 9 11 1 4 40 1 1 24
3 2 3 42 10 30 3 1 42 7 28 10 41 1 7 45
6 1 1 22 5 1 10 4 32 5 15 8 47 9 33 5 2 10 3 50 4 49 5 28 7 27 5 2 48 6 26 7 31 8 22 9 30 3 2 38 5 11 7 38 5 1 12 2 34 4 16 7 23 9 22
7 5 3 13 4 50 5 24 9 46 10 26 2 1 29 9 10 2 3 23 6 41 6 2 41 4 40 5 45 6 48 7 28 8 25 1 10 16 1 1 49 1 1 27
6 1 5 38 4 1 33 2 23 3 22 10 37 6 1 29 2 12 4 17 5 29 6 19 10 26 4 1 21 2 10 4 17 10 15 6 1 40 3 14 4 19 5 23 8 14 9 35 6 1 36 4 21 6 10 7 46 9 12 10 14
3 3 4 27 5 11 8 27 2 4 10 8 12 5 2 13 7 28 8 33 9 15 10 48
8 3 3 33 8 33 10 45 5 2 47 3 35 4 33 6 39 9 32 3 3 33 7 37 8 15 5 3 39 5 38 6 44 8 20 9 12 3 3 44 6 50 9 20 5 1 17 3 42 4 44 7 12 9 43 1 10 10 3 3 31 4 41 9 17
8 3 6 43 7 35 9 24 5 2 39 6 19 7 22 8 10 10 42 1 8 19 1 5 25 4 2 22 4 11 5 11 7 11 3 2 14 3 14 4 26 4 2 35 6 10 7 48 8 29 3 4 29 6 37 7 49
6 5 1 30 4 32 8 11 9 26 10 40 4 2 47 6 49 7 32 9 41 1 7 12 4 2 15 5 15 8 25 9 50 1 8 34 6 1 45 3 38 4 23 6 49 8 36 10 16
59 72 141 137 50 67 91 48 57 107 80 75 40 85 113 115 47 153 99 83
1 1 3 3 3 2 2 2 3 2
# Instance ID: 28
# Total operations: 107
# Actual flexibility: 0.328
# Generated: 2026-02-14 14:26:22
# Format: Extended Brandimarte for MOFJSP (Comparison Dataset)