15 10
5 1 8 42 1 2 25 6 2 24 3 17 6 30 7 24 8 16 9 25 6 1 47 2 41 4 13 7 37 9 19 10 23 5 2 39 3 22 7 50 8 32 9 27
3 2 3 12 6 46 1 5 18 1 8 39
8 4 3 48 4 20 6 50 10 49 2 9 24 10 15 4 4 40 5 39 8 27 9 10 6 3 24 4 47 5 19 7 46 8 10 9 36 1 1 40 6 1 16 4 38 5 41 6 25 7 15 9 45 1 7 23 2 5 25 6 15
7 1 8 29 2 1 39 8 39 2 3 33 7 50 4 1 31 2 43 6 12 7 28 4 4 15 5 49 7 31 9 13 5 1 39 2 49 3 12 4 33 6 33 2 2 45 9 23
3 2 4 44 6 17 6 3 42 4 37 6 27 7 13 8 14 9 33 3 2 40 8 44 10 44
5 3 2 22 6 39 8 15 1 7 21 3 2 27 3 17 10 19 4 1 36 3 44 4 18 10 40 3 1 28 7 22 8 14
4 1 4 43 6 3 41 6 47 7 43 8 45 9 38 10 39 3 3 20 5 26 10 24 4 1 32 2 28 5 39 6 20
6 5 2 19 3 20 5 25 7 17 9 12 3 3 26 8 33 10 21 2 1 30 9 32 2 6 44 8 20 5 1 19 2 39 4 30 5 19 7 10 6 3 40 6 28 7 46 8 19 9 46 10 38
5 3 1 18 2 45 8 17 3 1 38 4 32 7 15 3 1 27 4 22 9 11 1 9 38 6 2 48 3 48 4 42 7 13 9 33 10 35
8 2 6 34 7 33 1 5 32 3 2 23 5 38 8 36 4 3 36 5 18 6 47 7 48 1 3 23 3 6 14 8 47 9 34 1 1 36 6 3 18 4 22 5 21 7 34 9 28 10 45
3 4 1 45 4 39 5 24 9 11 1 3 26 3 2 36 5 21 8 41
6 6 1 14 2 48 3 33 4 47 7 40 10 46 4 2 42 3 46 5 11 8 26 2 1 19 10 30 4 1 27 3 33 6 36 10 50 3 1 43 5 50 9 14 5 2 44 3 30 4 30 5 29 8 27
3 6 1 18 2 43 6 28 7 33 9 41 10 36 3 2 19 3 42 4 24 2 9 44 10 45
8 6 1 11 2 40 7 32 8 29 9 33 10 18 4 2 29 6 11 9 17 10 24 2 3 29 4 18 2 2 37 3 17 1 1 40 4 1 42 2 47 4 13 10 40 1 5 12 1 5 10
3 1 2 48 2 4 21 10 32 1 2 19
96 47 106 135 37 74 54 84 84 152 46 77 37 130 39
3 3 3 2 1 2 3 1 2 1
# Instance ID: 17
# Total operations: 77
# Actual flexibility: 0.306
# Generated: 2026-02-14 14:26:22
# Format: Extended Brandimarte for MOFJSP (Comparison Dataset)