20 10
5 2 2 29 10 31 4 5 41 6 26 8 33 9 39 1 6 29 6 1 50 3 11 5 19 6 36 8 24 9 19 3 1 46 4 37 8 33
7 2 2 34 4 50 1 5 50 6 3 31 6 35 7 47 8 36 9 27 10 29 2 1 31 9 49 1 7 39 5 1 19 2 39 4 19 5 43 6 28 5 3 14 4 28 5 10 9 39 10 12
3 2 2 13 5 41 3 1 10 6 13 7 26 2 5 42 6 45
6 2 2 19 5 22 4 2 12 5 40 9 32 10 25 6 1 48 3 29 6 21 7 46 9 37 10 30 5 2 45 3 22 4 29 5 29 9 15 3 3 34 8 37 10 16 2 8 30 9 42
3 6 4 36 6 39 7 11 8 45 9 11 10 36 1 3 49 3 4 18 6 49 9 44
6 5 1 10 2 39 4 43 5 39 7 13 1 1 27 6 2 40 3 31 5 13 6 17 7 47 10 42 6 1 18 3 24 4 50 5 19 6 29 9 50 3 1 17 4 14 8 10 2 2 43 10 16
3 2 2 40 4 11 5 1 35 3 40 7 21 8 25 10 44 3 2 37 8 19 10 50
8 1 3 19 6 3 28 4 16 7 47 8 41 9 33 10 27 4 2 37 4 19 7 11 8 28 4 1 29 2 12 5 49 7 38 1 6 18 4 1 32 2 42 5 42 8 23 3 2 21 7 19 9 32 6 2 29 3 35 6 14 8 40 9 34 10 40
7 5 2 30 3 47 5 47 6 32 9 47 5 1 20 2 24 6 16 7 16 8 41 6 2 16 4 21 6 34 7 36 8 14 9 13 5 1 14 2 38 5 33 6 48 7 50 1 3 30 1 8 34 2 9 22 10 22
6 3 5 24 8 22 10 20 4 2 11 4 50 5 16 9 23 1 3 10 3 2 31 7 21 9 43 4 4 32 5 32 8 49 10 45 2 2 37 8 50
5 4 2 43 3 29 7 16 10 17 4 1 24 4 28 6 26 9 34 6 1 46 2 25 3 43 5 49 6 42 8 29 4 1 40 2 26 5 11 10 12 3 4 31 5 13 7 18
3 2 6 13 9 25 4 1 36 2 48 6 49 9 15 5 1 16 3 12 5 41 6 42 8 24
3 6 1 13 2 11 3 22 6 44 7 48 8 34 6 1 18 4 37 6 37 8 45 9 18 10 17 4 2 31 6 37 9 13 10 25
6 2 1 24 2 36 6 1 13 2 14 6 13 7 18 9 38 10 21 3 1 48 6 25 9 28 2 7 40 10 17 6 2 32 4 24 5 38 8 29 9 33 10 45 3 4 30 5 44 9 42
5 1 1 32 4 1 23 5 18 8 43 10 24 3 2 33 4 19 9 12 2 8 17 10 11 4 1 34 5 29 8 15 9 13
5 3 7 11 8 34 10 34 4 1 21 4 37 8 44 9 13 6 1 26 3 47 5 23 6 11 9 31 10 49 4 1 34 2 28 5 44 7 39 4 2 34 5 39 9 25 10 18
8 1 5 27 1 4 44 3 1 49 6 27 7 33 3 1 29 2 46 5 30 3 3 11 8 38 9 10 4 1 45 6 23 8 36 9 13 5 1 21 2 26 4 27 5 26 6 41 2 3 19 4 49
8 6 1 42 2 38 4 47 6 30 8 12 10 45 6 1 44 3 12 4 48 5 25 7 32 9 16 1 9 38 1 9 14 2 4 46 6 33 6 1 30 2 48 3 33 7 31 9 36 10 33 4 1 12 3 28 5 19 8 47 1 2 48
8 2 6 42 9 47 6 1 19 4 34 5 15 6 14 7 24 8 46 5 5 17 6 43 7 13 9 48 10 40 6 2 46 3 28 7 25 8 31 9 25 10 33 2 6 17 8 25 4 2 45 3 42 6 14 7 33 6 2 46 4 18 7 44 8 25 9 36 10 47 6 1 15 3 36 5 36 7 42 9 19 10 46
8 4 1 20 3 17 4 36 8 26 5 1 37 2 11 3 20 7 14 8 18 5 2 35 3 45 7 25 9 28 10 17 3 1 14 2 32 6 38 4 5 40 7 18 8 21 9 47 5 1 33 2 39 3 34 5 30 7 38 2 5 16 9 24 3 1 46 6 43 8 43
98 121 46 72 59 114 40 144 84 88 78 36 56 94 61 60 139 114 110 128
2 3 2 1 1 1 1 3 3 3
# Instance ID: 24
# Total operations: 113
# Actual flexibility: 0.357
# Generated: 2026-02-14 14:26:22
# Format: Extended Brandimarte for MOFJSP (Comparison Dataset)