50 25
4 8 3 17 5 49 6 37 8 25 9 29 13 35 14 15 24 10 13 1 15 4 20 9 28 11 12 13 30 14 40 15 47 17 19 18 34 19 45 20 18 22 27 23 42 6 2 14 3 50 11 28 13 12 16 23 22 30 4 12 24 15 12 19 10 22 49
7 10 3 15 5 29 7 33 8 11 9 35 10 29 12 30 14 24 17 23 25 29 14 1 48 4 45 5 37 6 26 8 36 9 43 11 28 12 43 14 10 19 42 20 32 21 18 22 19 24 44 5 7 19 10 24 16 36 17 20 21 49 11 3 12 4 34 6 43 9 27 11 13 12 10 20 10 21 34 22 40 23 48 25 28 10 2 37 3 19 4 43 5 21 18 13 19 32 20 33 21 35 23 27 24 17 12 1 12 8 29 12 49 14 19 15 21 16 16 19 10 21 31 22 36 23 14 24 20 25 16 12 1 38 6 44 9 44 11 23 12 33 16 49 19 47 20 28 21 27 22 39 23 18 24 33
7 4 1 45 4 36 5 50 23 33 14 1 29 2 38 4 15 6 35 7 23 9 27 10 26 11 17 16 30 19 16 21 24 23 34 24 16 25 19 14 1 41 2 37 4 12 6 20 7 26 8 10 10 18 14 35 16 25 17 30 19 37 21 45 24 44 25 39 12 2 14 4 37 5 48 6 37 10 40 11 12 12 44 13 22 17 19 19 24 21 44 22 39 11 1 29 2 38 3 35 5 28 7 12 10 10 12 25 16 45 18 15 19 34 23 13 9 1 24 3 38 5 29 6 46 7 32 9 36 14 42 19 42 24 46 9 2 28 5 37 6 21 8 31 9 49 15 48 16 47 17 41 23 47
4 11 1 18 2 42 5 18 8 24 11 34 13 10 14 43 17 25 19 31 24 20 25 22 6 3 18 14 40 17 40 19 11 20 18 23 45 10 3 47 4 39 6 46 7 49 8 16 9 18 18 25 19 13 22 37 24 50 8 4 47 7 34 10 28 12 34 15 44 23 29 24 50 25 37
7 10 3 36 4 17 8 41 10 20 12 27 15 10 20 30 22 25 24 46 25 26 10 3 28 4 23 5 28 7 30 8 37 13 29 15 44 20 34 21 41 22 14 13 1 10 2 29 3 34 5 20 7 47 8 13 11 50 12 40 16 12 17 48 19 31 20 12 23 14 15 1 15 5 25 6 36 8 25 9 20 11 26 12 48 13 24 15 44 16 50 18 27 19 31 20 39 21 15 25 33 12 1 36 3 15 5 35 10 16 11 40 14 14 17 23 18 21 19 41 20 17 23 27 25 41 4 3 25 11 10 13 36 18 46 3 14 37 22 15 23 22
5 4 4 45 5 43 6 39 19 26 9 3 22 4 28 5 37 8 17 11 14 13 46 17 18 21 35 24 23 6 2 32 7 43 14 19 19 19 20 45 23 24 15 1 37 3 15 6 37 8 45 9 47 10 50 11 15 13 27 14 46 15 12 16 45 17 45 19 48 23 49 25 18 4 1 50 6 10 7 45 24 21
8 13 7 32 10 26 11 21 12 12 13 47 14 30 15 45 16 19 21 20 22 38 23 30 24 10 25 29 7 2 19 4 48 11 49 13 45 14 42 15 32 25 44 7 3 47 10 14 12 27 13 28 17 17 20 34 22 43 9 1 10 6 23 8 12 9 43 11 23 12 42 15 49 17 19 24 26 7 1 26 2 20 3 20 11 15 19 45 20 29 23 22 14 1 50 4 10 5 17 6 13 7 39 9 28 10 46 11 50 12 13 13 19 15 33 16 41 17 22 22 33 12 2 28 6 48 7 25 10 18 13 32 14 16 15 34 18 29 20 47 21 49 22 42 25 40 7 1 20 3 24 6 48 15 42 16 31 17 43 21 39
4 12 1 25 2 28 4 37 5 45 9 37 11 38 12 23 13 11 14 26 17 13 20 10 22 13 12 6 21 7 36 10 42 12 41 13 34 14 14 16 18 19 42 21 44 23 27 24 27 25 17 7 1 20 5 45 8 37 12 48 14 11 21 45 23 42 10 7 25 9 27 10 21 11 42 12 33 14 24 16 32 18 40 23 29 25 37
7 5 2 24 5 31 11 48 14 34 16 30 8 2 35 3 47 5 34 16 35 17 37 19 50 21 41 24 17 8 1 31 5 38 7 49 12 39 14 39 15 34 21 34 22 45 3 1 20 2 38 25 23 15 3 47 4 18 5 33 6 18 8 25 9 26 10 50 11 13 14 21 15 15 19 17 21 48 22 49 23 13 25 35 7 7 26 10 39 14 39 15 28 19 48 20 20 22 12 8 2 47 4 21 6 16 7 48 8 16 13 37 16 40 18 39
4 4 1 27 13 38 17 48 19 25 11 2 40 4 43 5 47 7 32 12 21 15 40 18 42 19 37 22 46 23 10 24 50 6 1 20 4 47 10 38 12 49 21 48 25 16 14 2 11 3 38 4 22 8 32 9 32 11 20 13 41 14 42 15 26 16 33 17 17 21 19 22 38 24 14
6 3 12 23 22 42 23 44 6 10 44 15 48 18 27 20 16 21 32 22 34 10 1 36 10 18 14 31 15 46 17 46 19 35 21 38 22 20 23 25 24 22 7 3 41 4 40 13 15 15 13 17 20 19 13 21 23 10 4 14 9 39 10 46 14 46 15 22 16 43 18 43 22 35 23 42 25 26 11 3 36 6 44 8 32 9 32 11 14 13 24 14 15 15 20 16 41 18 50 24 40
3 6 3 48 5 10 11 27 12 22 18 35 25 50 4 4 30 5 17 19 34 24 23 12 1 42 3 48 6 43 7 15 10 41 11 49 13 16 17 17 18 30 22 48 23 42 25 38
8 5 7 25 9 13 10 50 17 36 24 40 7 3 43 4 45 5 49 8 16 13 23 16 48 19 50 12 4 41 6 18 9 29 13 50 14 23 16 37 17 39 18 31 20 18 22 22 24 33 25 36 6 1 46 4 38 15 22 17 22 21 31 22 36 4 1 44 7 31 21 19 22 28 10 2 17 3 42 5 39 7 16 8 34 12 22 15 28 18 30 19 41 23 42 7 4 23 8 33 10 24 16 17 17 18 19 22 23 26 9 2 14 6 18 8 27 15 41 16 17 17 13 19 15 20 13 21 24
4 11 3 26 6 31 7 21 8 41 9 50 14 37 15 48 18 36 21 34 24 21 25 29 5 6 35 7 24 14 38 16 42 17 44 14 2 45 3 46 4 26 5 24 7 22 8 45 9 22 12 37 14 26 16 32 19 29 21 44 23 19 25 38 6 4 36 9 35 12 16 18 27 20 46 21 43
3 10 1 29 4 32 5 48 6 13 14 47 17 27 18 40 20 19 22 16 23 31 14 2 19 3 28 5 13 8 19 9 23 11 42 12 17 13 26 17 11 18 26 19 49 21 13 22 48 25 44 10 1 25 3 26 4 42 5 48 7 25 8 36 11 31 13 46 14 28 25 33
7 13 1 43 3 39 4 26 6 31 10 41 12 23 13 37 15 27 16 17 22 26 23 48 24 18 25 44 9 1 47 3 11 4 13 6 21 10 15 18 11 20 38 22 46 23 36 13 1 22 4 21 5 43 8 20 10 16 11 21 13 32 18 18 19 45 20 32 21 32 23 21 24 11 15 3 30 5 41 6 45 7 36 8 40 9 49 11 34 14 22 15 13 17 20 18 24 19 32 22 46 23 43 25 43 13 1 29 2 16 3 31 6 13 7 39 9 36 12 32 13 20 17 23 21 22 23 30 24 40 25 12 14 2 16 4 32 5 18 6 38 7 12 11 16 12 19 14 40 17 27 19 10 20 17 22 19 24 48 25 37 13 2 19 5 18 8 29 9 39 10 44 11 19 14 20 15 17 16 25 18 18 22 32 23 44 25 43
3 15 1 34 4 35 5 16 6 19 11 15 13 17 14 18 15 23 16 39 19 48 21 19 22 42 23 15 24 26 25 43 3 5 49 6 42 25 22 14 1 25 4 44 5 26 9 21 10 43 11 42 14 25 15 25 16 32 17 14 20 15 21 32 22 44 24 20
8 10 1 24 6 28 9 28 12 36 17 24 19 23 20 20 21 15 23 14 24 14 12 2 50 3 15 4 47 5 11 8 16 9 50 13 12 14 39 16 50 21 37 23 19 25 25 10 2 37 3 41 4 29 6 24 7 12 12 19 14 16 15 18 17 11 24 37 9 6 42 8 25 10 19 12 43 14 34 15 29 17 36 19 27 25 17 5 1 47 8 36 11 42 13 24 14 20 11 3 47 5 25 8 23 10 30 13 26 14 35 16 45 20 15 21 40 23 31 24 31 10 2 34 11 13 13 48 16 34 17 45 18 32 20 11 21 40 23 33 25 34 9 6 14 7 12 8 14 9 39 13 46 18 32 19 44 24 10 25 27
4 12 2 11 6 19 7 31 9 30 11 33 12 40 14 45 19 15 20 40 22 47 23 28 24 35 6 4 36 5 39 9 29 12 39 20 13 22 19 6 4 12 12 26 13 21 15 27 20 26 22 50 13 3 24 5 46 9 34 10 12 12 26 13 42 14 22 15 17 16 42 17 18 18 14 19 16 25 44
6 4 2 37 10 16 12 45 17 38 12 1 47 2 18 5 19 6 20 8 49 9 41 14 44 17 23 19 11 22 50 23 47 24 49 4 6 21 15 49 19 22 22 47 11 2 39 6 40 8 12 11 32 12 33 16 13 17 23 20 39 21 15 22 44 23 14 15 1 27 4 48 5 40 6 32 10 38 11 26 12 28 13 30 14 14 16 13 18 16 20 50 21 32 22 46 23 45 7 5 23 9 21 11 14 12 39 14 46 24 16 25 27
7 14 1 10 2 19 4 48 7 40 8 21 9 41 12 18 13 13 15 18 16 46 17 26 18 32 21 31 22 28 9 3 29 5 43 6 23 9 49 14 26 16 16 19 38 24 33 25 41 5 2 14 7 18 13 36 18 47 20 28 7 3 18 7 25 12 28 13 18 15 24 16 42 24 19 6 5 45 11 26 14 37 18 34 20 22 22 40 14 4 33 5 46 8 50 9 17 11 44 12 14 14 32 15 42 16 10 17 42 19 26 22 47 23 50 24 47 7 6 24 13 44 14 39 16 18 21 26 23 45 25 44
4 9 4 24 5 41 6 33 7 50 8 22 11 35 14 15 19 27 22 23 5 7 40 12 37 13 42 20 44 24 19 7 2 20 3 20 4 47 9 30 20 28 22 39 24 11 6 7 15 9 47 18 21 20 35 21 29 22 49
8 12 3 32 5 49 6 42 9 35 10 40 15 23 16 46 17 18 18 16 19 16 23 18 24 17 12 1 39 2 17 3 44 5 18 6 18 10 49 13 10 15 47 17 29 18 26 20 34 24 41 8 1 18 3 26 5 41 9 16 12 27 13 15 16 14 25 35 10 2 15 7 29 10 35 11 17 13 16 14 39 16 39 20 34 21 46 22 34 12 1 22 3 46 4 31 7 19 12 39 14 23 15 36 18 40 19 29 20 16 24 22 25 12 14 1 47 4 10 5 10 7 41 8 17 9 23 12 36 14 30 15 47 17 17 19 50 20 13 22 37 25 16 11 7 17 9 10 11 40 12 48 14 20 15 25 16 32 18 48 19 31 20 30 22 17 3 6 26 11 33 15 39
7 3 6 45 16 48 22 21 14 3 10 4 22 5 16 6 12 9 42 10 28 12 37 13 17 15 38 17 32 18 46 19 21 22 36 23 30 12 7 18 9 44 11 17 15 43 17 45 18 47 19 35 20 34 21 39 22 19 23 38 25 17 11 1 10 2 33 3 50 8 40 9 47 10 14 11 37 12 23 14 25 17 47 22 21 13 3 44 4 11 5 16 6 15 12 42 13 13 17 22 18 43 20 35 21 31 22 12 23 23 25 12 9 4 45 11 26 13 18 16 22 20 43 21 50 22 15 24 29 25 49 3 1 25 13 18 14 18
5 8 1 41 4 47 5 50 7 47 14 26 16 32 18 13 21 33 15 3 19 5 10 6 33 9 42 10 32 11 46 12 20 13 41 15 40 16 32 19 17 20 24 23 10 24 47 25 25 13 2 19 3 37 5 42 6 12 8 44 10 17 11 28 13 35 16 25 18 30 19 31 22 11 25 35 13 2 11 4 31 8 40 10 50 11 17 13 17 14 24 16 20 18 38 21 20 22 24 23 30 25 37 9 3 43 6 28 7 28 11 32 13 35 15 30 18 30 21 19 25 13
3 15 1 21 4 12 5 41 6 17 7 21 10 40 12 40 15 41 16 17 17 49 20 15 21 13 23 16 24 37 25 26 13 2 39 4 31 5 33 6 21 7 49 13 25 15 50 17 21 18 41 20 37 21 41 22 25 23 23 13 1 35 2 11 3 43 6 43 7 34 10 18 11 17 14 37 17 28 18 49 19 27 24 21 25 11
8 5 3 21 8 30 15 21 17 29 23 29 11 3 31 4 36 5 41 6 15 7 47 11 18 12 10 14 14 16 21 18 26 25 42 7 3 29 4 22 10 47 12 34 15 14 21 44 25 47 3 16 22 18 14 23 30 5 7 41 8 18 9 36 19 47 20 48 8 1 43 4 30 6 23 7 41 11 26 19 43 22 33 25 42 3 6 50 9 39 17 35 13 1 21 4 11 5 10 7 45 8 12 10 49 12 15 14 18 19 33 21 39 22 24 23 41 24 50
5 11 2 34 4 31 6 18 7 32 8 36 11 40 13 11 15 31 17 33 18 22 23 28 6 2 18 8 37 11 40 12 15 13 30 25 25 14 1 42 2 22 6 40 8 46 9 13 10 43 11 38 14 46 16 45 19 12 20 26 23 14 24 43 25 36 8 7 45 10 13 12 11 14 17 15 18 17 30 18 25 25 49 3 6 17 7 32 11 48
4 15 1 46 2 27 3 30 5 18 7 42 8 25 10 14 12 31 13 24 14 25 18 42 19 48 21 36 22 10 23 16 13 2 30 5 43 6 40 7 32 9 36 10 39 11 29 12 29 13 50 15 23 18 35 23 23 24 20 5 1 28 5 35 8 38 11 40 23 42 14 2 42 4 40 5 23 8 28 12 41 13 39 14 39 15 42 16 29 19 19 20 34 21 30 22 47 24 39
6 12 2 21 3 25 4 13 5 45 6 14 8 45 10 24 13 38 16 19 17 34 20 13 25 24 14 1 47 4 37 6 24 7 37 8 47 10 47 11 37 13 48 14 17 15 38 17 45 20 38 22 12 24 11 4 9 22 11 44 15 43 24 25 5 3 10 5 19 10 42 16 19 20 25 4 1 24 8 32 9 46 13 13 4 1 20 3 17 17 50 18 13
7 8 1 29 2 28 3 36 6 50 8 46 11 38 18 48 24 32 13 2 10 6 45 8 30 9 47 11 31 12 28 13 26 19 43 20 37 21 25 22 29 24 44 25 40 4 6 31 8 12 17 35 19 11 11 2 15 4 48 6 44 7 44 10 10 11 21 16 26 17 19 19 40 20 27 23 23 7 3 30 5 11 7 26 9 42 17 17 22 28 24 44 8 3 33 7 47 8 20 13 27 17 49 18 50 20 25 22 27 10 1 45 5 33 7 33 8 50 11 34 14 14 15 47 16 12 21 44 25 13
3 9 6 20 8 34 10 21 11 31 15 41 16 36 18 19 19 18 21 46 10 3 33 5 24 6 38 9 20 10 27 11 19 17 12 18 13 20 48 25 20 13 1 39 5 14 8 43 12 43 14 15 16 31 17 43 19 30 20 44 21 20 23 19 24 39 25 47
7 14 3 36 4 39 5 13 7 49 10 41 11 24 12 42 13 48 14 23 15 50 19 46 21 16 22 15 24 19 15 1 22 2 31 3 41 4 18 6 27 7 25 8 28 11 27 17 12 18 26 19 44 20 46 22 11 23 21 24 15 10 2 37 5 26 6 25 10 46 15 14 16 17 18 40 19 21 21 20 25 45 6 4 44 11 18 15 50 19 50 24 42 25 38 3 9 30 17 48 25 32 12 4 40 5 14 7 35 10 43 13 38 14 41 15 32 16 26 17 17 18 15 19 43 22 28 14 2 15 3 10 6 21 7 38 8 37 9 25 12 10 13 47 15 13 16 17 19 50 20 32 21 41 22 24
4 14 1 30 3 40 4 28 5 36 7 41 8 34 9 34 10 30 11 29 12 19 18 13 19 48 21 44 23 35 9 2 42 4 14 7 29 10 27 12 20 13 14 15 11 16 20 22 10 12 2 49 3 24 7 30 10 22 12 43 13 30 16 42 19 18 21 28 23 10 24 37 25 43 8 3 31 7 18 17 26 18 35 19 21 21 27 22 38 25 12
7 5 2 18 3 31 15 22 16 44 22 25 13 1 48 4 35 5 46 6 33 9 42 14 20 15 50 16 33 18 14 19 40 23 28 24 49 25 16 7 6 36 7 10 10 31 12 44 19 16 24 16 25 47 8 4 25 5 29 8 21 11 26 14 32 15 49 16 15 24 19 8 8 22 9 22 12 17 13 17 14 27 18 33 22 48 23 23 12 2 27 5 10 6 37 7 25 10 30 16 16 17 34 20 11 21 49 22 42 23 29 25 15 13 2 33 6 15 7 19 9 44 12 17 14 18 18 14 19 43 20 27 21 13 23 41 24 34 25 35
3 10 1 24 2 22 6 35 8 17 10 35 15 10 19 37 21 22 23 13 24 21 8 2 34 5 23 8 43 10 50 13 24 18 28 23 37 25 37 4 4 33 10 24 16 43 20 38
4 9 7 24 10 15 14 20 15 30 17 27 19 41 20 33 24 34 25 11 11 1 29 2 50 6 14 8 49 10 44 13 16 15 13 16 19 18 30 20 11 25 41 15 1 19 6 22 7 45 8 18 11 39 12 43 13 16 15 26 18 36 19 48 20 34 21 41 23 34 24 40 25 15 7 8 44 10 40 13 43 17 42 18 40 19 22 22 42
7 4 5 33 9 41 13 36 19 12 13 1 44 4 15 5 37 6 37 7 29 9 10 10 15 11 41 12 27 14 45 19 47 20 13 25 47 14 1 13 2 37 3 38 4 15 6 29 8 37 11 40 15 50 16 13 17 22 18 15 22 18 23 42 24 36 15 3 24 4 44 5 37 6 22 8 21 9 19 11 20 12 14 16 40 18 13 19 32 20 13 21 38 22 31 24 39 14 1 38 3 46 5 38 6 13 9 33 13 25 16 19 18 36 19 42 20 34 21 36 22 39 23 48 25 13 4 13 16 14 44 17 16 23 27 10 3 18 4 36 5 35 6 32 9 22 12 22 13 11 15 35 21 38 24 38
6 15 3 41 5 17 6 45 8 31 9 30 10 14 11 37 12 44 14 39 15 41 16 12 20 11 23 14 24 45 25 27 11 2 37 8 17 9 14 10 32 12 36 13 28 14 13 17 30 18 44 21 41 24 23 7 6 35 7 17 12 43 18 17 23 38 24 25 25 17 7 2 42 6 14 8 45 13 23 20 37 22 48 24 17 5 9 16 15 25 17 41 20 23 22 45 11 2 26 3 10 5 31 8 12 9 27 10 46 16 15 20 16 22 25 23 44 24 13
8 14 2 38 3 26 5 21 8 18 9 36 11 30 13 26 14 45 15 44 16 31 18 17 21 13 24 16 25 10 5 3 22 4 27 8 12 21 38 25 42 4 6 35 9 25 14 21 22 41 8 7 30 8 31 9 49 11 41 12 44 16 38 17 50 19 47 12 5 50 6 19 8 19 10 27 11 29 14 15 15 38 17 32 20 23 23 48 24 37 25 40 10 1 45 4 14 5 13 8 38 11 47 12 13 14 19 16 28 22 41 24 33 9 1 40 2 26 3 33 6 30 9 12 16 15 21 27 22 45 25 50 15 4 28 5 22 6 15 7 38 8 13 9 37 11 41 12 45 15 22 18 34 19 41 20 37 21 11 22 35 23 46
4 9 5 13 8 44 13 20 15 30 17 24 19 49 20 12 24 11 25 32 7 1 13 3 26 8 46 9 19 13 20 15 20 21 26 3 14 36 22 11 23 35 7 2 45 6 37 9 36 13 22 15 43 17 10 24 10
8 6 4 39 7 42 12 13 16 39 17 38 25 34 10 3 42 4 33 5 31 7 19 8 46 12 37 15 26 16 43 18 49 22 23 12 4 28 5 13 7 30 11 27 12 15 14 35 17 21 18 30 19 33 20 45 21 13 23 42 4 16 35 17 48 23 41 25 40 13 1 32 3 23 4 32 5 45 8 25 11 49 12 49 14 30 15 18 17 30 18 42 19 13 24 13 3 7 15 14 43 19 12 15 2 38 3 23 4 30 6 13 7 15 8 12 10 23 13 43 16 12 18 10 19 35 20 16 21 48 22 31 25 42 15 1 27 3 44 4 21 6 19 7 21 9 28 10 39 14 15 16 32 17 30 18 17 20 30 21 15 22 31 24 50
4 5 10 47 12 32 17 49 18 43 25 38 14 1 14 3 50 4 16 5 44 7 24 8 46 9 29 14 49 15 41 20 30 21 19 22 41 23 16 25 19 12 1 49 2 43 6 17 7 37 9 29 10 29 16 24 17 23 21 50 22 40 24 22 25 11 12 1 27 2 13 3 34 6 24 8 23 9 17 13 27 17 39 19 35 22 41 24 22 25 11
6 3 4 35 20 28 24 34 4 3 30 20 45 24 32 25 23 3 14 39 17 26 20 35 6 3 22 5 37 10 18 11 16 19 48 24 10 6 3 24 9 42 11 28 13 26 14 17 23 18 9 6 23 8 27 14 30 16 46 21 34 22 20 23 37 24 23 25 33
8 13 2 36 5 12 6 46 7 36 8 30 9 29 11 32 14 50 15 46 19 20 22 50 23 50 25 30 7 3 20 10 29 11 47 14 25 15 21 19 40 25 25 11 1 44 2 19 3 40 9 12 11 36 14 48 16 12 18 45 21 39 24 17 25 23 4 5 42 15 32 20 42 24 13 5 1 35 2 28 6 34 17 11 25 18 11 2 15 7 32 12 43 14 10 16 26 17 25 19 49 21 23 22 49 23 44 25 45 13 1 50 3 23 5 13 7 41 10 41 11 21 14 13 15 39 16 42 17 13 19 21 21 44 22 20 14 2 38 4 34 5 49 8 23 11 11 14 28 15 31 17 14 18 12 19 33 21 44 22 23 23 41 24 45
5 7 2 18 10 33 12 14 14 43 17 42 20 37 22 43 12 1 33 2 11 8 48 9 16 10 44 12 15 15 28 16 49 17 43 20 23 22 31 23 12 15 1 38 2 41 4 45 5 17 6 13 8 44 11 45 12 16 14 25 15 12 16 33 17 38 19 31 21 27 23 16 3 1 36 4 47 7 48 9 3 33 4 15 5 26 6 18 7 50 13 26 18 23 19 19 23 48
3 7 1 37 5 28 6 31 10 23 17 24 20 44 21 29 8 4 22 6 31 9 38 10 16 15 44 20 44 22 21 23 43 8 4 20 5 16 7 31 8 27 12 50 20 43 21 38 25 44
5 13 1 34 2 16 9 27 10 23 13 30 14 34 15 50 16 25 17 14 20 11 23 44 24 19 25 25 5 1 43 3 21 4 28 11 42 21 36 13 3 27 4 15 7 28 8 32 9 39 10 28 11 40 12 25 14 32 18 32 20 45 21 39 25 43 13 3 45 8 38 9 25 10 22 11 15 13 15 15 46 16 38 17 32 18 38 21 33 22 25 23 13 13 2 23 4 47 5 36 7 46 9 19 10 36 11 15 15 46 16 18 17 43 19 20 20 39 23 50
7 12 1 46 2 50 8 38 9 29 11 17 12 26 15 17 18 41 21 29 22 30 23 11 24 16 13 3 14 4 48 8 38 11 30 12 15 13 35 16 27 18 26 19 38 20 44 21 30 22 45 24 46 7 6 15 7 11 9 42 13 46 15 41 20 26 24 45 15 2 31 4 16 6 48 8 10 10 27 11 41 12 38 13 17 15 42 17 37 18 40 22 24 23 10 24 43 25 32 14 2 12 3 15 4 39 5 27 6 48 8 39 9 16 12 23 13 50 21 37 22 26 23 14 24 18 25 30 14 1 40 4 22 5 48 8 40 9 50 11 45 12 34 13 30 17 16 19 38 22 46 23 23 24 45 25 32 15 1 24 2 50 5 38 6 39 8 50 9 14 10 33 11 39 12 44 13 38 14 21 15 46 21 24 23 10 24 35
6 3 18 45 19 15 23 49 5 1 47 6 37 7 23 17 33 20 30 15 1 19 2 50 3 26 6 26 8 36 11 29 12 16 13 37 15 17 16 34 17 34 18 49 20 27 21 31 23 46 7 1 47 3 47 7 17 9 28 16 32 17 26 24 18 5 7 26 9 40 16 35 17 19 19 47 9 2 43 3 47 4 18 7 14 8 37 13 37 15 19 22 18 25 27
54 133 105 52 127 77 142 49 123 73 99 36 136 57 39 87 57 104 50 95 103 49 120 130 65 46 121 91 68 84 124 38 93 68 118 53 74 114 107 120 74 96 56 91 129 82 47 71 89 89
1 3 2 3 1 2 2 2 3 1 1 3 1 2 3 2 2 3 1 3 1 3 1 1 2
# Instance ID: 61
# Total operations: 278
# Actual flexibility: 0.374
# Generated: 2026-02-14 14:26:22
# Format: Extended Brandimarte for MOFJSP (Comparison Dataset)