25 15
3 9 1 23 2 13 3 42 4 39 6 17 8 33 11 34 13 26 15 40 5 1 16 4 41 8 30 11 29 12 24 2 3 38 13 28
4 3 5 30 9 39 14 21 8 1 19 3 38 5 21 6 45 7 43 9 29 10 12 14 38 8 1 40 3 14 4 23 5 31 7 23 8 45 13 35 15 40 8 3 42 4 40 6 48 7 13 9 36 10 11 12 26 14 43
7 8 1 26 3 10 4 32 6 11 10 43 11 48 13 19 15 40 5 2 48 6 38 7 37 10 26 12 10 7 4 13 6 40 7 42 8 48 11 39 12 41 14 31 7 1 43 2 26 3 19 4 21 5 40 7 23 10 35 4 3 13 4 21 8 21 12 19 9 2 17 5 41 6 16 7 37 8 20 11 13 13 28 14 20 15 49 7 2 24 5 12 7 33 9 21 10 16 12 37 14 47
4 2 4 21 10 21 2 3 36 15 46 2 2 21 5 35 6 1 11 2 14 7 38 8 39 9 11 14 23
4 3 4 12 7 31 8 10 2 5 22 10 23 4 3 26 7 27 8 34 14 46 5 2 46 3 27 8 38 13 37 14 25
4 2 4 46 9 12 8 1 16 3 48 5 24 6 48 9 24 10 18 13 39 14 20 9 2 13 3 29 4 46 7 37 9 13 10 18 12 37 13 36 15 38 8 3 23 5 47 6 41 8 26 9 49 11 50 13 47 14 33
8 2 8 10 12 42 8 1 20 5 12 6 44 7 10 8 16 12 46 13 20 14 48 2 3 14 15 33 6 1 26 4 44 5 46 10 12 14 47 15 24 4 3 25 4 23 6 21 15 10 4 1 19 2 33 4 31 6 32 2 2 24 10 31 6 1 35 4 47 6 42 11 45 12 45 13 28
4 5 4 20 10 28 12 25 13 35 14 20 8 1 17 3 18 4 27 6 27 9 15 12 20 13 47 14 13 9 1 19 3 25 6 41 7 35 8 22 10 14 13 40 14 39 15 29 7 1 15 2 46 3 23 5 38 7 31 14 49 15 16
5 4 2 24 3 16 7 40 8 33 5 3 40 5 30 7 19 12 42 14 50 8 1 38 2 24 3 11 5 10 7 46 10 47 13 20 14 44 6 1 20 3 16 4 14 5 32 6 24 14 31 7 1 47 2 50 3 16 4 29 5 25 6 13 13 43
3 9 3 26 5 18 8 19 9 15 10 42 11 44 12 25 13 26 15 50 7 1 29 2 44 3 40 9 41 10 12 12 37 13 41 8 3 32 4 16 7 32 9 49 10 13 12 20 13 31 14 39
6 6 1 32 5 43 6 43 7 22 9 44 12 20 7 3 11 7 42 8 27 11 35 12 40 14 18 15 47 4 4 30 5 33 6 15 11 47 8 1 44 2 21 3 32 6 50 9 35 12 20 13 29 15 38 4 4 26 7 21 9 10 10 15 4 3 15 4 28 5 46 13 46
4 4 1 48 10 36 13 35 14 20 9 1 33 3 37 5 22 6 21 7 14 10 40 11 28 13 12 15 11 5 1 46 2 24 10 25 12 33 14 22 4 3 15 5 15 8 47 15 24
7 8 1 39 3 41 7 12 9 30 12 35 13 27 14 35 15 17 8 1 23 3 43 5 32 7 10 8 10 11 46 14 30 15 24 9 2 24 3 17 4 23 5 22 7 36 8 17 9 10 12 49 15 26 6 2 16 3 34 4 32 5 27 7 28 12 17 5 3 34 8 43 11 33 13 40 15 36 2 7 23 14 26 6 1 40 2 30 3 31 5 16 7 42 10 45
4 9 1 21 2 12 3 20 4 28 8 45 10 24 11 38 12 29 13 27 6 2 32 3 37 4 31 5 22 8 42 13 34 6 1 28 3 44 6 33 8 24 10 34 13 18 8 1 27 3 14 4 10 5 10 7 48 8 31 9 24 10 42
7 7 2 35 3 27 5 25 6 30 8 47 11 48 12 11 2 10 24 13 40 3 5 13 7 29 11 41 8 2 27 4 23 5 39 8 13 9 35 10 34 12 15 13 44 9 3 34 5 24 6 35 7 45 8 14 11 33 12 29 13 15 14 43 7 1 19 9 38 10 40 11 20 12 46 13 17 14 10 6 1 34 6 11 8 28 9 25 11 33 12 36
5 8 1 47 4 42 5 25 6 23 7 11 8 35 12 40 15 38 5 1 45 2 18 7 21 8 21 14 36 8 1 42 2 38 5 42 8 42 10 37 11 31 14 23 15 42 7 1 46 4 36 7 23 8 29 10 20 11 42 13 49 9 1 18 5 18 6 17 7 39 8 13 11 26 12 45 13 37 14 14
7 8 1 13 3 14 4 35 7 20 8 46 11 10 12 40 15 22 4 9 15 10 46 13 44 14 20 9 1 39 2 10 3 44 4 37 6 29 7 49 8 26 9 20 10 35 6 1 25 3 15 4 25 9 30 10 29 12 50 2 2 32 5 46 8 1 22 2 10 3 33 6 26 7 48 8 43 10 20 15 27 5 5 25 9 13 11 19 12 14 15 39
6 3 7 10 8 34 9 50 8 1 16 2 34 4 26 5 47 6 19 11 42 13 15 15 31 2 4 12 8 17 9 1 23 3 11 5 42 7 50 8 44 9 12 10 43 11 50 15 14 9 3 28 6 29 7 43 9 30 10 11 11 11 13 39 14 19 15 43 7 2 14 3 36 5 44 8 10 10 37 11 47 13 17
3 8 1 45 2 12 3 43 7 18 8 11 11 25 13 49 14 17 9 1 23 3 30 4 48 5 34 7 50 9 21 11 26 12 31 13 43 9 1 33 2 23 3 36 5 48 10 11 12 47 13 15 14 19 15 24
7 9 1 13 3 25 4 49 5 34 6 38 7 10 8 18 9 28 11 25 8 1 24 3 37 5 26 6 42 9 15 12 44 13 38 15 33 6 1 44 4 19 5 17 7 32 9 46 11 38 9 2 24 3 37 4 12 5 34 6 35 7 39 9 48 11 49 15 43 8 2 21 3 18 5 13 6 26 8 21 10 48 14 43 15 34 4 3 18 7 10 10 34 13 36 8 2 34 3 49 4 47 6 48 7 19 8 47 10 48 13 45
7 5 4 35 6 45 8 42 9 39 13 41 9 1 43 2 21 3 13 4 43 5 26 6 48 7 25 10 16 14 30 5 4 15 9 19 10 18 12 35 15 10 2 1 28 2 29 2 11 39 15 35 4 10 14 12 29 13 24 14 12 6 2 11 4 23 5 43 10 46 12 41 13 30
3 4 8 18 9 12 11 47 15 49 8 3 10 5 31 6 49 7 19 10 13 11 43 13 21 15 24 7 1 48 4 16 7 49 8 26 10 45 12 49 14 35
6 4 9 12 10 33 13 35 15 44 4 1 33 2 25 8 50 15 10 9 2 28 6 10 7 29 8 25 9 29 10 41 12 26 13 17 14 20 7 2 35 4 16 6 10 8 13 10 41 11 41 15 41 5 2 13 3 24 6 36 8 15 11 46 4 1 49 3 47 6 48 12 14
4 5 4 12 8 22 9 29 13 21 14 28 6 5 10 8 27 9 41 10 37 14 11 15 38 8 1 36 2 30 3 14 4 48 6 14 8 40 13 50 14 12 7 2 47 3 32 4 15 8 27 9 32 11 34 12 22
7 6 1 10 2 32 6 32 9 44 10 15 12 16 7 5 33 7 25 8 48 10 17 12 35 14 13 15 41 9 1 29 3 17 4 44 5 27 10 11 12 25 13 48 14 44 15 19 4 1 23 2 47 9 34 13 35 4 1 25 12 42 13 33 14 44 8 1 19 5 35 8 30 9 20 11 48 12 31 13 15 15 34 6 4 25 7 31 10 36 11 18 12 22 15 13
54 76 134 58 51 55 119 66 80 44 84 60 136 49 121 83 93 107 36 100 100 54 112 59 99
3 2 2 1 1 3 3 3 3 2 2 3 2 3 1
# Instance ID: 35
# Total operations: 129
# Actual flexibility: 0.403
# Generated: 2026-02-14 14:26:22
# Format: Extended Brandimarte for MOFJSP (Comparison Dataset)