20 10
8 1 10 46 1 10 40 1 1 30 1 5 10 3 4 30 5 35 7 32 2 2 36 6 42 1 9 19 1 10 34
3 4 1 19 2 39 5 15 10 50 1 4 23 6 2 28 3 33 4 49 6 37 9 12 10 34
6 2 2 19 4 46 6 1 15 2 41 3 16 5 39 8 30 9 20 3 2 46 3 33 5 32 1 2 21 6 2 17 3 46 4 41 5 12 8 33 10 28 4 3 42 7 49 8 30 9 33
5 1 7 42 4 1 25 5 45 6 10 9 19 1 5 34 2 7 14 10 24 4 2 39 4 44 6 39 8 16
3 1 3 16 4 3 14 4 30 7 31 10 48 4 2 39 3 12 4 44 8 19
6 4 3 12 4 48 5 34 6 13 3 4 13 7 23 8 11 6 1 19 2 14 5 27 6 35 7 15 9 29 6 2 13 3 15 4 37 6 31 7 29 8 20 2 6 40 7 40 5 3 34 5 10 6 45 7 48 8 22
8 1 10 49 2 6 10 10 19 4 1 36 3 26 6 43 8 10 4 1 23 2 22 3 36 8 44 2 7 23 10 32 2 1 33 4 33 1 5 29 5 2 32 4 32 7 44 8 37 9 43
6 3 2 37 3 33 8 21 5 3 37 4 50 7 28 9 49 10 16 1 2 15 6 1 44 2 16 4 50 5 38 6 42 7 47 1 5 36 2 4 45 8 34
8 1 4 40 1 6 39 4 1 24 6 42 7 28 10 27 6 1 36 2 12 5 10 6 11 7 19 10 33 5 2 37 5 25 6 45 9 35 10 22 5 1 34 2 21 6 35 7 30 10 43 2 4 16 7 18 5 2 20 5 30 7 23 8 15 9 15
5 1 7 10 6 1 15 3 46 5 34 6 11 7 18 10 39 6 2 22 3 44 4 25 6 34 9 26 10 13 3 1 50 2 47 3 16 1 8 48
8 1 2 19 3 2 14 3 41 5 33 2 2 41 7 11 4 2 36 8 34 9 30 10 50 4 1 21 3 46 5 50 10 48 1 2 31 3 1 20 8 43 9 26 1 4 48
3 1 9 11 5 3 17 4 23 7 11 9 30 10 18 2 2 27 3 27
5 4 2 45 4 28 6 39 8 41 4 3 21 4 22 7 27 9 35 1 10 47 3 3 37 4 38 8 37 5 2 37 4 22 5 46 6 32 10 33
3 6 1 47 2 36 3 28 5 48 8 43 9 32 4 1 30 2 37 3 21 7 32 2 2 33 4 33
7 2 2 10 6 30 6 1 24 3 45 4 14 5 34 6 28 8 48 2 4 16 9 45 3 2 37 7 30 10 30 2 1 41 4 41 1 5 36 1 2 38
4 2 6 47 10 34 2 1 28 10 11 6 1 12 2 44 3 43 4 12 8 31 10 11 1 8 16
8 4 5 32 6 35 7 15 10 45 3 1 29 7 39 8 41 6 1 10 2 18 6 16 7 30 8 37 10 24 2 2 33 4 44 1 1 26 1 2 13 3 2 49 5 34 6 27 6 1 19 2 47 3 36 8 50 9 38 10 17
4 5 4 27 6 30 8 40 9 24 10 15 3 2 45 5 25 6 23 6 1 23 2 39 7 34 8 22 9 41 10 16 3 4 29 6 39 9 19
4 5 2 38 3 49 4 42 8 22 9 35 2 2 37 5 20 6 1 25 2 11 3 39 4 21 5 27 6 11 4 3 17 6 45 8 15 9 32
8 4 3 37 4 42 5 31 7 13 4 1 34 2 37 5 22 6 28 2 3 48 7 27 5 1 13 6 25 7 17 8 24 10 17 1 1 46 3 2 27 4 24 9 49 6 1 41 2 23 3 20 7 23 9 32 10 50 3 1 16 5 21 10 42
121 45 74 74 46 84 102 89 145 73 111 39 64 41 84 77 108 54 77 111
3 2 3 3 3 1 3 1 1 2
# Instance ID: 23
# Total operations: 112
# Actual flexibility: 0.311
# Generated: 2026-02-14 14:26:22
# Format: Extended Brandimarte for MOFJSP (Comparison Dataset)