100 30
7 13 2 43 3 47 4 42 5 31 9 30 12 12 13 26 14 25 15 49 21 32 22 31 25 42 28 34 9 1 17 2 14 4 30 5 48 6 38 7 26 20 23 25 41 29 43 10 1 49 3 47 5 41 10 43 13 28 16 32 22 17 24 44 25 40 29 36 17 2 43 4 34 5 20 7 31 8 18 9 46 13 24 16 40 18 34 19 37 20 46 21 39 22 28 23 45 26 30 28 40 29 21 10 1 43 3 16 4 31 5 43 12 38 22 17 24 47 27 21 28 20 29 47 9 5 20 6 10 7 41 8 44 11 47 16 35 18 18 21 11 27 35 17 1 18 2 48 6 21 9 12 13 45 14 11 15 19 17 38 19 21 20 36 21 11 23 39 26 26 27 21 28 28 29 29 30 20
8 16 4 40 5 20 6 44 7 35 8 25 11 40 13 26 16 45 19 12 22 15 23 42 25 18 26 15 27 11 28 25 30 47 4 7 45 18 50 19 36 30 12 7 1 49 9 16 17 32 22 38 24 10 27 26 30 38 10 4 35 6 31 8 33 12 22 16 27 17 13 18 44 19 29 20 36 29 46 4 1 22 5 25 18 17 21 28 8 4 45 6 25 10 33 12 34 17 25 18 14 22 30 28 41 18 2 29 4 29 5 23 7 22 8 22 10 32 11 34 14 11 16 26 17 24 18 38 21 15 22 15 24 11 25 40 26 26 27 15 29 41 9 1 40 2 48 4 24 5 28 11 12 14 27 21 35 23 38 28 42
3 6 3 25 10 48 11 17 12 50 17 29 28 28 7 2 48 5 41 10 49 17 31 24 29 26 37 28 11 10 2 13 7 15 10 46 11 15 15 11 16 18 25 29 28 33 29 48 30 42
5 18 1 44 2 10 3 38 5 36 6 47 8 36 10 42 13 50 14 47 15 39 17 43 23 31 24 12 25 34 26 35 27 12 29 44 30 14 11 2 42 8 48 9 29 10 12 12 15 14 13 17 39 18 42 19 33 22 47 29 37 14 1 36 6 22 8 50 9 14 10 21 11 40 13 42 14 49 15 47 16 36 19 10 23 23 24 13 30 23 4 12 29 17 27 22 12 27 41 13 1 16 2 16 4 43 8 25 9 11 11 21 12 32 17 47 22 39 24 34 27 20 28 45 30 19
6 9 1 18 2 39 8 25 10 13 16 29 20 26 22 27 25 39 30 28 4 14 28 19 38 22 37 26 12 14 1 39 3 19 4 38 9 24 11 37 12 36 15 30 16 24 18 35 22 34 23 19 24 24 25 32 27 28 5 6 30 11 20 12 31 14 27 24 29 6 1 20 5 36 10 17 12 21 15 40 30 43 18 2 37 5 38 6 32 7 29 8 19 10 43 12 19 13 31 14 19 20 19 21 28 23 25 24 13 25 13 26 12 27 26 28 48 30 50
3 4 6 22 10 47 23 13 25 16 14 2 28 4 49 6 30 9 22 10 24 15 45 16 32 19 11 22 36 23 33 24 50 27 18 28 22 29 11 11 2 40 5 22 7 50 8 43 11 24 16 10 17 32 19 49 21 42 22 50 25 42
6 5 7 17 11 11 17 43 20 48 28 37 4 6 35 9 39 18 10 30 14 9 1 30 3 24 9 42 12 11 16 44 17 27 19 47 25 42 29 14 17 2 31 3 18 5 40 7 17 9 36 10 39 11 38 13 24 14 21 15 27 17 24 23 18 24 31 25 18 26 33 28 44 30 42 8 6 13 8 44 14 15 16 16 20 22 21 37 22 44 24 25 11 1 20 7 31 9 33 12 29 13 37 14 16 15 11 16 38 21 19 28 46 29 21
5 17 1 19 2 40 3 37 4 19 5 40 6 43 7 38 8 24 9 29 17 15 18 42 19 34 21 14 22 43 25 35 26 36 29 20 15 4 37 5 26 6 41 7 19 9 46 11 18 13 28 14 39 16 12 17 32 18 36 20 45 25 43 26 31 30 22 9 4 32 9 15 10 22 14 31 15 24 23 47 26 20 27 35 29 47 11 1 34 4 30 6 16 8 31 11 35 13 36 14 14 15 12 16 45 28 25 30 33 10 3 12 4 40 7 23 8 40 11 48 12 48 16 23 18 42 21 12 30 31
6 13 1 45 5 15 7 29 8 45 11 46 17 45 18 41 19 50 22 27 23 21 24 47 26 27 27 50 8 9 35 10 38 11 43 19 29 20 32 24 36 25 18 29 45 16 1 42 2 20 3 36 4 17 6 23 8 39 11 19 12 30 16 40 17 10 19 36 20 14 22 24 24 21 25 42 27 24 10 4 30 7 21 17 12 18 49 19 23 24 50 25 46 26 18 28 28 29 40 8 2 10 6 22 12 10 15 50 17 38 24 18 27 42 30 47 18 1 25 4 34 6 41 9 22 12 34 13 16 14 10 17 36 19 20 20 17 22 14 23 48 24 13 25 37 27 46 28 10 29 27 30 19
8 16 1 29 2 47 4 22 5 41 6 20 7 29 9 50 10 46 12 13 15 42 19 27 21 11 23 31 28 17 29 18 30 21 5 1 37 9 26 19 23 22 35 26 42 5 2 21 10 29 12 21 23 38 30 38 6 1 49 5 25 8 11 22 36 24 26 26 28 15 3 23 4 47 5 18 7 40 14 35 15 25 16 39 17 19 19 10 20 29 21 30 23 16 24 47 26 23 29 21 10 5 28 12 50 13 30 14 44 18 50 19 37 20 15 21 21 26 50 27 14 7 4 46 5 38 7 33 17 16 22 25 25 33 28 31 15 3 35 4 14 6 16 9 21 10 25 15 19 20 30 21 30 22 25 23 21 24 23 25 48 26 32 28 36 30 42
8 7 7 30 9 44 10 41 18 26 20 28 25 26 28 15 18 1 42 2 34 3 12 4 19 5 41 7 46 8 23 10 10 12 22 13 25 17 33 21 14 22 29 24 39 27 31 28 48 29 47 30 48 12 2 10 7 43 8 25 11 16 13 14 14 28 15 27 18 44 19 47 21 37 24 21 27 41 8 2 24 3 24 4 21 10 10 16 38 22 10 26 50 27 41 11 4 38 5 34 8 15 12 33 13 25 16 22 21 34 23 17 24 16 29 17 30 24 7 1 43 4 43 20 10 21 22 26 19 27 43 29 27 13 1 19 3 25 11 35 15 24 17 39 19 25 20 28 21 40 22 42 23 37 26 30 28 25 30 42 15 1 41 3 25 6 46 7 30 8 44 12 42 14 40 16 35 17 16 18 43 19 49 20 19 22 33 25 49 29 10
7 11 2 26 7 20 9 16 11 20 13 46 15 11 24 11 25 28 26 22 27 34 30 11 16 2 10 3 28 4 48 5 45 6 14 7 15 8 14 11 27 12 11 14 32 15 43 16 44 20 29 23 15 27 49 28 16 17 1 46 2 45 3 23 8 45 10 37 11 11 12 32 13 32 14 26 16 34 18 11 20 11 23 16 24 14 25 28 26 12 27 14 5 6 21 11 32 12 42 17 43 30 21 18 1 21 5 15 8 18 10 33 12 42 14 47 15 12 16 18 17 19 18 26 20 41 21 20 23 19 24 32 25 24 26 14 27 48 28 38 18 3 17 4 43 6 29 8 23 9 49 11 50 15 19 17 16 18 45 19 14 21 17 22 18 23 37 24 45 26 32 27 26 29 35 30 20 7 4 13 7 43 14 30 19 50 26 28 29 34 30 17
7 7 5 44 7 37 9 49 18 10 19 20 26 48 29 36 10 1 30 5 28 6 34 7 39 12 28 14 33 17 40 24 28 25 37 29 48 13 1 20 5 29 9 14 11 29 12 36 14 25 15 28 16 25 19 15 22 35 24 23 25 25 30 35 9 2 18 9 39 14 42 15 16 17 45 20 47 22 15 24 30 27 34 17 1 33 3 28 4 44 7 38 8 16 9 31 10 28 11 24 12 12 16 18 18 38 20 45 22 46 25 37 28 46 29 12 30 31 4 1 34 8 26 16 30 22 26 8 8 30 9 23 18 26 20 47 22 33 23 32 25 33 26 37
6 9 8 48 13 22 18 47 19 17 20 40 21 23 22 35 24 49 27 23 17 1 16 3 43 6 17 7 19 9 28 10 47 12 35 13 12 15 37 16 34 18 48 20 21 21 37 23 13 26 24 27 39 29 31 8 1 16 2 25 9 34 17 48 20 40 21 38 24 11 27 19 4 9 15 18 46 20 28 26 50 14 1 34 2 20 4 41 5 20 6 48 8 23 11 10 12 20 14 28 15 26 19 44 22 24 24 13 29 19 8 3 33 4 45 10 13 16 10 17 12 19 37 26 10 29 12
3 13 1 25 5 39 6 12 7 32 8 11 11 23 14 48 19 12 20 10 21 33 25 26 27 29 29 10 9 2 37 7 12 10 47 19 30 20 30 21 35 24 45 29 36 30 27 16 3 16 5 10 7 28 11 28 12 11 14 23 15 19 16 34 17 29 18 20 19 46 22 23 24 13 26 38 28 31 30 41
8 5 6 25 11 23 23 44 24 41 30 35 15 1 41 4 40 6 17 7 40 8 44 12 15 14 17 15 25 16 48 17 35 22 27 26 28 27 44 28 21 30 38 8 7 43 9 10 13 30 14 36 19 45 22 26 27 46 29 36 12 2 45 4 44 10 44 12 21 16 12 20 50 23 27 24 50 25 30 26 12 27 22 28 20 10 1 39 3 22 4 36 6 26 10 43 11 16 12 16 22 10 26 27 27 42 16 1 40 2 40 5 19 9 45 10 18 11 35 13 16 14 30 21 13 22 25 23 40 24 22 26 20 27 40 29 15 30 45 11 3 17 5 15 8 11 9 43 13 25 14 17 15 19 17 29 20 19 23 10 28 40 5 3 20 5 28 8 16 23 39 29 44
3 17 2 39 3 18 4 41 5 45 6 31 7 14 10 19 12 33 13 25 16 37 18 36 19 44 20 16 22 37 23 30 27 44 29 29 18 2 20 4 44 5 15 6 50 7 12 8 14 10 42 13 45 14 42 17 24 20 38 21 41 22 39 23 21 25 46 27 13 29 47 30 19 17 2 41 4 10 6 37 7 43 9 13 12 29 13 35 15 48 17 46 19 22 20 25 22 25 23 11 24 45 25 43 29 10 30 38
3 10 2 40 3 24 4 23 6 15 8 40 15 40 17 18 18 19 23 14 28 43 6 4 33 8 48 15 12 16 20 22 45 26 41 17 1 32 2 30 3 14 4 37 5 36 6 45 9 48 10 35 12 20 13 19 15 36 17 31 18 26 24 40 25 37 28 24 30 20
6 5 8 15 12 34 14 41 25 10 26 38 17 4 31 6 39 7 13 11 22 13 43 14 16 15 29 16 28 17 14 18 28 22 26 23 27 24 45 27 49 28 30 29 45 30 27 14 1 29 3 47 4 22 5 41 7 22 8 43 9 27 10 33 14 43 15 46 21 28 27 49 29 45 30 50 16 1 34 3 20 4 35 5 15 8 30 9 25 10 44 12 44 14 14 15 21 17 19 21 18 22 34 25 43 29 31 30 47 18 1 45 4 45 7 42 8 43 9 18 10 47 11 22 12 36 14 19 15 21 16 39 18 22 20 15 21 11 22 47 25 41 29 45 30 18 17 1 22 4 22 5 27 6 46 7 34 10 28 12 35 13 26 14 22 16 35 19 47 20 21 24 37 26 12 28 47 29 23 30 17
3 14 1 24 7 49 9 29 10 34 11 12 13 21 16 36 18 49 21 27 22 29 26 19 28 48 29 11 30 46 17 1 24 2 38 4 38 8 33 9 41 12 27 14 38 16 11 21 24 22 24 23 29 24 13 25 49 26 19 28 40 29 13 30 20 7 6 18 11 37 12 18 18 16 20 16 28 15 30 26
8 17 1 15 4 34 5 37 7 43 8 45 12 45 13 42 14 29 17 18 18 19 20 23 21 11 23 26 25 27 26 33 28 39 29 13 5 2 47 22 16 24 10 27 22 30 38 18 2 14 3 10 4 23 5 31 8 15 9 43 10 18 13 40 14 44 17 41 18 49 23 20 24 30 25 31 27 41 28 10 29 46 30 49 13 1 36 5 45 6 49 7 28 10 18 11 43 16 23 18 50 19 45 20 33 24 43 25 12 26 29 10 2 41 4 31 6 27 8 17 9 43 12 50 15 36 17 45 18 16 25 22 13 2 47 7 34 8 20 9 10 10 46 12 32 13 25 14 46 16 31 17 42 18 14 28 48 29 25 16 1 41 3 49 5 25 7 13 10 26 11 27 12 14 13 45 14 17 16 31 19 41 20 14 25 10 26 22 27 44 29 15 15 1 42 6 23 9 39 11 28 12 49 13 18 16 48 17 20 20 42 21 37 22 33 23 17 24 35 28 11 30 25
5 13 1 44 5 42 6 42 9 21 12 49 13 30 16 36 19 22 24 36 25 48 26 30 29 34 30 39 18 1 13 2 47 3 10 6 23 7 15 8 28 9 16 12 48 14 37 17 21 20 33 21 31 22 25 23 17 24 27 26 38 28 23 30 33 18 4 20 5 39 7 36 9 16 10 28 11 47 14 47 15 32 16 10 17 14 18 31 19 16 21 27 22 38 24 38 26 46 27 28 29 24 15 2 10 6 48 7 43 9 30 12 25 15 42 16 49 17 26 19 22 21 45 22 13 24 29 25 14 26 10 29 50 18 1 44 2 20 3 30 4 17 7 20 10 40 12 33 13 35 14 32 15 33 16 35 17 14 18 35 19 33 20 31 21 19 27 43 30 13
7 16 1 20 2 20 8 36 9 32 10 15 11 27 14 30 21 29 22 15 23 11 25 41 26 12 27 48 28 13 29 41 30 30 13 3 23 4 34 6 10 8 50 10 34 12 22 14 19 15 10 18 35 20 32 23 27 27 45 28 20 4 2 41 14 35 17 29 23 42 10 3 22 7 41 9 48 15 41 16 15 20 30 21 18 25 27 27 40 30 23 10 4 24 8 35 9 14 14 50 19 39 21 31 24 47 25 16 29 30 30 19 6 7 30 11 34 16 33 18 32 25 42 30 48 13 1 30 2 19 6 22 7 46 8 32 10 32 13 23 14 36 18 37 22 34 25 23 28 15 29 40
5 9 1 43 2 14 3 15 15 35 17 37 19 24 21 48 24 28 25 17 15 1 24 2 23 4 46 5 39 8 26 11 37 13 28 14 49 17 22 20 24 22 50 23 12 25 19 26 11 29 36 8 3 40 8 50 11 21 12 34 15 16 20 18 26 47 29 38 10 2 41 5 48 7 34 13 38 15 18 18 23 20 22 22 24 24 23 25 43 9 1 11 4 18 11 41 12 36 13 12 22 15 26 50 27 46 28 16
3 17 1 28 7 20 10 26 12 22 13 21 14 14 15 45 17 44 18 12 19 14 21 26 22 36 23 38 25 29 27 43 29 36 30 15 6 6 39 12 21 13 45 21 48 23 37 26 36 9 6 21 11 37 13 28 15 17 16 34 17 43 20 24 23 36 28 47
5 14 2 33 6 25 7 13 8 30 9 41 15 32 18 19 19 38 21 16 23 19 24 36 25 22 26 40 30 25 10 3 24 4 50 6 36 7 43 8 29 10 13 13 17 14 24 19 39 22 13 17 1 49 3 35 5 28 8 39 9 42 11 35 12 28 13 25 14 10 15 30 17 10 18 11 20 22 23 29 24 32 26 28 28 31 5 3 22 7 39 12 32 22 24 26 45 17 1 16 5 41 6 19 9 15 10 24 13 20 15 16 17 48 18 42 19 23 22 42 24 25 25 14 26 26 27 32 28 27 29 43
8 8 6 38 10 27 12 10 17 43 21 20 23 41 24 20 27 45 16 1 43 2 11 3 19 5 14 7 49 8 18 11 22 13 48 14 48 19 37 21 19 22 39 23 27 24 18 29 41 30 21 13 2 28 3 19 4 24 6 33 7 46 13 25 16 21 18 38 19 39 24 50 25 14 26 18 28 26 10 7 26 9 37 12 10 15 35 16 47 17 31 18 24 22 28 26 24 28 17 16 2 39 4 44 5 12 6 22 7 23 10 33 11 19 13 34 17 27 20 47 23 48 24 43 26 17 28 44 29 44 30 48 6 1 30 6 48 19 16 22 12 27 10 30 38 11 1 39 2 22 6 45 13 22 17 35 18 16 19 22 23 39 24 29 28 22 30 34 17 2 25 4 33 5 48 6 45 11 19 14 35 15 29 16 27 18 13 19 24 20 16 23 14 24 10 25 28 27 33 28 49 30 25
8 12 1 10 2 37 3 27 5 20 10 34 11 41 16 31 24 42 26 13 27 14 28 47 30 11 4 2 39 8 10 14 19 26 31 14 2 41 6 27 7 10 8 13 9 42 12 32 14 28 15 38 16 48 21 35 25 15 28 23 29 48 30 26 12 2 28 3 46 14 21 15 19 17 40 19 23 20 31 21 20 22 44 24 31 28 37 30 40 10 8 48 10 26 11 37 12 43 15 41 16 29 18 29 19 14 21 37 24 17 10 7 17 12 46 13 13 15 26 18 11 19 14 21 11 22 32 23 25 24 40 12 3 17 5 27 6 13 9 42 12 39 13 27 16 26 17 39 19 45 22 29 23 10 30 39 17 3 27 5 25 7 34 8 47 10 46 14 25 15 17 16 13 17 46 22 44 23 47 24 47 25 49 27 12 28 17 29 48 30 37
3 4 6 14 19 33 20 16 21 45 17 4 12 5 48 7 26 8 10 9 27 10 28 12 35 13 33 14 23 16 14 17 27 18 41 19 13 23 25 25 13 27 18 29 42 12 2 16 6 13 11 34 15 49 16 12 18 31 21 13 22 50 24 41 25 11 29 41 30 32
6 17 1 46 4 23 5 31 6 20 8 13 9 33 13 17 16 36 17 23 18 13 19 17 23 50 24 21 26 23 28 32 29 50 30 15 9 1 27 2 30 3 11 5 50 6 40 10 49 13 24 26 18 28 10 13 2 36 4 11 6 27 7 30 8 47 9 28 11 13 15 30 17 41 21 12 22 48 23 35 30 48 9 2 49 3 32 5 34 11 41 21 11 24 37 25 25 27 36 29 12 15 1 15 2 30 4 23 5 15 7 42 8 12 10 24 12 10 13 50 14 46 17 35 19 47 22 29 26 35 27 14 16 2 27 3 49 4 28 5 28 6 36 7 13 10 20 13 35 14 30 16 29 17 17 19 15 20 18 26 48 28 34 29 17
5 11 4 10 5 15 6 17 7 44 10 42 14 13 17 13 18 36 20 18 21 30 25 37 17 1 21 2 31 3 24 4 17 6 27 7 38 9 26 11 24 12 38 14 13 15 47 18 15 20 31 21 39 22 21 25 17 26 33 16 2 31 4 39 5 12 7 17 9 21 10 35 11 45 14 19 16 19 18 12 20 11 24 46 27 41 28 39 29 36 30 48 14 2 22 3 11 4 31 6 21 8 33 10 45 11 47 14 23 15 10 22 21 23 42 25 23 26 30 29 28 12 2 49 3 44 4 15 5 41 6 41 10 28 13 42 16 13 17 18 22 12 26 29 27 10
6 15 1 33 2 27 3 17 5 20 7 17 11 50 12 46 13 29 15 26 17 32 19 19 21 30 22 33 28 40 29 36 15 4 14 6 11 9 32 10 28 11 22 12 14 14 37 15 42 19 30 20 44 21 26 22 29 26 30 27 41 29 14 13 3 49 5 37 6 49 7 18 9 39 12 31 14 46 18 18 21 12 25 33 27 24 28 13 30 49 16 1 41 3 20 5 13 7 24 9 49 12 36 14 33 15 37 18 50 19 11 21 26 22 31 23 36 26 41 27 24 30 40 17 1 43 2 25 3 37 4 21 5 25 13 18 14 42 19 39 20 25 21 39 22 27 23 31 24 41 26 30 27 37 29 10 30 26 9 3 47 7 29 10 29 13 25 22 14 23 23 24 30 25 18 29 17
6 5 8 16 15 25 16 37 17 39 29 35 4 4 20 13 12 16 41 24 11 12 2 37 3 21 4 12 6 37 9 10 11 42 13 29 15 46 16 32 17 16 21 37 23 11 14 1 31 2 24 3 30 4 23 9 42 10 27 15 35 16 24 17 44 22 30 24 17 25 26 26 25 29 36 6 2 14 8 35 11 11 17 16 23 18 28 16 9 2 18 12 16 15 17 17 31 18 34 22 45 24 18 27 29 28 34
4 11 4 33 6 46 8 46 14 32 15 19 17 16 20 38 22 46 26 35 28 45 30 45 12 2 38 9 19 10 11 13 38 17 40 18 18 20 28 22 13 23 10 26 46 28 37 30 27 5 7 47 13 44 14 12 19 11 26 29 18 2 14 4 11 5 16 9 39 10 18 13 33 14 26 16 42 20 39 21 28 22 45 23 31 24 44 25 37 26 19 28 37 29 40 30 46
3 9 4 36 5 46 6 10 11 35 13 41 14 31 16 44 25 28 26 46 14 1 49 2 21 3 27 10 11 11 37 19 49 22 25 23 45 25 26 26 22 27 32 28 25 29 14 30 49 10 6 16 8 19 10 35 13 45 16 47 18 40 21 28 23 23 29 47 30 11
7 12 3 18 4 16 5 19 10 15 13 41 16 17 18 22 21 39 22 50 24 48 25 31 26 25 14 2 22 5 48 8 43 9 35 10 29 11 14 12 33 17 44 19 43 20 31 22 30 24 27 29 37 30 16 11 3 38 7 17 8 47 11 11 12 47 13 50 21 10 23 39 25 47 26 20 30 12 12 2 46 3 14 5 30 8 12 11 38 14 49 15 37 16 28 18 30 20 15 22 45 28 50 8 4 34 5 21 18 47 19 11 20 45 21 14 23 41 26 13 10 6 19 9 45 13 38 14 44 17 48 18 28 21 22 22 19 24 11 29 44 13 3 35 4 40 6 12 10 28 12 42 15 24 16 12 17 21 23 39 25 13 26 15 28 45 29 28
8 9 1 28 8 16 11 45 12 49 13 29 15 20 22 15 23 13 27 20 9 4 38 8 16 9 43 10 19 13 22 16 48 20 42 21 39 22 18 7 3 50 6 13 7 29 10 41 16 10 24 30 30 41 11 11 45 14 22 16 14 18 15 19 23 21 49 22 30 23 44 28 44 29 27 30 20 8 2 34 5 36 10 30 17 15 20 45 21 20 26 45 29 18 10 1 50 2 17 6 48 11 33 16 43 18 25 20 46 23 10 25 29 28 27 7 7 15 12 49 14 13 17 45 21 21 29 14 30 13 11 3 19 5 14 9 45 17 21 18 26 19 12 20 38 22 29 24 16 27 24 29 45
8 4 3 23 6 37 9 14 25 24 6 8 39 19 50 20 15 22 24 23 38 29 35 6 2 45 7 39 8 45 20 18 25 29 30 11 4 11 30 22 49 23 33 24 48 4 2 30 7 24 20 10 21 43 7 2 27 3 27 4 20 7 36 19 25 20 29 25 30 14 3 28 6 24 7 22 8 47 11 28 14 24 15 12 16 22 18 21 19 36 22 16 23 41 25 39 27 22 8 10 40 11 11 13 40 15 49 19 23 20 18 22 15 27 20
3 12 1 10 5 14 6 47 10 16 12 24 14 16 16 27 17 32 19 50 23 16 25 27 27 33 7 2 25 5 44 13 34 17 16 21 46 23 27 24 34 13 1 14 3 46 4 31 7 45 9 45 11 50 13 35 20 18 21 48 24 23 25 20 26 22 30 12
7 11 1 34 6 20 8 11 9 47 10 44 13 35 14 49 17 31 18 19 25 38 29 12 5 8 37 10 11 25 34 27 21 29 14 17 1 14 3 16 7 14 8 30 9 50 11 50 13 17 14 49 16 49 19 16 20 25 21 17 22 39 24 45 26 45 27 10 30 10 10 4 28 9 28 17 48 18 32 20 17 23 35 25 28 26 12 28 22 30 21 9 2 35 6 46 9 22 11 40 12 44 16 23 22 34 29 21 30 46 15 3 44 4 33 5 45 7 40 8 23 9 27 10 15 11 22 12 29 15 29 19 11 23 27 24 46 25 41 28 17 17 5 43 6 50 9 22 11 18 12 48 13 17 15 36 16 22 18 29 19 31 20 15 21 13 22 41 23 34 26 23 28 22 30 35
8 8 3 43 6 37 11 41 13 31 18 10 20 47 22 37 30 25 5 1 37 11 45 19 42 26 17 30 17 9 5 32 6 50 7 47 11 42 13 46 15 17 16 24 23 46 26 23 8 2 14 7 13 8 44 12 19 17 25 23 27 27 49 29 47 15 4 45 10 41 11 19 12 36 13 34 15 25 16 49 20 42 21 38 22 24 23 28 24 11 27 40 28 12 30 39 5 9 40 10 32 13 43 22 11 30 25 14 2 48 6 20 8 21 9 28 12 25 14 44 15 48 17 20 19 35 20 16 22 30 25 48 26 30 28 36 13 1 34 7 41 9 12 10 27 12 35 13 10 16 24 20 18 21 44 22 35 24 10 26 49 28 21
3 18 1 47 2 44 3 37 4 15 6 34 8 42 12 43 13 15 14 38 16 30 17 25 18 48 20 37 23 21 24 20 28 13 29 30 30 23 15 1 46 6 46 7 12 10 32 11 26 12 12 14 43 17 15 18 11 19 49 22 12 24 28 25 31 26 35 29 50 5 4 17 10 19 11 37 19 14 24 38
8 4 4 48 6 13 14 47 22 29 16 1 33 2 29 7 22 8 31 10 49 11 38 12 26 13 40 14 21 15 30 17 47 18 43 24 38 25 32 27 20 29 23 7 4 35 15 32 17 19 21 18 22 34 23 49 27 40 12 3 26 6 24 7 33 8 20 9 27 10 43 11 13 15 50 25 44 28 10 29 50 30 24 7 3 37 7 49 8 16 9 46 16 26 22 37 30 50 12 1 31 3 28 5 11 12 27 13 42 14 21 15 16 17 18 18 41 19 43 23 24 24 41 6 6 37 7 37 14 42 19 28 23 46 26 42 6 3 38 10 38 20 33 22 23 23 33 26 14
6 13 3 19 4 37 5 46 7 21 8 30 12 49 16 49 17 30 19 21 22 40 23 38 28 28 29 18 9 1 12 6 43 7 40 8 13 12 50 13 38 17 17 18 24 29 37 14 5 41 7 31 8 21 10 22 11 22 12 27 15 16 18 42 19 27 21 21 23 19 24 28 29 31 30 18 15 2 19 4 12 5 12 7 20 12 40 13 48 14 13 15 45 16 49 19 13 22 50 24 27 26 48 29 43 30 39 6 7 15 8 47 15 43 17 37 23 48 24 39 7 1 48 18 43 20 18 21 19 22 12 24 40 30 33
5 4 2 15 6 17 10 18 15 25 10 3 15 7 37 17 16 19 35 20 23 21 12 23 45 26 34 28 31 30 44 13 3 15 4 26 6 22 8 23 9 49 10 48 11 19 14 39 15 42 17 24 26 50 27 39 29 42 11 5 24 10 42 15 41 17 27 18 44 20 23 21 49 22 15 25 36 28 29 29 26 16 3 18 6 24 7 12 8 50 9 17 10 30 11 11 15 33 17 37 19 16 23 24 25 12 26 44 27 33 28 22 29 12
5 15 1 38 3 46 6 11 9 43 10 18 11 37 16 29 17 14 18 21 20 41 22 27 24 45 26 39 29 44 30 34 5 2 37 3 31 8 38 9 35 16 20 6 8 46 9 18 12 13 13 16 19 47 30 27 18 1 11 2 24 3 47 5 12 8 47 14 33 15 19 16 50 17 45 19 50 20 10 21 39 22 42 23 45 24 50 25 40 27 46 29 15 5 8 27 9 36 18 45 20 19 28 12
8 9 4 14 5 15 6 48 7 38 8 28 9 47 16 14 20 27 21 40 9 1 47 2 50 4 47 14 21 17 45 22 21 25 35 26 11 27 47 18 1 36 3 20 6 48 8 47 11 17 12 23 13 48 14 13 16 49 17 35 18 32 19 18 20 14 21 17 23 11 24 38 27 48 28 43 5 2 28 12 15 15 18 21 37 27 32 18 1 34 5 49 6 35 7 36 8 31 10 10 13 20 15 45 16 34 17 21 18 46 19 42 21 16 22 26 23 28 26 23 27 31 30 26 13 1 33 2 25 4 24 11 12 12 26 13 18 16 41 17 34 18 16 23 12 24 44 27 25 30 21 18 1 38 2 17 3 13 5 24 7 42 9 37 10 22 13 10 14 36 15 34 16 20 17 18 18 32 19 18 20 11 22 36 27 26 28 26 9 5 12 7 33 10 37 12 26 17 40 19 43 23 42 24 41 25 29
4 17 2 36 3 46 5 32 7 15 8 17 9 17 11 11 12 12 13 39 16 41 17 43 19 47 20 50 22 12 24 29 26 37 28 17 9 7 28 8 19 9 24 11 11 15 46 16 30 17 27 18 39 21 41 4 4 12 14 31 22 26 30 35 5 4 46 9 30 10 31 15 19 22 29
7 11 3 34 4 17 5 29 6 42 12 25 13 31 14 20 16 34 22 39 24 21 27 11 14 1 18 2 42 3 40 8 25 9 26 11 36 12 49 14 44 22 18 23 17 25 11 28 29 29 17 30 15 4 3 16 4 34 19 40 26 43 12 4 22 5 31 6 33 8 12 10 50 11 17 12 28 13 22 22 28 23 17 27 18 30 27 8 2 25 3 18 8 45 12 18 17 20 23 28 24 22 25 33 14 4 44 7 21 9 42 11 30 12 40 18 23 19 22 20 16 21 42 22 12 23 33 25 30 27 25 30 26 11 8 24 12 31 16 20 21 18 22 24 23 33 24 30 25 37 27 17 28 10 29 13
7 6 5 15 6 15 17 28 21 14 26 15 30 26 12 2 30 3 28 5 37 12 41 17 35 18 20 20 43 21 10 22 10 23 40 27 46 30 16 11 2 24 6 37 10 35 11 18 14 30 17 10 19 40 20 50 22 28 25 31 29 46 10 1 43 2 24 4 19 7 20 11 45 14 34 16 34 18 18 23 38 28 12 12 1 43 3 36 7 33 8 36 9 23 15 36 18 50 19 26 20 12 22 21 25 23 26 10 14 3 34 5 12 7 20 8 13 10 39 11 44 12 41 14 40 17 50 21 46 23 24 24 39 26 11 29 26 5 1 47 18 35 21 32 22 11 26 20
7 7 1 37 12 46 16 24 18 26 25 34 28 21 30 34 13 3 44 4 15 9 41 10 36 11 36 12 37 13 30 15 37 17 15 21 40 23 41 26 22 30 49 4 16 33 18 48 22 14 24 20 12 1 40 3 46 7 21 9 27 11 22 16 45 17 20 18 26 20 42 22 29 26 20 28 39 6 6 19 9 10 11 17 14 45 22 15 29 39 12 5 34 6 27 7 30 8 43 12 15 13 43 16 25 18 34 20 20 21 27 26 39 30 16 8 8 25 14 18 15 24 19 31 21 20 24 47 29 18 30 17
6 13 1 35 3 38 4 20 6 47 11 39 13 26 17 13 18 41 21 44 22 15 23 32 25 45 27 25 16 1 41 2 15 4 24 8 18 10 23 12 23 14 40 17 32 19 49 22 48 23 37 25 17 27 41 28 34 29 43 30 25 14 2 10 6 41 7 42 9 28 10 26 11 47 17 24 19 33 22 26 23 23 26 26 28 28 29 13 30 40 11 3 35 5 40 8 12 9 42 10 15 11 32 15 47 18 49 21 13 22 28 27 18 9 2 25 5 28 10 17 12 43 16 15 19 12 23 42 26 36 28 10 13 2 50 8 35 11 31 14 11 15 49 18 42 19 20 20 35 21 10 23 39 24 30 28 15 29 28
7 7 7 44 11 39 13 18 14 46 15 38 25 38 29 39 9 1 16 11 24 12 47 13 34 14 41 16 19 19 40 20 29 30 34 15 1 14 3 12 7 13 9 31 10 33 12 17 13 29 16 37 20 33 21 18 24 21 25 43 28 48 29 13 30 18 7 6 34 13 13 17 18 19 38 23 16 28 24 30 44 11 1 44 5 15 7 33 9 48 10 35 12 11 18 46 20 47 21 18 22 30 27 23 12 1 20 2 38 4 46 5 44 9 49 10 22 11 28 19 25 21 46 22 17 24 49 26 49 7 6 21 12 42 16 32 17 24 18 10 26 50 27 48
5 6 11 38 17 34 18 30 25 40 27 41 30 31 7 6 43 8 48 13 22 15 38 17 26 20 33 28 26 9 3 44 4 33 5 42 20 40 21 19 22 34 26 13 29 35 30 44 8 6 48 7 46 15 35 17 40 19 19 23 50 25 48 26 50 12 2 32 4 11 9 42 10 34 11 41 15 37 18 14 21 46 25 24 27 18 29 11 30 36
6 8 6 27 7 39 14 36 15 22 17 36 18 16 21 28 23 11 4 4 36 11 50 13 47 30 27 5 3 24 4 35 6 30 9 12 15 31 7 8 18 10 25 11 28 14 50 22 12 27 27 28 25 13 4 10 5 18 6 30 12 15 14 42 16 37 17 28 18 17 21 28 22 48 25 41 28 21 30 16 5 3 29 9 17 12 26 15 14 19 23
3 5 15 36 19 41 22 41 28 29 30 50 13 3 38 9 22 13 25 15 33 17 50 22 30 23 34 24 43 25 13 26 50 27 28 28 29 29 14 12 2 38 10 38 11 37 12 15 14 41 15 28 16 23 17 35 19 41 21 11 28 30 30 30
7 8 1 43 3 23 4 12 9 15 11 14 14 29 16 21 19 22 14 2 45 4 49 6 13 8 37 11 15 12 26 13 42 15 49 17 41 20 25 23 39 24 23 29 35 30 24 8 6 50 13 43 21 12 22 24 25 17 27 34 28 50 29 26 16 3 10 4 25 5 23 6 10 7 29 9 16 10 13 12 41 13 33 14 29 16 42 23 17 24 45 26 14 27 50 29 37 8 2 49 7 35 13 15 16 13 17 34 19 34 24 25 29 32 18 1 34 2 41 3 20 7 48 8 30 9 35 13 47 15 13 17 31 18 29 19 29 20 17 21 49 24 35 25 41 27 40 28 17 29 23 17 1 17 4 20 5 16 6 12 8 33 9 44 10 24 12 18 13 24 16 12 17 39 19 25 24 43 25 19 27 21 28 36 29 40
7 11 2 42 3 45 4 11 6 31 9 28 12 46 13 31 18 28 21 16 24 44 26 12 6 2 47 7 35 12 41 15 47 22 48 25 28 5 1 24 3 39 9 17 11 15 27 44 15 3 36 9 44 11 49 12 13 13 33 14 17 16 15 17 18 18 22 20 10 25 47 26 17 27 11 29 27 30 13 14 1 23 4 19 6 43 8 11 9 28 13 30 16 37 19 16 20 31 22 38 24 16 28 47 29 10 30 10 8 7 22 8 45 9 15 10 33 15 43 19 12 20 15 24 15 9 2 41 4 46 8 11 11 12 17 25 19 43 26 30 27 29 29 38
3 17 2 36 7 43 8 27 9 48 10 40 12 35 14 27 18 36 19 17 20 36 23 50 24 18 25 17 27 39 28 44 29 35 30 18 13 3 39 4 30 8 18 10 30 12 12 15 45 16 29 17 16 20 19 27 14 28 41 29 20 30 12 6 4 23 9 18 13 48 20 42 21 13 27 12
7 11 4 10 9 48 12 26 13 35 14 35 15 24 16 23 17 14 21 30 28 34 30 34 14 1 32 2 38 4 49 5 33 8 32 9 28 12 19 13 23 14 35 16 35 19 20 20 37 24 12 29 32 7 4 15 15 50 16 22 19 34 20 16 29 50 30 27 16 4 20 5 17 7 21 9 48 11 27 12 23 13 43 14 46 16 32 17 33 18 44 19 13 20 42 22 25 24 34 29 28 6 5 40 9 43 14 17 20 14 22 43 27 19 13 2 44 3 31 8 36 11 22 12 25 13 33 15 21 19 31 23 35 25 38 26 26 27 20 29 39 4 8 43 9 43 16 18 19 26
3 7 3 38 7 36 8 47 12 43 18 11 21 43 26 29 16 1 15 2 47 3 48 12 28 13 18 14 43 17 15 18 39 20 25 23 18 24 37 25 39 26 11 27 41 28 23 29 47 8 2 26 6 18 10 50 13 26 16 47 18 43 21 44 24 12
6 5 5 42 8 44 11 31 15 41 23 23 6 10 48 13 26 15 11 16 10 26 45 28 15 6 9 47 14 37 19 38 27 49 28 26 29 15 10 2 35 7 13 12 11 13 37 14 20 15 18 22 18 25 34 26 19 28 24 6 2 36 16 41 22 26 23 34 24 32 28 46 11 2 25 4 16 8 19 11 23 13 36 17 13 18 35 19 34 22 46 25 27 30 15
5 16 3 14 4 37 7 26 9 38 11 19 14 37 15 19 16 50 17 26 18 18 22 30 23 26 24 23 25 13 28 46 30 43 5 3 34 4 17 9 43 12 20 26 32 13 3 42 5 45 7 21 9 41 13 25 15 36 16 49 17 37 18 25 21 40 22 16 23 44 30 39 7 6 40 9 12 13 21 19 47 21 13 23 45 28 17 7 6 37 13 49 14 19 15 31 21 49 25 21 29 50
3 6 1 44 5 10 6 44 9 17 16 46 17 17 10 4 22 6 27 11 24 12 49 13 36 14 34 18 43 24 27 27 29 28 40 11 1 25 5 24 7 33 8 46 12 19 15 41 17 20 20 29 21 13 23 46 27 48
4 17 2 44 3 38 5 10 7 37 10 10 12 38 13 31 15 23 17 49 18 15 19 45 24 47 25 27 26 31 27 15 29 43 30 45 5 9 33 20 15 21 17 22 24 27 22 16 2 46 4 13 6 48 8 36 10 40 12 11 13 17 15 30 17 32 19 25 20 33 23 41 24 34 25 42 26 11 30 44 16 1 28 2 17 3 38 9 26 12 10 13 27 15 16 16 37 17 44 19 42 20 43 22 41 25 20 26 49 27 45 29 23
3 7 1 32 7 41 12 35 13 47 14 15 17 49 25 48 12 1 36 5 35 7 33 8 49 9 32 12 38 14 10 16 38 20 21 22 13 23 43 25 25 16 1 23 2 19 3 46 4 44 5 33 6 35 7 36 10 32 12 34 13 48 15 50 20 37 22 26 24 31 28 10 30 23
7 16 2 48 3 33 4 42 5 22 9 12 10 36 13 36 17 13 19 48 21 26 23 31 24 27 25 24 27 26 28 19 29 20 6 4 41 16 21 17 12 18 23 19 16 22 23 12 1 20 6 37 10 31 13 16 16 33 18 50 19 50 21 47 24 42 27 35 29 31 30 20 10 4 21 10 34 11 36 18 16 19 40 20 17 21 14 23 48 25 28 27 13 14 1 14 4 23 5 25 7 20 9 40 11 33 13 21 15 22 16 25 18 28 19 20 20 21 21 37 30 47 9 5 38 8 43 13 43 18 20 21 31 22 44 23 10 24 37 25 27 15 4 32 5 36 7 23 8 29 9 19 11 18 15 48 17 46 18 20 20 46 22 21 25 34 26 35 27 35 28 26
6 15 1 17 9 15 12 31 15 32 16 28 17 39 19 24 20 38 22 31 23 35 24 48 25 41 26 11 29 38 30 48 7 1 32 6 31 10 12 14 39 16 23 18 41 21 15 7 2 32 8 38 11 26 17 35 18 41 22 20 24 21 12 1 39 3 14 4 39 5 35 6 33 11 27 12 19 15 15 18 15 22 27 26 40 30 48 9 3 50 4 23 16 35 17 45 19 20 22 12 26 25 27 20 28 47 6 2 48 3 42 7 37 16 38 17 26 24 31
8 9 3 23 5 36 7 25 21 39 22 21 24 20 27 36 28 37 30 19 4 8 48 11 29 20 16 24 41 8 4 13 6 24 7 25 12 11 13 41 17 11 19 17 27 43 11 4 21 10 22 13 35 14 35 15 20 19 40 20 39 21 34 23 31 29 50 30 40 18 1 40 2 44 3 43 4 27 9 26 10 40 11 25 12 40 13 15 16 42 20 31 21 38 23 44 24 15 25 25 27 28 28 37 29 16 13 2 41 3 32 4 18 8 46 10 39 12 25 13 41 19 10 22 21 23 22 25 10 26 16 30 45 8 2 48 7 39 13 40 21 35 22 27 26 43 29 33 30 31 10 1 17 4 29 8 49 9 18 11 28 18 30 19 23 25 50 26 40 30 28
6 8 1 28 11 24 12 16 13 37 14 30 16 41 28 46 29 20 5 14 27 20 45 28 25 29 49 30 25 15 2 24 5 45 6 10 8 10 9 28 13 39 14 46 16 20 18 44 20 40 21 28 22 19 25 36 28 29 30 33 9 7 19 8 50 10 41 12 24 21 44 23 13 24 23 26 38 29 27 4 1 26 16 25 20 19 25 41 10 5 37 8 40 11 10 13 23 15 13 16 38 19 40 20 49 21 36 23 10
8 14 3 18 4 31 6 17 7 31 8 49 10 30 11 35 12 33 18 36 20 50 24 41 26 49 29 38 30 21 4 8 40 13 40 27 44 28 38 10 1 42 2 10 17 40 18 31 20 31 22 30 23 18 25 28 27 36 28 18 13 3 38 4 28 7 19 12 30 13 17 17 27 20 28 21 36 23 14 24 27 26 47 28 41 29 31 10 6 33 8 33 10 49 12 40 13 44 15 32 21 50 27 40 29 12 30 46 5 4 12 6 28 12 35 25 33 29 24 17 1 28 2 40 3 47 4 47 5 50 6 46 10 43 11 18 12 11 14 11 18 26 21 33 22 44 23 25 24 47 27 20 28 14 16 2 21 3 10 5 15 7 26 9 38 11 26 12 46 16 48 17 17 18 14 19 50 20 49 21 35 22 22 23 43 26 47
3 8 5 22 7 35 8 48 12 21 16 42 18 14 26 39 29 33 13 1 13 4 31 6 37 8 21 14 15 15 11 16 16 19 16 21 42 23 35 24 31 27 32 29 25 15 2 37 4 48 7 11 10 36 12 20 13 33 14 31 16 18 17 33 20 20 21 19 22 46 25 29 29 26 30 19
5 14 1 11 3 28 4 17 8 25 13 21 15 15 19 27 21 12 22 17 23 46 25 20 27 48 28 25 30 14 8 2 25 4 14 5 18 7 36 8 44 15 43 17 20 29 31 4 5 41 12 18 19 14 24 50 16 2 14 3 27 5 32 6 45 7 35 8 14 10 50 12 30 13 34 15 46 17 49 25 26 26 47 27 29 28 29 30 37 8 6 34 8 26 13 21 14 48 21 16 27 47 28 16 30 46
4 13 1 37 2 49 4 45 6 45 11 36 14 24 15 16 17 30 19 32 23 40 24 34 25 14 28 10 16 3 21 4 23 7 41 8 20 10 32 11 38 12 45 13 35 15 33 16 49 19 41 23 24 24 23 25 46 28 36 29 48 6 3 23 6 20 14 41 17 34 18 15 22 22 14 4 50 6 27 7 27 11 38 12 37 14 32 15 14 17 49 19 15 21 10 25 49 27 10 29 32 30 14
6 5 2 25 7 36 9 34 15 28 27 34 11 1 41 6 38 10 37 13 31 20 17 22 22 23 20 24 27 25 42 26 25 30 33 5 5 11 12 22 20 50 23 44 28 24 8 3 13 5 27 6 49 10 30 14 25 15 38 22 47 29 34 9 11 17 15 32 20 12 21 24 23 31 25 48 26 49 28 30 30 38 7 3 29 4 37 5 27 13 10 17 41 21 11 24 10
7 15 1 31 2 37 7 19 8 23 10 22 11 14 16 43 18 38 19 20 21 32 25 29 26 10 27 16 29 10 30 31 8 5 40 6 43 12 46 16 23 26 26 28 41 29 26 30 16 8 5 27 9 35 10 35 18 14 22 49 23 17 24 40 30 14 10 1 20 2 34 3 38 5 26 12 39 13 34 15 11 25 20 28 32 29 18 7 1 32 2 28 3 48 4 18 14 32 18 43 26 33 18 1 46 3 29 5 44 6 22 7 42 8 21 9 50 13 29 14 29 15 50 18 47 19 25 20 28 22 21 23 43 24 50 26 37 28 29 11 2 21 3 24 5 11 6 10 9 36 11 35 18 10 19 45 20 45 21 48 30 43
8 13 1 50 7 39 8 15 10 18 15 40 18 43 21 13 24 30 25 38 26 22 27 42 28 27 30 47 10 4 26 9 49 10 41 13 38 16 35 19 11 24 29 25 14 26 45 28 11 13 1 26 2 17 4 36 7 38 9 50 15 35 16 19 19 27 21 40 25 13 28 22 29 30 30 35 17 4 32 5 18 6 25 7 36 9 26 10 40 11 37 12 15 13 28 16 29 17 18 18 27 22 21 24 10 27 48 28 19 30 37 16 1 32 2 22 3 35 6 19 7 24 9 44 11 37 13 17 18 20 19 35 21 44 23 11 27 14 28 43 29 32 30 20 17 4 21 5 40 6 13 8 40 9 17 10 26 11 22 12 38 13 30 15 20 16 37 17 20 19 19 23 18 25 36 28 30 29 23 15 3 41 4 30 5 33 6 26 7 16 9 33 10 45 11 47 13 12 17 47 20 13 21 12 23 34 24 15 26 33 7 1 45 3 36 4 11 5 30 14 23 21 11 27 23
7 13 2 15 3 47 6 28 15 28 17 43 18 43 19 13 21 21 22 34 25 13 26 34 29 29 30 19 9 2 43 6 10 8 14 11 45 12 12 13 22 24 15 26 44 29 42 7 2 41 9 12 17 35 20 35 21 32 24 22 28 15 5 2 28 9 16 15 35 21 28 27 21 8 3 41 4 19 5 41 9 17 13 29 23 32 25 33 26 48 12 1 44 2 27 4 46 6 47 7 30 12 20 13 26 14 49 16 32 22 17 24 15 28 31 8 1 29 5 16 17 28 21 35 23 46 24 41 27 26 30 19
5 7 2 50 12 32 13 45 15 39 19 25 22 50 25 48 16 3 24 4 36 7 16 8 35 9 38 10 34 11 29 13 22 14 15 15 48 17 45 20 39 22 29 24 50 26 14 28 26 11 1 46 2 47 5 28 10 31 12 47 17 33 19 30 22 21 24 14 28 28 29 44 15 3 23 7 17 8 47 11 29 14 24 15 15 17 43 18 38 19 42 20 31 25 37 26 20 27 32 29 19 30 30 14 2 16 4 18 5 50 7 35 9 32 12 25 15 44 18 37 20 33 23 43 25 46 26 20 27 12 29 31
8 15 1 46 9 10 11 23 12 29 13 30 16 44 17 38 18 24 21 24 22 41 24 17 25 27 26 26 28 40 29 14 8 1 11 8 40 14 13 20 36 23 45 25 30 27 36 29 12 18 1 45 3 37 4 12 5 18 6 16 7 25 9 30 11 34 12 45 13 41 15 22 16 45 21 48 23 41 25 17 28 43 29 21 30 33 14 1 20 4 14 5 49 9 33 10 20 12 21 13 11 16 14 18 17 21 18 22 20 24 45 26 26 28 17 6 11 29 12 46 13 43 14 38 24 34 25 23 9 2 45 5 40 8 34 9 26 19 18 20 31 23 27 24 18 28 25 12 1 44 3 17 5 50 7 30 12 32 13 23 14 16 17 25 18 41 23 26 28 39 29 45 10 3 15 4 29 7 47 14 12 15 10 19 38 21 10 25 15 27 45 28 17
6 11 2 42 7 32 8 11 9 29 10 23 14 32 20 37 21 29 23 48 27 20 28 45 6 5 24 9 23 10 23 15 38 20 48 29 29 14 5 28 9 29 10 11 15 17 16 50 17 41 20 20 21 40 23 28 24 48 26 38 27 23 28 14 30 21 17 1 26 3 29 6 46 7 47 9 45 10 37 11 45 13 34 18 11 19 39 23 26 24 33 25 35 26 44 27 18 28 28 29 42 6 3 39 7 10 8 41 15 16 16 28 26 35 5 5 27 10 34 12 37 21 34 23 13
3 6 4 17 12 38 14 31 16 50 17 10 24 11 13 4 49 6 45 12 50 13 38 15 29 18 13 19 41 20 49 22 45 23 11 25 42 27 40 28 24 17 1 46 2 46 4 25 6 41 9 45 10 23 12 26 14 29 16 39 17 20 20 45 22 16 23 13 25 21 26 27 28 24 30 17
7 15 1 24 3 17 8 22 10 30 11 43 12 10 14 12 17 27 18 24 20 36 23 45 24 47 26 11 27 18 30 21 14 1 10 2 41 5 32 6 25 8 37 10 32 11 29 12 17 15 35 18 45 19 40 25 42 26 35 28 49 18 1 30 2 41 4 12 5 38 6 12 8 26 9 12 10 23 12 45 13 39 16 42 17 42 18 40 23 24 25 35 26 20 27 49 29 17 6 6 31 9 16 11 48 22 39 23 37 30 41 5 10 25 20 46 21 38 22 40 29 25 8 2 29 6 40 9 22 13 42 22 27 25 14 28 29 30 14 18 1 20 4 23 5 11 9 36 10 47 14 28 15 45 16 34 18 29 19 40 20 47 21 40 22 44 23 25 25 24 26 44 27 13 30 21
5 10 1 33 3 48 6 41 7 20 11 15 21 27 23 12 24 21 26 38 29 13 17 2 17 5 20 6 37 7 36 8 28 12 41 16 36 17 38 18 13 19 39 21 21 22 34 23 43 24 44 26 20 29 10 30 36 4 7 32 19 16 21 21 22 26 18 2 38 3 24 4 47 5 16 7 26 8 41 9 45 10 30 12 31 13 31 14 10 15 27 18 34 19 38 22 10 25 28 29 42 30 49 5 1 14 5 25 14 36 20 15 29 16
6 18 2 14 3 47 4 40 5 18 6 48 7 46 8 20 11 40 12 46 14 46 16 29 19 29 20 49 22 10 24 29 26 34 27 12 30 32 6 14 38 16 21 17 33 22 16 28 50 29 15 17 1 13 2 41 3 37 5 36 6 35 10 11 11 32 12 15 14 20 15 37 19 26 20 21 21 22 22 41 24 34 25 20 28 39 6 2 17 9 29 12 45 16 34 17 43 18 42 15 2 22 3 15 4 12 7 38 9 38 11 33 14 23 16 36 19 33 20 29 21 15 23 50 25 38 26 36 27 34 13 7 31 8 39 9 24 11 45 15 32 16 48 18 22 19 16 21 17 22 16 25 10 27 15 29 40
6 14 3 22 6 24 10 16 11 29 12 12 15 38 17 13 20 49 21 43 22 18 25 25 26 30 27 10 30 40 11 2 13 3 19 4 32 6 49 7 32 9 33 20 47 22 12 24 32 27 15 30 28 17 3 17 4 39 5 14 9 17 11 37 12 10 13 41 15 42 17 34 18 19 20 18 22 35 23 11 25 38 28 25 29 38 30 50 13 1 40 3 24 8 24 9 31 11 41 13 14 17 12 20 36 22 49 25 45 26 38 27 27 30 46 7 4 36 7 26 9 42 15 24 17 42 19 29 24 50 13 2 44 4 19 5 33 8 50 9 19 14 11 17 39 19 11 20 11 23 50 26 31 28 32 29 44
6 10 1 50 3 43 4 35 10 39 14 48 16 50 26 20 27 12 29 10 30 15 18 2 42 4 43 5 30 6 14 8 16 10 34 11 22 12 10 13 11 14 34 16 25 17 50 18 27 19 47 20 35 22 13 23 16 28 38 18 2 41 3 19 4 29 5 46 6 49 7 40 9 24 11 11 12 28 15 49 17 13 21 21 22 24 23 45 24 18 26 49 27 23 29 48 17 1 49 4 36 6 33 8 16 10 37 12 45 13 24 14 12 15 13 17 25 19 22 20 30 23 13 24 14 26 17 28 11 29 23 12 8 35 10 14 11 11 12 38 15 47 16 26 18 41 21 34 25 27 26 20 27 45 29 47 11 1 34 4 14 6 29 7 14 13 15 16 43 19 45 24 38 26 25 27 20 30 36
6 7 2 31 8 44 14 46 16 50 20 47 21 45 24 11 10 6 16 13 49 16 12 18 48 20 27 22 15 24 11 25 50 29 11 30 20 17 2 16 4 33 5 18 6 27 10 50 13 34 14 34 15 17 17 11 19 44 20 14 21 45 22 27 25 27 26 38 27 47 29 25 15 2 50 4 44 6 45 9 21 10 25 12 41 15 30 16 43 18 49 20 16 22 17 23 50 25 47 26 10 30 40 6 1 24 2 27 17 17 25 34 27 26 29 40 7 2 29 10 34 12 23 16 33 20 40 22 43 28 36
8 18 2 17 3 18 5 11 6 34 7 40 9 16 11 33 13 13 14 33 16 15 18 50 19 13 20 17 22 14 24 42 25 32 27 33 29 13 5 2 43 7 47 8 40 12 12 23 47 17 1 38 2 30 3 30 4 44 5 28 6 21 9 46 10 46 11 49 13 36 14 45 15 28 20 44 23 12 24 25 28 20 30 18 5 4 41 10 45 18 43 21 11 29 26 10 8 22 10 25 11 42 13 26 17 30 19 40 24 30 25 12 27 36 28 12 15 1 43 2 25 5 41 6 37 10 36 14 43 20 47 22 32 23 46 25 38 26 17 27 10 28 20 29 39 30 43 18 1 44 2 33 5 28 6 48 9 41 11 27 12 44 16 34 17 36 19 23 20 15 22 47 23 37 24 12 25 21 26 12 27 23 30 15 5 5 17 9 42 11 25 24 46 29 46
6 6 8 16 14 14 15 31 24 50 27 33 30 37 12 5 26 7 21 9 43 10 50 16 34 22 16 23 42 25 35 26 16 28 20 29 31 30 25 13 2 47 3 31 5 13 8 20 11 29 17 20 19 23 21 14 22 10 26 11 27 40 28 39 30 49 5 9 41 10 18 13 31 15 38 30 20 7 3 25 10 40 11 15 14 32 24 44 25 25 30 48 4 16 46 17 12 20 38 27 10
7 12 3 12 5 46 6 49 9 42 13 38 14 48 18 35 20 40 24 31 25 49 27 36 29 16 17 1 19 2 50 5 39 6 44 7 17 9 22 13 26 15 19 16 43 18 34 19 34 22 15 23 21 25 43 27 32 28 35 30 31 15 1 13 3 39 5 35 6 45 7 31 10 23 11 21 13 17 14 40 15 26 20 35 21 35 22 12 24 33 28 44 9 1 48 3 50 8 11 10 43 11 16 13 42 16 15 26 31 27 38 6 5 46 9 31 15 17 17 14 22 10 30 42 10 4 24 8 14 10 46 13 10 17 45 19 45 23 40 24 21 25 27 30 49 17 2 27 3 42 6 12 7 37 8 43 9 21 11 45 14 21 15 22 17 10 18 10 21 41 22 25 25 49 26 30 27 15 28 28
5 5 8 40 10 30 26 49 28 26 29 35 18 1 27 3 12 4 43 6 44 7 43 11 35 12 36 14 22 15 45 16 14 17 32 19 48 22 41 23 37 26 11 27 47 28 49 29 14 8 3 25 6 33 7 29 9 46 12 36 15 36 16 49 24 42 11 2 35 5 26 6 34 9 24 12 36 13 11 14 33 20 20 23 33 24 18 30 47 5 7 19 12 36 14 42 16 47 20 50
8 16 1 42 3 50 4 29 5 47 6 27 7 17 11 23 13 12 14 20 16 19 19 44 24 35 25 36 26 31 27 38 29 41 15 2 41 3 32 6 18 8 12 9 28 10 27 12 18 13 17 15 35 18 32 19 37 20 21 25 46 26 32 27 27 5 1 12 7 14 8 23 10 49 25 49 16 1 12 3 14 6 22 7 14 8 15 12 48 13 15 15 21 16 15 17 20 20 24 21 49 22 12 25 39 28 29 29 16 12 2 43 3 44 4 25 10 33 11 30 12 42 15 18 19 42 22 28 27 24 29 38 30 22 11 2 26 4 21 8 42 9 32 13 29 16 37 18 20 19 38 20 42 24 35 25 27 6 2 50 4 10 9 33 11 43 14 29 26 28 14 1 29 2 50 3 23 8 10 13 20 14 35 15 29 16 43 20 44 22 28 25 39 26 50 28 50 30 33
6 4 10 36 15 19 18 22 25 44 9 3 29 4 17 7 39 11 33 14 42 21 29 23 35 24 35 26 28 17 1 15 2 36 4 12 5 38 7 30 8 23 10 31 11 27 13 40 15 50 17 44 18 34 19 34 20 11 22 41 26 46 29 22 16 1 49 2 39 3 18 4 28 5 33 9 30 10 38 11 50 13 16 14 39 19 26 20 32 22 17 23 15 26 13 28 50 14 2 28 4 23 6 46 7 21 8 32 9 29 11 38 15 36 17 37 19 22 21 17 25 45 27 41 29 13 14 2 29 4 44 6 33 7 13 9 21 12 47 13 17 14 10 15 35 17 22 18 24 19 38 23 20 30 40
4 7 13 17 16 25 18 45 20 16 21 17 25 41 29 30 13 1 13 3 33 7 50 10 35 15 12 16 46 18 15 19 15 20 47 22 30 25 28 29 32 30 13 10 1 29 6 26 7 43 10 17 14 43 15 12 19 27 25 49 29 34 30 28 9 5 41 6 25 8 16 15 12 18 18 19 24 23 34 26 41 28 19
4 10 3 20 11 31 14 45 15 27 16 49 20 32 21 31 24 47 25 32 26 34 18 4 48 5 18 6 49 7 20 9 37 11 41 13 39 14 43 16 32 17 36 18 40 20 36 22 28 23 20 24 20 26 10 27 30 30 32 13 3 36 9 26 12 47 13 45 19 38 20 38 21 16 22 10 24 46 26 42 27 48 29 39 30 30 17 2 44 3 42 4 38 7 46 11 22 12 40 13 39 14 26 15 34 16 43 20 48 22 11 23 11 25 43 26 16 29 24 30 37
5 16 3 20 4 24 6 25 7 28 9 24 10 27 11 41 13 31 14 38 15 39 18 18 22 19 23 22 25 13 27 25 30 16 9 3 26 5 26 8 32 9 44 10 41 11 31 14 16 17 45 21 20 8 2 42 4 11 7 21 13 38 14 30 17 17 19 20 28 31 7 4 44 11 30 12 38 16 29 26 45 27 45 28 17 13 1 31 4 11 9 45 10 50 13 36 16 26 17 19 18 12 20 11 22 38 25 28 26 34 29 18
3 5 2 44 15 31 17 42 23 17 27 12 12 2 44 8 23 9 42 13 40 19 13 21 31 23 48 24 18 26 31 27 47 28 33 30 25 5 3 32 17 25 21 30 23 48 25 15
3 5 10 44 20 15 21 18 24 33 30 36 7 10 46 16 37 19 12 22 13 23 41 27 17 30 45 14 5 44 6 40 7 16 8 29 9 45 12 37 17 25 18 41 22 50 23 32 24 15 25 37 28 18 29 22
8 10 2 39 3 18 10 17 13 39 16 30 19 15 20 19 22 40 23 41 30 35 6 5 42 11 19 12 33 19 42 21 43 30 18 11 5 31 6 49 9 19 13 31 17 14 20 14 21 39 22 43 23 29 26 49 28 33 16 1 10 2 11 4 11 5 26 8 42 10 13 12 20 14 31 15 22 17 45 19 25 20 13 22 32 23 24 26 21 30 42 12 2 26 3 15 7 28 9 13 10 29 11 39 20 27 22 10 25 13 27 48 28 50 29 14 14 1 47 2 29 3 43 5 30 9 26 13 49 15 27 17 20 19 45 22 32 25 17 26 45 28 44 29 33 13 7 41 8 20 9 34 11 21 16 50 17 18 19 14 21 42 22 31 27 26 28 22 29 47 30 45 5 1 45 6 50 15 46 23 19 24 39
95 112 43 64 87 58 85 87 92 99 107 126 131 73 57 116 54 41 74 53 96 95 133 74 48 84 132 110 37 86 80 100 117 55 43 95 97 127 49 134 102 49 96 82 61 74 114 78 129 84 119 112 108 84 80 40 95 123 52 139 49 78 75 40 71 36 115 92 121 93 131 40 68 52 99 121 156 125 65 110 99 45 128 66 109 115 75 72 129 104 118 60 121 74 72 55 87 57 46 104
2 2 1 3 1 2 3 1 2 1 3 3 2 3 1 3 1 2 2 3 1 1 2 2 3 1 3 2 2 2
# Instance ID: 88
# Total operations: 569
# Actual flexibility: 0.363
# Generated: 2026-02-14 14:26:23
# Format: Extended Brandimarte for MOFJSP (Comparison Dataset)