25 15
5 5 3 38 4 31 5 41 7 26 10 31 3 1 44 5 27 13 44 2 5 38 10 23 3 2 34 6 11 9 31 6 1 33 3 47 8 29 10 40 11 36 14 17
8 3 1 46 2 40 8 35 6 5 36 6 31 8 39 11 19 13 42 15 46 9 3 11 4 23 5 47 6 10 7 48 10 42 11 26 14 34 15 43 7 1 36 3 14 7 23 10 43 12 18 14 36 15 45 9 1 12 4 23 6 46 8 46 10 36 11 19 12 34 13 24 14 41 9 1 25 2 32 3 17 7 18 8 45 10 48 11 36 12 21 13 21 2 7 20 9 28 5 3 13 4 19 11 23 13 49 14 47
5 5 1 11 5 34 7 46 13 26 15 24 2 7 32 10 18 5 6 18 7 48 8 29 9 15 15 18 7 1 26 4 43 5 45 7 31 8 28 12 44 13 40 7 1 26 2 20 4 33 9 32 10 29 11 19 14 43
7 2 4 38 6 36 6 1 37 3 45 6 43 8 50 9 38 14 44 8 1 17 3 25 4 14 9 40 10 12 11 15 13 49 15 30 8 3 46 4 43 7 40 8 20 9 43 10 41 11 22 13 14 6 3 36 5 21 6 46 10 17 13 40 15 46 8 1 44 2 45 3 42 4 10 5 40 7 10 10 11 15 30 3 1 43 3 41 12 29
7 7 1 15 2 41 3 33 11 29 12 33 13 27 15 14 8 1 35 2 36 3 18 5 39 8 30 9 11 10 16 15 32 4 7 38 10 26 11 27 14 20 2 4 35 14 13 9 1 33 4 42 5 41 6 19 9 25 10 45 12 23 13 35 15 44 2 1 15 7 26 7 3 14 4 27 7 44 8 31 10 42 13 16 15 49
4 9 1 40 2 18 5 11 6 49 7 18 8 32 10 14 14 46 15 18 2 2 45 14 19 7 3 10 4 27 8 46 10 22 12 40 14 47 15 31 4 2 50 6 33 9 30 10 17
6 3 4 48 7 38 14 15 6 1 29 3 17 6 29 8 21 10 29 12 45 9 3 15 4 43 5 44 6 25 7 14 10 21 11 29 12 46 14 40 9 3 22 4 50 5 29 7 22 8 50 9 31 11 29 13 49 14 39 9 2 29 3 24 6 43 7 12 8 20 10 49 11 46 12 13 13 24 6 1 18 5 28 9 40 11 47 13 36 15 13
8 2 1 46 12 28 2 2 36 10 32 9 3 18 4 18 5 33 6 26 7 48 8 19 9 12 12 24 13 36 5 1 50 2 13 5 16 10 31 13 19 9 2 14 3 26 4 41 7 31 8 36 9 46 10 10 12 10 14 50 3 3 49 5 24 9 23 7 3 20 5 46 8 44 9 50 10 25 12 30 13 49 8 2 48 4 11 6 20 7 20 8 37 11 20 12 29 13 39
4 5 1 19 4 48 6 46 7 11 13 46 2 11 13 12 37 6 2 29 5 19 7 38 8 42 11 41 14 25 7 1 17 3 35 4 49 5 41 6 48 11 19 14 13
6 8 4 24 5 46 6 35 8 47 10 11 11 27 12 30 13 23 4 3 42 6 40 12 45 13 24 7 2 11 4 40 8 24 9 27 10 31 13 25 14 50 5 1 16 3 21 4 19 5 28 7 40 6 1 39 4 20 6 13 9 25 10 24 11 32 2 2 35 6 13
6 4 3 16 4 11 6 41 14 15 7 1 50 5 13 6 27 8 19 9 19 10 29 15 31 8 2 15 3 18 5 30 6 24 9 42 10 12 12 41 14 43 3 2 32 4 11 10 32 5 5 14 10 49 12 40 13 17 15 31 9 2 24 6 21 7 42 8 50 9 18 11 27 13 36 14 25 15 11
7 8 2 25 3 30 6 18 7 10 9 10 12 39 13 37 15 14 7 1 34 3 42 5 32 6 36 9 48 10 38 15 39 3 4 23 5 37 11 11 2 12 47 13 12 3 1 36 2 16 5 13 5 3 42 8 45 9 16 10 44 12 48 5 1 17 5 34 7 25 11 45 13 43
3 3 7 44 8 32 9 15 7 1 31 6 35 7 45 10 44 12 20 14 34 15 40 4 1 19 8 41 9 20 14 10
3 3 5 38 11 19 15 50 5 4 11 5 39 6 43 7 24 8 11 5 1 43 7 48 8 47 10 50 13 46
5 7 2 23 5 36 6 39 9 15 10 26 11 34 13 40 6 1 36 7 38 9 33 10 14 11 45 13 31 9 1 48 2 33 3 35 5 23 6 29 7 25 12 15 14 42 15 13 9 1 31 3 23 4 25 6 40 9 40 10 40 12 25 13 11 15 22 3 7 45 8 40 12 16
7 4 2 28 6 45 7 40 14 19 2 2 19 14 26 2 3 28 6 31 7 1 42 5 12 6 46 10 47 11 45 13 23 15 46 9 3 34 4 16 7 35 8 23 9 10 10 22 11 28 13 25 14 43 5 1 47 11 15 12 28 13 24 15 30 4 4 11 5 41 10 27 15 16
6 9 2 42 5 49 6 41 7 22 9 32 10 16 11 43 12 48 15 34 4 3 30 6 50 8 35 15 13 2 3 25 15 12 4 1 34 4 39 5 38 6 16 4 2 43 6 46 11 12 15 26 3 9 20 11 42 15 10
8 7 1 21 2 23 7 47 9 18 13 41 14 43 15 45 6 1 47 5 45 8 34 10 22 11 36 13 15 7 3 29 5 29 6 19 7 10 8 19 9 20 10 26 4 5 22 7 14 9 25 14 39 5 1 24 2 14 5 17 6 44 8 12 4 7 47 11 17 14 26 15 17 5 1 15 7 11 10 26 11 39 13 15 3 2 49 10 18 14 30
3 8 3 28 4 14 5 12 7 24 8 26 10 15 11 27 15 15 5 2 45 9 50 12 16 13 29 14 10 7 2 50 3 17 4 38 6 47 12 10 13 29 15 29
6 9 1 34 5 39 6 16 7 28 9 42 10 39 11 43 12 23 15 14 2 2 26 4 32 8 3 48 5 27 6 13 8 39 10 27 12 11 13 24 14 23 9 1 48 5 24 8 25 9 48 10 16 11 24 12 35 13 49 15 28 3 3 35 11 29 14 14 2 7 11 14 24
3 4 7 32 8 24 13 14 14 45 2 6 35 8 25 3 1 15 11 11 14 44
3 8 2 35 3 12 4 34 5 28 6 11 7 13 11 27 14 38 6 5 34 7 50 8 50 9 47 10 43 15 47 6 1 25 2 35 5 16 8 11 9 13 15 39
3 9 1 29 2 48 4 22 5 22 6 12 8 38 11 43 12 16 13 17 3 2 37 8 13 10 12 6 1 28 2 15 3 32 5 31 10 47 11 37
8 9 4 31 5 33 6 20 7 24 9 46 11 16 13 40 14 11 15 23 5 1 49 4 47 5 47 6 21 13 34 8 2 25 4 16 6 39 7 23 8 46 9 29 10 37 12 19 6 3 45 4 32 8 43 9 34 12 31 13 25 4 7 45 8 39 11 15 14 26 3 4 46 5 22 15 17 9 1 45 3 16 6 40 7 24 8 30 10 39 11 48 13 18 15 17 3 3 11 6 35 7 47
7 5 5 29 6 35 7 23 13 47 15 44 9 1 24 2 48 5 25 6 26 8 18 10 40 11 16 12 44 15 35 8 1 11 3 49 6 21 10 34 11 13 12 10 13 13 15 15 3 11 13 12 15 13 30 8 2 26 4 49 5 50 7 42 8 15 9 18 10 15 15 24 2 1 45 11 42 4 4 29 9 34 11 46 13 49
72 111 75 98 126 62 111 125 75 92 74 105 41 43 98 131 116 147 46 102 56 56 51 126 97
1 3 3 3 3 3 2 1 3 1 1 1 1 3 3
# Instance ID: 40
# Total operations: 138
# Actual flexibility: 0.363
# Generated: 2026-02-14 14:26:22
# Format: Extended Brandimarte for MOFJSP (Comparison Dataset)