75 25
6 11 1 27 2 19 3 29 8 16 9 16 12 25 14 17 15 35 21 14 22 50 25 32 5 6 31 8 11 13 36 18 40 20 37 8 2 17 7 45 8 23 9 30 10 18 12 35 14 50 17 41 14 1 43 2 19 5 47 6 10 9 24 13 41 14 29 17 48 18 26 20 13 21 13 22 45 23 21 24 15 8 4 28 5 36 6 41 8 23 12 25 16 45 21 28 22 30 8 1 15 6 41 10 37 11 50 17 27 19 27 21 19 25 29
8 15 1 19 2 37 4 36 6 34 7 50 9 23 11 43 12 19 14 34 17 17 19 17 20 39 21 18 22 18 24 14 10 2 17 3 18 4 37 8 13 13 22 18 21 20 21 21 12 22 35 24 22 11 2 29 5 41 7 32 12 47 14 21 15 22 16 16 17 49 21 37 22 14 24 10 13 1 16 3 17 5 24 6 40 7 24 11 14 12 39 14 38 15 12 16 14 18 30 19 39 22 40 5 6 19 16 16 18 11 21 29 24 46 5 2 14 14 31 17 48 18 30 20 15 10 3 31 4 45 8 45 10 47 14 16 15 17 16 41 17 30 22 50 25 42 3 6 26 10 36 15 45
5 11 2 49 5 46 6 47 7 28 11 24 16 27 18 49 19 37 22 31 23 14 24 31 11 3 38 4 38 5 43 6 39 7 40 15 17 21 13 22 25 23 39 24 30 25 14 13 2 26 4 49 7 36 8 50 9 16 14 21 15 45 19 14 20 40 22 42 23 30 24 46 25 38 8 1 45 3 36 5 27 7 33 9 36 17 32 24 28 25 19 8 1 45 4 37 5 25 6 11 14 46 17 47 21 11 25 35
5 8 3 29 5 39 6 34 7 37 9 41 13 10 16 48 23 35 8 8 37 12 41 16 40 17 20 18 47 19 41 21 25 22 10 12 3 27 4 13 6 31 9 28 10 37 13 47 14 16 15 15 18 43 20 44 21 24 23 20 13 2 33 6 41 7 33 8 23 9 21 10 41 11 18 15 30 17 45 18 41 21 46 22 33 24 40 12 1 27 5 42 6 39 9 30 10 46 12 42 13 49 15 27 16 29 20 20 23 36 24 35
6 13 3 27 4 45 5 46 6 34 9 43 10 42 11 19 12 49 14 50 19 28 20 25 24 36 25 16 3 8 30 14 42 15 41 6 5 33 8 45 13 21 18 34 24 16 25 49 9 9 25 12 17 15 18 16 22 17 22 18 45 19 27 21 25 24 41 10 2 11 3 15 6 33 10 49 13 40 17 36 19 25 20 49 23 24 25 23 10 6 30 8 32 12 45 14 39 16 46 17 48 18 13 23 33 24 39 25 40
6 12 1 19 2 11 5 16 6 37 8 14 11 12 13 34 15 47 16 12 19 40 22 15 24 31 12 3 19 6 12 7 20 8 21 10 37 11 33 12 49 14 48 15 36 18 38 20 50 22 12 4 5 27 13 22 23 40 24 36 3 2 28 5 28 11 37 12 4 37 5 12 7 29 8 13 9 37 11 22 12 40 13 18 14 31 16 29 18 16 20 15 5 7 15 11 19 12 24 13 16 22 42
8 5 8 22 13 33 14 20 18 44 23 25 13 1 33 2 34 8 44 9 41 10 10 14 32 15 43 16 34 17 30 18 26 19 38 20 16 24 17 13 2 48 3 50 5 32 7 16 8 13 13 28 14 19 15 11 16 43 20 48 21 34 23 18 24 48 5 1 44 15 17 18 42 21 33 25 42 14 4 44 7 19 8 38 10 49 11 46 12 50 15 50 16 41 17 18 18 23 20 43 22 18 23 16 24 49 11 6 19 7 31 8 27 10 27 13 23 16 13 19 46 21 21 23 37 24 43 25 27 10 2 49 6 25 7 21 8 41 9 23 10 42 16 48 17 40 22 13 24 19 6 8 38 11 32 12 46 13 33 19 14 20 46
4 5 9 16 11 24 12 18 14 45 25 32 14 1 20 2 39 3 33 4 12 7 30 10 28 11 39 14 43 17 11 18 23 19 42 21 41 24 29 25 23 6 1 12 11 26 13 29 15 10 17 50 20 26 9 2 21 3 31 7 19 11 17 19 49 20 14 22 28 24 41 25 28
8 5 4 26 21 39 23 23 24 15 25 49 13 2 33 4 22 7 12 9 31 11 34 13 48 14 20 15 24 20 29 21 21 22 34 23 35 24 36 9 1 36 3 16 5 20 10 31 12 42 17 31 19 34 21 34 24 16 13 4 47 6 33 10 25 12 34 13 38 16 48 18 35 19 30 20 26 21 13 22 43 24 31 25 15 8 1 27 2 35 6 42 11 43 12 43 14 44 18 37 24 41 4 8 12 18 42 22 50 24 10 11 2 50 6 15 7 21 8 29 10 28 16 25 17 25 18 13 22 23 23 15 24 48 11 3 41 4 44 7 27 8 32 9 50 12 30 13 22 15 44 18 17 24 47 25 46
4 7 4 15 11 32 13 40 16 49 19 34 20 19 22 24 8 2 43 3 36 8 21 14 29 18 33 21 47 23 21 25 44 7 4 34 8 14 9 27 10 10 15 41 21 44 24 36 10 1 13 6 17 11 11 12 33 13 29 16 16 20 15 22 10 24 28 25 46
5 13 2 27 6 10 7 10 9 16 10 18 11 31 13 27 15 24 16 42 18 34 19 33 24 33 25 10 15 2 27 5 24 6 39 7 30 8 23 9 10 10 11 11 33 12 30 14 35 15 39 16 18 20 40 24 26 25 34 5 4 11 6 27 7 48 10 37 12 37 3 4 39 5 30 6 39 13 1 11 2 49 4 20 5 46 6 38 7 31 8 22 9 50 12 39 17 35 18 15 21 23 25 23
3 5 9 43 13 14 14 40 16 12 18 11 10 2 14 8 35 9 34 14 37 15 18 16 31 20 10 21 41 22 42 25 35 13 1 40 2 35 3 14 5 35 6 32 7 43 12 44 14 48 15 33 16 26 17 18 22 12 23 14
6 4 2 45 13 13 14 26 23 23 12 1 26 2 42 4 24 6 25 8 15 11 46 12 12 16 37 19 49 20 34 22 17 24 43 12 2 35 3 50 4 42 6 34 7 19 10 14 11 33 13 24 14 33 18 30 19 18 20 30 8 1 15 6 24 7 50 14 25 20 36 21 15 22 26 24 24 12 1 45 3 28 5 19 7 10 10 28 12 17 13 12 15 39 16 46 20 29 21 20 25 32 12 3 31 4 32 5 43 9 37 10 34 11 46 13 19 16 48 17 14 18 22 23 42 24 30
4 12 1 22 2 20 6 45 8 32 9 49 11 16 13 40 17 37 18 32 21 22 23 21 25 48 14 1 44 4 12 6 12 7 10 8 47 9 10 10 16 11 41 13 17 14 31 20 13 21 22 22 32 23 48 14 1 35 2 14 4 39 6 14 7 47 8 23 10 29 13 10 15 11 18 21 19 50 23 49 24 21 25 25 15 2 36 5 29 6 33 7 40 8 11 9 15 10 30 11 42 14 43 16 48 17 46 18 21 21 30 22 49 24 23
8 3 17 41 22 18 24 38 7 4 41 5 29 6 37 9 15 10 22 13 17 16 12 3 15 36 16 33 19 13 10 2 13 3 32 4 16 6 22 11 21 12 39 16 48 18 28 20 42 22 28 8 1 37 4 41 5 36 9 36 15 14 16 45 18 10 23 33 9 1 29 5 32 8 43 11 12 13 46 14 41 16 30 19 24 20 14 7 5 30 6 19 12 15 13 33 15 15 23 13 25 48 9 4 40 6 34 8 29 13 27 16 22 17 15 18 36 20 32 23 24
5 5 4 11 7 32 14 35 19 37 25 36 8 1 18 4 48 11 20 13 13 17 21 23 39 24 26 25 24 11 3 18 4 33 7 15 11 13 12 33 15 10 16 48 19 38 22 15 23 39 24 27 12 1 25 2 32 3 47 5 29 6 48 8 47 9 41 15 18 17 48 19 27 23 48 25 10 14 1 15 3 44 5 45 7 21 8 13 10 20 11 40 13 33 14 23 16 26 17 43 18 41 20 19 24 36
4 9 1 49 2 15 4 10 9 23 14 24 18 13 20 48 22 48 23 32 13 1 21 3 15 5 11 7 29 12 29 13 37 14 26 16 17 18 18 19 35 20 25 22 32 25 27 7 1 25 3 13 8 41 10 31 13 48 14 18 20 14 15 1 37 3 21 5 45 7 19 11 10 12 26 13 34 14 13 16 33 18 20 20 48 21 44 22 49 23 35 25 25
8 14 2 38 3 47 4 37 5 30 6 27 7 32 8 36 11 13 12 30 14 32 19 35 20 49 22 10 25 24 10 1 40 2 34 4 43 7 21 8 42 9 33 14 48 16 15 17 31 23 34 8 4 25 7 22 13 50 14 32 15 18 18 18 20 32 24 12 7 6 40 14 49 15 41 18 44 19 22 24 25 25 28 7 5 50 7 10 11 35 15 32 16 41 20 37 21 48 15 1 18 3 50 4 43 5 30 6 41 7 10 11 38 12 45 13 32 15 21 16 27 18 24 20 22 21 44 22 10 8 3 12 4 18 7 30 12 48 14 14 20 33 24 31 25 29 15 1 42 2 38 3 25 4 46 6 13 8 24 12 41 14 42 15 49 18 38 20 20 21 45 23 42 24 39 25 42
6 14 3 15 5 41 6 26 8 50 10 18 14 20 15 44 16 22 17 11 18 19 20 27 21 32 23 37 25 23 5 6 35 7 48 14 16 15 32 21 44 8 1 49 9 16 10 15 15 36 16 21 19 12 21 27 24 50 9 2 39 7 15 10 16 11 21 16 31 18 32 20 16 21 19 22 13 7 2 13 10 33 12 12 14 40 19 13 20 18 21 12 5 5 23 7 45 10 20 11 40 24 20
6 3 6 16 9 45 16 35 6 3 48 6 27 7 44 8 48 18 17 20 33 3 4 16 5 33 19 45 3 11 11 13 14 20 32 12 8 17 10 44 11 11 12 37 13 17 14 38 16 22 17 25 20 12 22 39 24 19 25 13 9 1 22 3 10 5 22 6 48 10 28 12 37 15 13 16 38 19 34
7 6 9 30 12 45 20 38 21 19 22 10 25 14 4 2 50 5 29 7 28 11 13 10 2 14 5 50 10 30 13 31 14 35 18 26 19 35 20 15 22 26 24 41 8 8 42 9 19 11 48 16 50 17 13 18 43 20 34 25 28 12 1 17 2 34 4 16 7 30 8 18 11 25 13 37 15 36 16 26 18 24 20 37 22 18 11 1 24 2 19 4 26 5 21 7 41 8 31 9 27 10 34 18 15 19 50 24 19 15 1 26 4 28 6 31 7 22 8 12 9 26 11 20 12 19 15 14 16 30 20 35 22 35 23 49 24 38 25 49
3 10 2 23 3 16 4 32 5 12 7 13 12 49 15 12 21 29 23 26 25 18 8 4 46 5 20 11 40 12 15 15 21 18 32 21 49 25 41 5 1 29 14 15 17 11 21 13 25 15
7 10 1 17 2 37 4 11 6 10 12 25 13 32 17 21 19 50 23 18 25 43 5 6 48 12 10 14 13 17 36 18 50 10 3 13 5 21 6 46 12 49 13 25 14 50 15 46 16 39 17 47 24 14 6 9 42 10 17 11 33 16 38 17 38 20 27 10 3 37 4 39 5 47 6 12 7 16 13 45 14 46 19 20 21 48 22 20 9 6 48 7 45 8 33 9 47 13 10 14 21 15 25 19 35 22 39 15 3 22 4 11 6 12 7 15 8 25 9 34 11 17 15 48 17 12 19 36 20 31 22 41 23 25 24 24 25 39
5 3 8 31 16 31 25 12 5 8 45 15 20 18 30 19 15 25 43 7 1 50 4 25 9 44 10 21 13 50 17 37 21 45 4 1 36 14 34 21 36 23 20 8 5 26 6 17 8 26 11 44 17 25 19 14 20 13 24 24
4 4 6 32 19 25 23 15 25 26 12 1 47 6 40 7 14 8 34 9 40 10 31 11 24 12 49 13 27 16 50 19 40 25 28 10 6 28 8 31 10 46 11 25 19 16 20 27 21 15 23 24 24 47 25 36 5 4 14 13 45 14 14 19 23 23 44
5 12 1 50 3 23 4 49 5 38 7 29 10 12 13 17 14 14 16 26 17 10 18 49 19 22 3 2 10 7 35 13 35 15 1 40 2 37 4 40 6 40 8 38 10 49 11 20 12 10 13 16 16 38 18 31 20 10 21 23 23 45 24 32 5 4 35 8 33 18 10 19 37 23 32 6 2 26 12 30 15 17 17 49 18 37 25 15
8 6 3 12 6 21 7 34 12 31 15 22 20 32 14 2 47 3 31 9 24 11 14 12 45 13 33 15 33 18 49 19 42 20 27 22 42 23 19 24 49 25 28 9 7 30 9 14 11 39 12 31 15 39 16 26 20 15 21 32 22 47 15 1 17 2 27 3 45 5 48 7 43 9 10 10 15 13 21 17 43 19 30 20 22 21 10 22 23 23 28 24 50 4 1 47 8 17 15 20 23 25 15 5 34 6 40 7 41 8 28 10 48 11 20 12 21 13 22 15 16 16 24 17 49 18 50 21 14 22 32 23 17 3 7 46 16 23 23 44 13 2 33 4 37 5 49 6 48 7 43 8 47 9 19 15 33 18 44 19 40 21 13 24 50 25 17
6 8 3 25 5 37 9 31 10 28 12 50 15 39 17 28 21 46 13 2 37 4 19 5 10 6 33 11 43 13 45 16 50 18 12 20 16 21 49 22 10 24 17 25 22 11 1 45 3 32 6 25 8 41 10 20 11 27 14 47 16 18 20 43 23 32 25 14 4 3 12 4 46 16 16 24 21 6 4 10 8 37 9 35 13 16 14 38 21 37 15 2 33 4 28 5 15 6 35 7 25 9 18 10 23 11 21 13 26 14 41 18 34 20 28 22 44 24 48 25 26
7 8 3 49 7 41 11 34 14 25 15 19 17 43 18 38 20 32 5 1 50 3 37 7 31 18 36 20 16 15 1 45 3 31 5 23 6 48 7 44 10 38 12 49 13 28 15 31 17 34 19 43 22 38 23 43 24 10 25 38 10 3 27 4 13 5 22 7 23 8 12 10 44 11 23 12 49 15 18 21 17 6 3 32 5 34 11 36 16 25 17 14 19 16 9 1 49 2 21 4 48 11 30 15 40 16 26 18 40 19 12 21 43 3 1 15 11 29 24 35
7 7 1 45 2 12 5 14 9 10 12 13 13 50 23 11 15 2 46 3 20 4 48 8 16 9 37 10 46 11 24 13 33 17 41 18 32 20 40 21 35 22 11 23 21 25 27 5 2 18 6 28 7 40 8 34 17 29 15 1 23 4 23 5 38 6 39 7 44 8 13 9 50 10 30 13 15 15 39 18 18 19 31 20 35 23 10 25 30 4 12 15 13 15 15 19 19 48 6 5 41 11 20 12 46 19 14 20 40 21 12 6 4 30 7 15 12 34 17 45 20 46 21 47
7 15 1 29 2 27 4 39 5 16 8 23 10 16 11 35 13 45 14 39 15 32 16 20 17 42 18 35 19 37 24 30 14 3 18 5 21 6 35 8 25 9 29 11 14 16 38 17 42 19 40 20 45 21 26 23 43 24 35 25 13 12 1 38 7 30 9 47 10 20 11 39 12 38 14 31 15 45 19 10 21 49 24 14 25 43 13 2 26 3 11 4 29 5 43 9 25 12 32 14 41 15 24 18 45 19 21 21 40 22 30 23 38 4 5 34 9 44 13 48 18 16 8 5 33 6 12 11 11 12 31 17 33 19 18 20 40 22 37 10 2 29 3 45 4 49 7 45 11 31 13 48 15 21 19 24 21 49 25 26
5 12 1 26 7 50 11 18 12 49 13 20 14 21 15 12 16 14 19 21 20 21 22 23 25 25 14 2 13 7 27 8 42 9 13 10 32 12 14 13 10 14 36 16 37 17 24 18 25 20 13 21 46 23 50 13 2 44 3 18 4 32 6 34 7 44 8 15 12 25 13 17 20 33 21 11 23 43 24 24 25 36 13 1 15 5 36 6 34 7 30 9 35 11 26 14 22 15 23 16 41 19 36 20 13 22 38 24 27 10 2 49 6 32 8 33 9 19 10 33 15 28 18 45 19 39 22 43 24 11
6 5 4 27 10 12 14 13 21 39 22 43 3 10 33 15 12 20 19 6 1 31 2 40 7 34 17 13 19 25 21 46 9 4 40 8 36 9 41 13 18 15 19 17 49 18 41 20 38 23 25 5 2 39 4 12 11 42 12 32 17 12 6 3 26 6 48 8 18 9 26 14 29 16 22
4 11 1 45 5 46 6 25 7 24 9 38 10 44 16 49 19 16 20 22 22 26 23 31 3 4 18 5 10 16 49 6 2 42 4 25 9 50 14 11 16 15 21 11 12 1 35 3 49 4 31 5 38 8 32 10 13 12 49 14 27 15 44 16 36 19 35 25 48
8 14 1 43 3 33 4 19 5 16 6 50 7 33 9 45 12 39 14 21 16 27 18 33 20 40 22 25 25 11 6 3 12 9 50 10 16 11 35 16 31 22 26 12 1 12 2 50 3 33 5 20 6 34 8 35 11 26 13 39 17 36 19 21 20 47 25 41 15 1 50 2 21 4 28 6 47 9 11 10 27 11 45 12 41 14 19 15 30 18 43 21 41 23 42 24 21 25 34 9 5 39 6 26 8 39 9 26 11 47 12 10 16 49 23 39 25 47 7 2 18 3 31 9 17 12 47 16 47 18 47 19 14 14 4 10 8 42 9 31 12 48 13 13 14 27 15 14 16 47 17 31 18 33 19 38 20 23 22 36 24 46 10 1 43 2 31 3 18 4 11 7 28 13 38 16 39 17 20 18 20 25 46
4 10 6 45 10 25 11 48 12 47 13 44 15 31 20 37 22 28 23 15 25 47 4 5 34 7 26 8 20 19 35 11 1 28 4 43 5 10 8 46 9 31 13 26 14 31 17 17 20 31 21 36 23 31 14 1 39 3 37 5 41 8 27 9 32 10 46 11 49 12 47 16 11 17 20 18 39 21 13 24 18 25 28
5 13 2 30 5 31 8 14 10 22 11 27 12 30 13 15 14 42 16 10 17 41 19 36 22 15 23 41 10 1 18 2 19 5 37 11 36 14 26 17 47 18 41 20 49 21 42 22 36 14 1 30 2 32 5 44 10 16 11 33 13 30 14 36 16 11 19 12 20 40 21 47 22 10 24 37 25 35 12 2 24 4 26 6 47 12 15 13 36 15 44 17 30 19 22 20 44 21 44 22 19 23 42 3 4 26 6 17 17 37
8 11 7 39 8 20 12 25 13 30 14 23 15 16 17 41 18 19 21 14 22 50 24 25 4 1 15 2 25 3 48 15 15 3 3 19 8 26 9 43 14 2 36 3 45 4 37 5 49 6 10 7 13 9 31 11 32 12 31 14 33 15 22 17 50 21 40 25 50 12 1 43 7 42 8 19 10 15 11 37 13 43 14 10 17 44 19 16 20 28 22 34 25 30 11 1 39 3 23 4 37 5 41 6 28 14 24 15 36 16 34 18 30 19 16 25 21 15 2 28 4 20 5 16 9 22 10 35 11 40 12 17 13 40 14 11 15 16 18 42 21 50 22 25 24 34 25 35 14 1 36 2 44 4 42 5 25 8 48 11 12 13 23 14 18 17 12 18 22 19 38 21 26 22 22 25 31
7 15 3 39 5 41 7 27 9 17 10 45 11 22 13 32 14 21 15 33 16 50 17 27 19 23 20 48 22 30 23 42 10 1 43 4 10 5 49 15 27 18 32 19 32 20 15 21 41 24 21 25 25 8 1 20 8 32 9 22 10 50 11 20 16 43 20 28 22 45 10 8 27 9 22 16 44 18 19 19 28 21 32 22 20 23 32 24 13 25 41 3 11 48 16 21 19 45 11 4 16 5 14 6 46 7 31 8 36 11 48 12 14 15 31 23 46 24 30 25 46 4 1 42 9 32 18 20 22 38
3 3 10 42 12 26 24 47 5 8 11 13 29 14 23 18 12 25 28 10 2 37 8 18 10 41 11 14 13 39 17 40 19 45 20 35 21 13 24 25
5 11 3 23 5 38 8 37 10 17 12 26 14 37 15 42 16 19 17 23 21 23 24 30 3 5 20 9 50 23 27 13 3 21 4 48 5 24 6 29 8 48 9 41 10 36 11 33 12 42 17 30 18 12 23 14 25 27 15 1 45 2 12 3 38 4 33 6 16 7 13 9 37 11 20 14 43 15 31 16 39 17 28 18 39 20 33 24 49 8 2 13 5 18 7 22 9 22 12 30 14 18 21 24 25 36
5 5 2 33 7 24 13 32 16 50 21 26 9 1 35 4 37 6 47 7 34 8 46 13 33 19 38 21 36 24 26 12 1 18 3 32 4 28 5 19 7 47 12 25 16 21 18 31 19 47 21 27 22 33 24 32 4 1 44 3 28 7 33 25 41 6 3 12 5 45 11 50 14 37 19 34 25 17
6 5 2 35 3 39 5 36 19 23 21 19 6 1 12 9 44 10 46 19 39 22 49 24 41 10 1 36 4 42 8 14 9 45 14 25 15 20 16 37 18 34 20 46 22 49 8 10 12 12 18 13 22 15 44 19 37 20 32 21 25 25 39 5 3 30 5 44 10 34 18 22 22 46 7 6 43 10 35 11 37 12 39 13 34 17 42 19 38
4 12 10 43 11 16 12 31 13 14 14 46 15 37 16 17 17 23 19 20 20 29 21 50 23 25 14 2 24 8 28 9 17 10 41 11 28 12 37 13 12 14 48 16 38 18 35 19 35 21 22 22 12 24 21 8 2 15 4 13 7 15 9 29 12 40 13 45 14 23 18 19 14 4 49 5 25 6 36 7 30 8 44 14 47 17 43 18 13 19 26 20 24 21 38 22 24 23 34 24 38
5 12 1 43 2 29 3 41 4 39 9 47 11 36 12 21 16 48 17 35 21 46 22 11 23 34 11 3 28 11 34 13 24 15 19 17 48 18 22 19 21 20 31 21 43 22 43 25 26 10 2 33 7 46 10 40 13 28 15 34 16 42 18 25 19 25 20 25 21 34 11 1 21 2 27 3 40 6 28 11 14 12 26 17 17 20 43 21 46 22 14 25 15 10 2 48 3 23 6 24 7 31 10 46 14 37 18 17 22 41 23 14 25 32
5 6 7 46 9 19 14 33 17 19 20 19 21 16 3 1 38 10 44 24 50 7 1 12 2 28 6 13 7 11 13 33 15 18 22 46 10 2 24 7 27 11 34 12 39 15 41 16 12 17 29 18 38 21 46 22 42 3 17 24 20 36 22 45
7 13 1 28 5 33 7 44 8 10 10 50 15 22 16 25 19 30 20 32 22 38 23 24 24 39 25 23 5 4 21 9 12 14 13 15 23 25 20 3 9 36 10 39 20 43 12 2 49 5 17 6 37 7 28 9 20 12 30 17 37 18 39 21 22 22 37 23 10 24 15 6 2 36 7 10 8 26 12 14 13 33 17 13 15 1 10 2 42 3 14 4 19 5 34 7 19 8 40 10 24 11 50 12 11 13 15 15 35 16 36 23 39 25 25 11 1 45 3 29 5 13 6 31 7 50 11 45 12 28 18 13 21 28 22 41 25 22
7 10 1 17 3 16 4 44 8 10 10 25 14 12 15 31 21 43 22 11 25 19 6 6 33 7 34 19 11 21 22 23 30 24 36 11 4 49 6 21 8 24 10 23 11 39 12 40 17 17 18 35 19 26 22 23 23 39 8 2 49 3 30 4 25 5 43 8 27 15 42 24 34 25 29 14 1 33 3 11 5 28 6 12 7 37 9 33 11 42 17 26 18 29 19 25 20 35 23 11 24 12 25 45 5 7 24 8 17 16 11 22 13 23 21 15 3 22 4 29 5 47 7 31 10 18 12 20 14 23 16 27 17 49 20 48 21 24 22 35 23 40 24 50 25 21
8 11 3 50 6 49 12 50 13 28 16 21 17 34 19 34 20 49 21 19 23 27 25 43 4 3 10 4 23 5 16 17 50 15 1 15 2 36 3 25 6 15 8 19 9 33 12 47 14 11 15 43 16 19 17 43 18 16 20 12 21 42 23 33 9 1 21 8 39 14 24 15 28 17 49 20 19 23 15 24 17 25 15 5 1 13 4 38 5 28 11 23 16 18 11 1 26 4 39 5 22 6 46 7 30 12 20 15 25 17 16 18 37 19 38 23 37 4 6 15 14 38 19 44 25 35 13 3 26 4 48 5 17 6 49 7 25 8 27 11 49 14 41 15 43 16 29 17 46 21 39 24 45
3 3 13 20 18 23 21 45 13 1 21 2 34 7 25 8 46 10 40 11 44 15 29 16 14 17 37 18 50 21 35 22 10 25 50 12 1 19 3 30 7 12 8 24 9 27 13 42 17 25 18 46 20 17 22 26 23 49 25 14
6 7 1 18 7 34 9 41 10 44 15 12 18 28 23 13 7 2 14 4 50 5 49 13 22 20 47 21 39 22 23 4 9 40 10 23 23 37 25 10 12 2 12 3 41 6 35 9 33 11 25 13 35 16 29 17 26 18 43 23 14 24 35 25 23 12 3 15 4 15 7 28 11 38 12 46 17 49 19 40 20 21 22 50 23 22 24 22 25 38 8 3 20 5 42 6 50 9 43 11 50 12 44 15 34 18 43
3 6 4 31 7 46 8 18 18 46 19 48 22 40 12 1 44 7 37 8 34 10 12 12 28 14 47 15 31 16 27 18 19 21 42 24 35 25 27 3 3 39 7 42 9 13
8 13 2 13 5 49 7 32 8 35 9 40 10 23 13 38 15 21 16 38 17 50 18 31 19 22 21 33 14 1 49 3 29 4 11 5 42 7 39 8 29 9 42 12 16 13 27 17 48 18 14 19 25 22 30 23 47 6 4 50 10 33 12 14 13 14 21 28 24 24 10 2 25 4 27 6 22 7 39 9 40 12 31 15 40 17 14 20 35 21 33 10 5 26 7 23 8 11 12 40 14 12 15 36 16 14 17 14 18 39 22 10 5 3 36 7 33 9 38 15 33 24 29 12 3 28 6 35 8 15 10 47 11 21 12 15 14 23 15 14 17 39 18 50 23 31 24 22 13 1 34 2 13 4 26 5 32 6 45 8 44 9 42 12 34 14 14 16 20 17 43 22 22 24 47
7 11 3 44 4 28 5 46 8 10 9 22 11 12 16 33 18 12 20 25 21 30 23 48 12 1 48 2 30 5 45 9 33 11 29 12 45 14 48 17 35 18 43 19 15 21 14 23 39 11 1 37 3 50 7 24 9 50 13 13 14 15 16 10 19 34 21 43 22 22 23 45 14 1 50 3 16 5 28 6 19 7 32 8 30 9 27 11 49 12 18 13 25 17 13 22 15 23 24 25 31 8 11 43 12 36 16 44 17 29 20 26 21 39 22 19 25 11 10 1 36 4 46 5 18 10 21 11 17 13 32 16 28 19 33 20 38 25 42 15 1 31 2 18 5 47 7 48 9 15 10 48 12 28 13 21 17 21 18 41 20 45 21 41 22 50 23 44 25 19
4 6 2 25 4 15 7 26 11 35 16 17 23 43 4 2 38 15 39 16 42 22 22 13 1 25 2 37 6 25 7 39 9 37 10 36 12 40 13 22 14 33 18 34 21 23 23 49 25 33 4 5 18 13 25 14 30 23 17
7 8 1 22 7 22 10 45 13 40 14 14 21 31 23 27 25 33 15 2 19 4 25 7 22 9 41 11 29 12 41 13 30 14 20 15 32 16 37 18 18 19 42 21 33 22 46 24 35 6 2 40 6 19 7 39 9 31 18 35 25 32 5 5 49 12 47 13 18 15 22 21 42 12 1 18 2 34 3 13 5 39 6 48 10 21 11 34 15 21 16 10 17 35 21 41 23 39 4 2 17 5 16 21 48 24 22 7 1 18 3 47 13 42 14 31 19 15 21 41 24 32
6 5 7 12 13 38 14 23 16 38 18 11 14 3 14 4 18 5 48 7 47 9 48 11 14 12 12 14 45 15 42 17 11 18 35 23 47 24 43 25 34 7 1 24 3 28 5 12 7 15 11 12 22 41 24 23 3 3 47 18 37 19 15 14 2 40 3 24 5 49 8 30 11 21 12 36 13 35 14 42 17 10 20 32 21 12 22 34 23 31 25 38 3 3 37 5 17 16 20
7 5 3 11 12 30 18 32 22 40 23 40 12 1 28 2 38 3 26 4 27 6 17 8 45 11 15 15 36 16 26 19 19 23 28 24 17 9 4 26 5 35 6 49 11 45 12 10 17 25 19 12 20 22 24 19 4 4 24 7 13 18 23 23 20 5 10 39 14 43 16 42 23 17 25 33 4 3 45 4 11 15 36 19 46 7 3 18 11 50 12 29 14 42 17 24 18 27 20 37
6 4 1 26 8 26 9 16 22 49 15 3 45 5 37 7 31 8 19 9 32 10 17 11 11 13 26 14 12 16 24 17 11 18 37 20 43 21 21 23 42 4 6 18 14 44 17 46 25 29 7 3 35 4 27 9 24 11 48 15 26 18 25 21 45 8 1 49 3 34 4 29 5 45 6 45 7 13 16 16 23 37 8 1 21 8 18 9 24 14 12 15 23 16 16 17 22 19 25
6 6 2 14 3 18 4 42 18 45 21 41 24 25 7 2 47 3 22 10 26 12 10 14 13 15 13 24 46 6 2 35 8 25 11 25 13 28 14 19 19 19 11 1 36 2 13 3 21 7 29 9 42 12 49 16 35 17 46 18 15 20 28 23 45 7 1 11 6 38 9 49 10 43 12 14 15 11 23 16 15 1 39 2 33 3 33 5 50 6 36 8 22 9 22 10 25 15 45 16 41 17 15 20 45 21 13 24 16 25 33
6 11 1 11 3 43 4 25 5 11 6 40 9 41 15 28 16 23 17 15 19 45 25 14 10 2 39 3 50 7 32 11 24 12 39 15 41 18 34 19 22 20 14 22 27 5 12 34 15 33 17 44 18 24 23 11 12 1 19 3 26 4 46 5 30 6 33 7 34 8 31 10 14 14 34 15 12 22 41 25 24 5 3 41 4 35 6 37 13 38 21 38 7 2 18 4 22 5 11 7 38 10 44 19 31 21 22
8 4 7 43 11 50 18 32 24 31 9 1 48 9 34 10 21 11 40 13 23 14 15 19 42 20 39 22 21 15 1 46 3 32 4 17 6 32 7 27 9 33 10 44 12 15 14 25 15 38 16 23 19 26 21 26 22 45 23 32 9 1 31 4 40 6 25 7 23 12 44 13 11 18 40 22 17 23 33 13 2 33 8 47 9 46 10 31 11 50 12 45 13 48 14 31 15 39 16 27 18 43 23 13 24 17 3 7 20 14 16 25 12 6 1 42 2 24 11 32 12 39 14 36 15 29 12 2 43 3 29 4 29 5 46 7 49 9 23 10 49 11 39 15 17 18 19 23 37 24 39
6 15 3 39 4 27 6 29 7 43 9 39 10 40 11 17 12 13 13 19 14 19 15 42 17 15 18 42 21 23 23 29 5 4 25 7 41 8 30 22 16 23 45 10 1 20 2 16 5 43 6 14 8 10 16 38 19 17 21 42 22 47 23 42 7 3 45 6 19 7 50 10 17 15 50 20 18 22 17 7 3 23 6 18 16 38 17 25 18 30 23 44 24 36 4 3 34 13 38 18 48 20 49
6 11 1 30 6 13 8 36 10 24 17 33 19 13 20 21 21 34 22 28 23 31 24 38 12 2 43 4 33 6 20 7 31 9 33 10 30 11 25 12 29 17 28 18 47 19 11 21 18 11 2 23 5 18 6 10 8 23 9 28 14 20 15 38 16 15 20 30 21 37 25 43 8 1 10 4 10 5 24 7 34 13 31 14 16 18 37 22 44 13 2 37 4 14 5 23 8 42 10 20 11 40 12 45 14 38 15 14 19 42 21 38 22 25 25 17 13 1 36 5 40 8 49 9 19 10 10 14 35 16 40 17 10 18 47 19 39 20 27 23 46 24 31
4 5 1 46 2 35 3 39 4 20 22 47 14 2 35 4 26 6 39 8 19 9 31 10 12 14 21 16 21 18 38 19 18 20 23 21 10 23 43 24 27 3 1 44 4 11 11 44 15 5 34 6 29 7 35 11 35 12 27 13 31 14 41 15 13 16 11 17 10 18 33 20 19 21 12 23 33 25 41
3 10 6 44 7 46 10 27 14 12 15 36 16 11 17 29 21 17 22 30 25 29 12 1 22 2 46 3 46 6 32 8 18 11 29 12 16 14 43 18 23 20 47 22 26 25 26 5 1 16 2 27 5 39 16 14 17 43
5 8 1 29 8 15 11 48 18 37 19 38 20 16 23 34 25 32 4 1 50 8 43 13 21 17 15 8 6 38 7 47 12 42 13 47 15 15 21 34 23 49 25 31 3 1 47 8 25 21 13 13 3 49 5 29 7 13 8 32 9 40 10 29 11 42 12 44 14 47 22 36 23 36 24 25 25 23
3 6 7 11 9 22 11 42 14 46 17 29 18 11 15 1 16 5 29 6 30 7 45 8 40 10 24 12 26 14 48 16 32 17 17 19 28 20 38 21 35 24 14 25 44 14 1 43 2 47 3 30 4 16 6 27 10 17 11 12 14 26 15 10 16 28 17 43 18 34 24 18 25 11
6 5 1 41 4 16 7 41 14 35 25 49 5 6 14 14 23 16 34 23 25 24 44 9 3 11 5 17 12 44 13 22 16 26 17 39 19 35 20 35 23 38 7 2 11 3 39 4 20 15 36 17 22 21 20 24 21 8 2 46 6 18 7 21 9 33 12 42 20 41 22 25 25 31 5 2 39 8 27 18 43 20 16 24 35
4 11 2 47 8 24 9 48 11 17 12 41 13 46 15 20 17 49 18 41 24 50 25 34 6 8 48 10 23 11 19 15 40 23 50 24 17 12 1 27 5 34 6 37 12 37 13 49 14 47 15 49 16 46 19 28 20 31 22 14 24 40 13 1 49 2 39 4 20 7 47 8 12 9 47 11 22 12 41 13 19 17 42 19 40 23 36 25 30
7 15 2 20 3 44 4 23 7 43 8 50 11 26 12 47 14 22 16 31 17 18 18 30 20 26 21 11 23 27 25 11 5 4 34 5 34 8 39 13 25 16 32 4 1 18 4 30 10 13 24 32 7 7 20 12 49 13 47 16 42 20 50 22 30 25 28 13 1 13 2 47 3 31 4 38 6 36 7 36 8 14 9 13 10 48 12 11 15 35 18 49 24 35 10 3 19 8 44 9 26 11 15 12 34 13 38 21 20 23 50 24 14 25 50 10 4 32 5 18 6 11 9 20 10 47 14 15 15 11 16 11 17 17 21 42
4 4 4 43 13 19 16 38 19 18 6 3 17 6 25 17 26 18 50 20 35 21 47 6 4 20 12 12 14 10 17 30 22 36 25 28 8 4 25 5 14 6 16 8 33 13 26 14 48 18 40 23 24
6 3 8 32 12 19 20 46 9 3 35 4 13 7 43 9 22 10 19 15 31 16 50 22 24 24 15 6 4 27 6 22 8 15 18 32 23 18 25 15 6 2 20 4 35 10 18 18 33 20 14 25 26 13 2 39 3 10 4 20 7 16 8 18 9 31 13 44 16 26 17 13 18 10 19 14 21 12 25 47 5 8 46 11 46 17 33 19 13 25 30
4 3 1 21 8 39 18 42 13 2 40 5 19 9 42 10 14 12 26 14 33 15 22 16 42 19 30 21 45 22 22 23 13 24 47 4 4 50 6 38 17 20 19 19 11 3 28 5 13 6 41 8 14 12 10 13 14 15 34 17 37 18 25 20 47 21 21
4 12 1 46 5 42 6 19 7 35 8 22 10 43 12 31 15 32 18 22 19 42 20 16 21 47 4 3 32 14 19 15 32 16 29 9 6 43 9 34 10 29 11 39 12 41 14 33 15 48 22 30 23 16 3 5 38 15 35 21 48
113 125 66 71 115 89 126 72 142 53 74 48 104 71 105 64 79 146 91 111 102 51 93 72 52 98 137 95 96 110 84 95 110 72 105 76 78 125 90 47 88 89 86 62 67 98 88 121 117 53 93 42 147 101 53 134 102 95 116 118 90 156 117 81 69 52 80 47 72 61 101 65 97 50 61
2 2 2 1 1 2 1 3 3 2 1 2 1 1 2 2 2 3 2 3 2 2 2 1 3
# Instance ID: 72
# Total operations: 422
# Actual flexibility: 0.355
# Generated: 2026-02-14 14:26:23
# Format: Extended Brandimarte for MOFJSP (Comparison Dataset)