10 5
3 2 1 23 3 38 2 2 16 3 33 3 1 27 2 22 3 17
5 2 1 50 2 48 1 1 31 1 2 46 1 1 45 1 5 23
7 1 3 19 3 1 18 3 44 5 26 1 1 11 1 1 32 1 5 30 1 2 26 1 2 36
5 3 1 38 2 33 5 42 3 1 24 3 49 4 12 3 2 11 3 13 5 40 2 1 41 4 38 1 1 30
7 3 1 27 2 49 4 50 3 2 48 3 43 5 28 2 4 16 5 17 3 2 38 4 24 5 36 2 4 36 5 16 2 3 26 4 33 1 4 14
3 1 1 15 2 1 18 3 45 1 5 45
4 3 1 32 2 37 3 13 2 3 32 5 16 3 1 40 2 24 5 16 2 3 17 5 27
6 3 2 49 3 49 4 45 1 5 27 1 2 27 3 2 10 3 21 5 19 3 1 50 4 11 5 15 3 2 36 4 39 5 31
3 1 3 29 3 1 19 3 20 4 49 1 1 27
6 2 4 48 5 38 2 2 42 3 17 2 1 28 4 47 2 3 12 5 24 2 1 10 5 23 2 2 26 5 28
44 97 123 81 116 53 76 103 56 101
1 1 3 1 2
# Instance ID: 5
# Total operations: 49
# Actual flexibility: 0.388
# Generated: 2026-02-14 14:26:22
# Format: Extended Brandimarte for MOFJSP (Comparison Dataset)