30 20
8 12 1 50 2 49 4 36 5 49 7 49 9 17 10 23 12 19 13 50 15 47 18 25 19 33 10 2 12 3 22 6 29 7 39 8 33 10 35 11 13 12 15 15 36 17 28 5 6 28 10 36 11 20 13 10 17 21 4 8 49 9 20 11 19 13 25 12 1 13 3 49 4 31 5 26 7 40 10 13 11 13 13 36 15 13 16 25 18 46 20 43 4 2 35 4 22 12 31 15 18 4 1 20 3 20 6 28 9 50 4 3 34 11 42 13 12 16 48
4 8 2 23 3 22 4 37 5 35 9 33 11 10 14 18 17 43 8 2 49 3 16 8 33 9 40 11 45 14 20 18 46 20 13 8 2 16 3 28 6 20 10 46 14 47 18 48 19 27 20 42 4 1 15 4 23 10 42 20 33
5 9 3 19 4 10 6 17 7 20 10 11 14 16 18 38 19 29 20 12 5 2 49 10 42 14 42 17 43 18 35 9 3 17 5 25 8 34 10 39 12 30 13 48 17 16 18 36 19 29 7 2 45 4 11 5 16 7 16 11 22 12 13 19 43 8 4 20 5 25 7 28 9 21 12 44 13 26 14 10 16 18
7 5 6 15 9 50 13 25 16 20 19 10 5 6 44 8 37 9 38 11 12 19 38 10 1 44 5 41 7 50 10 37 11 35 13 40 14 29 15 13 18 44 20 41 10 1 11 2 25 3 23 5 12 11 33 12 14 13 11 15 48 19 41 20 19 7 5 28 6 14 7 37 9 44 12 47 15 23 16 47 5 6 24 8 45 11 16 14 45 16 20 11 6 43 7 11 8 40 9 12 11 27 13 21 14 24 17 32 18 39 19 24 20 15
3 11 3 15 7 22 8 30 10 25 11 29 12 39 15 13 16 32 17 10 19 40 20 10 10 1 22 7 32 10 39 11 34 12 42 13 36 14 36 16 18 17 14 20 25 11 1 20 3 33 5 47 6 31 9 31 11 16 12 22 14 22 16 12 17 30 18 49
4 4 4 23 10 32 12 17 14 16 3 14 29 16 31 20 16 6 1 31 8 11 12 26 13 14 14 41 20 25 10 5 39 7 12 8 22 9 21 12 23 14 50 17 44 18 17 19 18 20 43
4 4 3 32 8 29 15 38 17 30 5 3 47 4 37 6 25 11 41 15 23 4 3 16 7 11 8 44 10 42 9 2 11 5 11 6 25 8 44 10 16 11 42 13 11 14 25 16 36
8 7 2 42 3 19 12 29 16 14 17 26 18 11 20 44 4 2 26 5 37 15 14 17 37 11 2 40 5 10 6 23 7 18 10 11 11 27 12 22 13 29 15 41 16 26 18 23 6 2 33 4 14 5 12 7 11 10 28 20 35 3 1 17 3 22 10 17 6 3 13 10 40 11 19 12 18 15 24 20 48 8 3 14 5 43 7 48 13 45 14 47 15 45 16 41 20 45 10 2 39 4 14 8 18 9 23 12 48 14 44 15 15 16 44 19 46 20 24
4 12 1 30 2 31 4 42 5 36 6 42 9 15 10 39 13 24 15 27 16 17 18 44 19 45 3 13 29 16 12 19 25 4 11 31 12 49 16 22 17 46 4 8 18 11 12 13 33 18 27
5 7 2 46 6 30 7 26 8 11 11 36 15 24 20 43 8 1 14 2 32 5 22 8 39 11 45 12 27 14 21 15 13 8 5 12 8 38 11 43 12 47 13 36 15 39 18 39 20 42 11 1 10 3 27 4 11 5 49 6 29 8 41 12 14 13 17 14 21 18 28 19 35 4 1 27 12 16 15 11 16 29
7 11 3 29 5 41 7 13 13 26 14 46 15 45 16 36 17 40 18 15 19 17 20 11 4 1 24 15 25 17 20 19 30 10 1 37 2 43 3 46 4 49 5 40 7 26 8 48 10 13 17 23 19 50 3 8 16 9 39 17 38 12 1 43 3 17 5 16 8 22 9 13 10 15 12 42 13 37 14 28 17 25 18 18 20 25 4 9 16 12 42 13 17 19 20 10 1 22 2 19 3 32 4 34 5 40 8 28 12 11 14 31 15 23 16 34
7 5 3 14 4 31 5 26 7 16 11 50 4 1 11 4 34 5 10 19 41 4 2 12 7 33 8 18 13 21 4 6 38 9 25 10 33 14 22 11 2 49 4 46 5 49 6 29 7 27 9 19 11 36 14 15 15 44 17 27 18 31 8 3 49 5 33 7 13 9 44 11 16 12 27 13 49 15 47 7 2 33 5 47 6 24 7 32 9 42 18 13 19 23
3 8 1 30 6 12 8 41 11 42 13 15 17 47 18 50 19 38 6 3 27 5 40 9 41 10 41 12 40 20 26 7 1 37 5 28 8 13 9 13 13 37 19 10 20 34
8 12 3 33 5 23 6 41 7 39 8 47 9 24 10 45 11 32 12 28 13 34 17 11 18 47 4 1 11 4 39 5 20 9 33 7 2 13 3 46 7 49 12 24 13 19 14 50 19 26 10 1 28 2 22 5 17 6 35 8 13 11 23 13 18 15 33 17 13 18 24 12 3 25 5 37 6 15 8 41 9 47 10 26 14 46 16 36 17 26 18 31 19 29 20 48 8 3 22 4 16 8 41 12 28 15 19 17 38 19 16 20 43 6 1 48 4 23 5 35 6 18 9 40 20 34 4 1 27 9 12 14 27 15 34
3 8 2 17 3 11 4 32 6 10 9 18 12 18 13 44 19 48 5 2 20 10 43 11 18 12 38 16 36 10 4 50 5 39 6 22 7 18 9 38 12 43 14 23 16 48 17 36 18 47
4 5 1 18 2 34 3 10 4 41 12 38 5 3 46 7 34 9 31 13 23 19 41 4 8 17 12 11 16 32 20 21 3 18 22 19 14 20 45
3 10 1 24 2 16 4 18 8 49 10 40 12 22 14 27 16 15 18 29 20 43 8 1 44 2 11 3 10 6 48 7 13 9 40 12 19 15 21 3 3 20 16 17 18 43
5 12 1 14 3 30 4 49 6 49 7 43 8 39 9 32 10 17 11 39 12 33 13 38 15 49 3 6 10 7 45 20 43 11 1 24 2 11 3 13 5 38 6 42 8 50 10 44 14 37 16 41 18 32 20 43 10 1 31 2 12 5 28 6 49 10 38 11 21 15 25 18 35 19 36 20 49 7 2 44 5 17 6 28 13 18 14 12 15 29 17 24
7 11 2 28 3 48 4 22 5 46 7 28 8 16 9 37 11 34 13 38 18 26 20 12 10 5 14 6 15 8 13 9 35 10 37 12 39 14 19 17 37 18 28 20 15 11 1 46 2 23 3 17 5 37 7 27 8 32 11 48 15 43 18 19 19 26 20 25 10 1 22 5 34 8 32 9 14 10 42 11 38 15 33 16 35 18 47 19 21 9 2 17 4 19 5 33 6 34 8 40 15 21 16 14 17 19 19 25 3 1 39 11 42 18 46 8 3 31 4 34 5 34 8 11 12 10 16 47 18 44 19 10
4 8 1 22 2 27 4 14 7 25 12 50 14 35 16 31 18 22 5 9 49 11 48 14 38 17 38 19 11 10 1 25 2 38 4 12 5 13 7 27 14 47 15 15 16 41 18 29 20 28 6 3 42 4 39 13 37 15 21 18 15 20 32
3 10 1 17 6 43 7 19 9 28 10 44 11 41 12 29 14 14 16 27 20 20 10 2 42 3 40 8 21 9 36 10 23 12 26 14 46 16 21 17 15 19 50 5 5 17 6 30 7 46 8 11 17 10
8 10 1 36 4 39 5 40 6 14 7 33 9 27 10 17 12 39 14 34 18 34 3 10 45 11 47 14 24 12 3 33 4 40 7 37 8 34 10 35 11 26 12 40 13 35 14 12 15 45 16 32 18 18 3 5 47 11 37 17 29 8 1 49 3 44 5 43 6 41 10 43 11 18 12 47 16 45 11 1 14 3 45 5 33 7 12 10 36 12 48 13 20 15 48 16 44 17 39 19 24 11 2 22 3 47 5 12 7 25 8 20 9 15 11 26 13 25 14 13 16 22 18 15 11 1 11 2 35 5 32 7 26 8 42 9 44 13 30 14 31 15 43 18 41 19 30
5 8 2 27 5 22 6 36 10 48 12 39 13 26 15 32 20 39 11 2 31 3 32 4 35 7 37 8 49 9 37 11 25 12 23 15 44 19 46 20 32 11 1 49 2 47 3 17 5 37 6 18 7 26 9 37 10 48 11 29 14 50 15 40 9 3 17 6 41 7 47 9 39 10 22 13 37 18 40 19 46 20 48 3 1 41 3 14 5 48
5 3 5 10 11 22 20 44 10 1 27 2 32 4 34 5 20 6 29 10 27 11 36 12 21 15 19 19 12 4 11 23 13 50 14 25 18 48 6 2 18 4 34 5 18 10 30 12 25 17 44 4 1 41 2 30 8 30 9 48
3 11 2 13 3 41 4 27 5 33 6 10 9 48 10 23 14 25 17 21 18 42 19 13 12 1 39 2 40 4 16 5 45 9 21 10 25 14 31 15 25 17 18 18 41 19 40 20 50 6 8 35 9 14 11 38 12 18 14 38 16 32
7 10 2 36 3 37 4 16 5 31 7 25 8 47 10 23 11 46 19 18 20 48 7 1 16 2 23 3 26 5 24 6 50 15 25 20 46 3 6 49 14 44 16 49 8 4 46 6 14 10 18 12 48 15 48 16 12 17 24 20 38 4 4 32 5 48 15 25 20 46 8 2 15 3 36 6 21 10 21 11 12 12 35 13 30 15 48 4 1 22 2 35 9 26 18 23
3 9 6 47 7 15 9 26 10 19 12 20 13 10 17 50 19 13 20 39 5 6 30 8 20 13 39 15 42 17 13 11 1 23 4 12 6 10 9 12 10 47 11 12 13 13 15 37 16 23 17 50 18 18
4 8 5 45 6 36 7 17 11 40 14 20 15 45 16 29 17 39 3 8 36 9 50 10 23 6 6 43 10 28 12 14 13 31 14 28 16 36 6 4 30 11 14 15 42 16 33 19 16 20 41
3 9 1 12 6 50 7 24 12 24 13 38 14 30 18 19 19 21 20 46 9 1 18 3 30 5 15 9 26 10 31 13 32 16 40 17 47 20 50 8 1 27 5 14 7 28 8 19 15 37 16 29 19 23 20 13
5 5 2 41 3 19 8 21 16 47 20 45 5 1 29 4 22 5 48 7 19 12 20 12 1 47 2 31 3 22 5 48 7 13 8 44 9 39 10 44 12 23 13 28 15 41 18 35 10 1 34 2 48 5 29 7 45 12 24 13 37 15 10 16 46 17 50 20 29 6 6 11 12 43 14 30 15 31 17 47 20 21
133 75 78 103 46 76 56 108 51 81 133 128 59 147 48 58 45 90 96 77 51 113 92 62 53 84 39 63 53 78
2 2 1 2 1 2 3 1 3 3 1 3 1 1 3 3 3 3 3 2
# Instance ID: 43
# Total operations: 149
# Actual flexibility: 0.366
# Generated: 2026-02-14 14:26:22
# Format: Extended Brandimarte for MOFJSP (Comparison Dataset)