10 5
8 1 3 46 3 1 41 2 42 3 39 2 3 11 4 15 2 4 25 5 23 3 1 28 3 41 4 48 3 3 10 4 16 5 37 1 3 33 2 1 35 3 13
8 3 2 45 4 28 5 14 2 4 45 5 27 3 1 16 4 35 5 33 2 3 19 5 22 3 3 12 4 12 5 12 1 3 40 3 2 42 3 18 4 30 3 2 49 3 29 4 47
4 2 4 46 5 29 2 1 31 3 17 2 3 50 5 11 3 3 47 4 46 5 24
6 3 1 43 4 50 5 49 2 2 12 5 46 3 1 38 2 30 5 36 1 4 23 2 4 13 5 18 3 2 40 3 43 4 34
8 2 2 44 4 31 3 3 40 4 22 5 25 2 3 24 5 29 2 2 30 4 40 2 3 28 5 17 3 2 32 4 19 5 28 1 3 15 2 3 40 4 23
7 1 5 27 3 1 49 2 47 3 25 1 1 43 1 2 13 1 4 31 3 1 18 3 10 4 45 1 4 40
4 2 2 30 3 28 3 1 46 3 24 5 44 3 1 21 2 12 4 35 2 2 12 3 10
4 2 1 31 5 28 2 4 18 5 42 2 2 17 3 31 1 4 26
6 3 1 31 2 28 3 46 3 2 50 3 35 5 37 3 1 16 2 21 3 18 2 2 10 3 26 2 2 27 4 31 2 1 26 5 33
4 3 1 17 2 39 3 29 1 4 42 3 1 28 3 33 5 49 1 2 18
131 116 62 84 111 89 57 60 101 55
2 2 3 2 3
# Instance ID: 8
# Total operations: 59
# Actual flexibility: 0.434
# Generated: 2026-02-14 14:26:22
# Format: Extended Brandimarte for MOFJSP (Comparison Dataset)