75 25
7 10 3 47 4 15 7 49 9 22 12 49 13 32 14 32 19 22 22 14 24 44 15 1 12 3 40 4 12 5 46 10 40 11 10 12 37 13 24 14 18 15 22 16 19 18 36 19 36 20 38 25 29 12 1 49 2 15 4 38 5 46 7 44 8 35 9 33 15 22 16 21 17 48 18 33 24 45 9 4 39 5 11 6 42 9 16 12 32 16 24 17 39 20 35 25 12 7 5 27 6 39 12 15 14 23 17 25 18 22 20 17 13 1 40 2 23 5 50 7 45 10 11 12 48 13 41 14 28 17 33 20 22 21 19 22 24 24 15 14 1 19 4 15 8 35 9 48 10 47 11 25 12 39 13 18 15 47 16 42 17 16 19 48 22 28 23 27
7 4 2 46 12 32 19 11 23 28 6 1 40 6 36 7 21 12 11 18 36 23 25 4 15 18 19 18 21 34 24 15 15 1 27 5 41 6 17 8 28 10 23 12 25 14 32 15 47 16 40 17 42 18 13 20 26 21 25 22 20 25 27 7 2 42 9 48 15 34 16 11 17 30 21 35 23 41 7 1 22 6 25 7 29 13 26 18 45 19 12 23 37 13 3 14 7 34 9 26 10 49 13 44 14 40 17 38 18 20 19 21 21 19 23 42 24 25 25 34
4 7 1 22 6 17 7 45 11 50 21 25 22 19 25 20 9 3 29 10 19 12 20 13 10 15 31 22 32 23 36 24 14 25 14 6 4 38 8 48 16 48 20 25 21 14 24 39 5 5 47 8 16 14 27 17 41 24 33
3 9 4 25 5 41 7 22 8 28 10 38 14 30 15 26 17 30 21 32 14 2 12 3 17 4 16 6 33 7 31 11 46 13 35 14 41 15 28 16 27 17 19 18 44 22 22 25 20 3 6 40 9 28 21 21
6 4 3 42 7 32 12 22 24 15 3 1 38 9 28 15 27 6 4 27 8 41 10 21 11 15 19 45 25 23 11 5 49 7 22 9 30 11 37 12 42 16 17 17 45 19 49 20 47 23 17 25 15 12 4 22 5 31 6 41 10 21 11 43 14 28 17 13 18 32 22 18 23 34 24 12 25 47 12 7 22 11 50 12 26 13 16 14 47 15 12 16 43 19 36 20 31 21 32 23 21 25 38
7 9 1 12 2 12 3 16 5 28 12 35 15 15 17 16 23 44 24 31 4 12 48 19 20 22 34 25 29 10 6 40 7 15 8 12 9 12 11 23 14 30 15 46 20 23 21 44 25 27 13 1 15 3 38 4 12 8 18 9 34 10 10 12 49 14 33 19 44 20 40 22 26 24 38 25 44 5 6 31 21 16 22 25 23 31 25 11 3 15 24 16 23 18 30 7 3 49 6 45 8 40 11 22 15 24 16 36 18 24
4 9 9 41 11 16 13 21 16 34 17 38 18 26 21 34 22 16 23 23 12 1 37 3 46 6 50 10 18 11 26 13 15 14 48 15 44 17 23 18 42 19 24 23 33 12 2 21 3 15 4 27 6 49 7 15 8 46 10 39 11 36 19 38 20 20 21 39 23 18 11 1 21 2 26 5 33 6 43 11 32 13 41 14 21 15 32 22 30 23 29 24 38
7 11 1 23 4 26 5 30 8 21 10 10 13 20 15 47 18 10 22 26 24 45 25 41 5 9 41 14 41 16 14 22 31 25 46 15 2 18 7 39 8 41 9 11 12 30 13 20 15 48 16 41 17 25 19 36 20 19 21 23 22 47 23 26 25 12 6 7 29 13 20 14 22 17 12 21 16 24 32 12 1 12 3 39 4 10 5 24 6 21 7 36 11 38 12 24 15 39 18 31 20 31 24 43 10 9 46 13 43 16 43 17 42 18 49 19 26 21 48 22 39 23 44 25 11 13 1 35 2 22 3 12 8 15 9 38 11 22 14 21 15 28 16 19 19 11 23 10 24 27 25 50
6 15 2 37 4 24 5 14 6 20 7 19 8 17 9 40 11 46 12 43 14 44 15 22 17 37 18 19 22 40 24 20 7 3 13 8 50 11 28 12 32 17 33 24 27 25 45 15 1 43 2 43 4 13 6 25 7 26 9 39 11 26 12 34 13 33 15 49 16 25 17 15 19 39 23 19 25 42 5 11 33 15 44 18 47 20 33 25 27 15 1 35 3 20 4 28 5 41 6 12 7 38 8 20 9 43 10 35 14 36 16 37 18 11 20 29 22 14 25 28 5 4 17 6 22 11 49 15 20 16 42
6 14 2 35 3 45 10 49 12 15 13 30 14 32 16 45 17 50 18 43 19 24 21 24 23 13 24 32 25 13 12 2 12 3 24 6 42 7 44 8 16 11 34 12 17 14 40 16 37 19 38 21 46 25 29 5 1 28 2 33 6 41 23 27 25 12 7 1 41 2 50 5 28 6 35 10 16 14 23 25 11 6 5 48 6 16 11 26 12 13 16 29 25 28 6 3 37 9 48 15 28 16 40 19 25 24 26
5 15 1 12 2 27 4 48 5 19 7 48 9 37 11 21 17 37 18 45 19 49 20 17 21 50 22 14 24 15 25 46 13 1 21 3 33 4 37 7 39 10 49 11 45 13 48 15 34 16 16 18 44 23 27 24 15 25 49 8 3 18 4 32 5 39 6 37 12 38 16 45 17 30 23 48 12 4 46 6 13 8 50 9 34 10 38 13 44 14 50 15 40 17 31 20 37 22 25 23 42 14 4 20 5 46 6 40 8 35 9 11 11 13 12 36 13 30 14 12 17 32 19 39 22 43 24 19 25 49
8 4 4 24 8 12 19 10 25 47 4 6 40 8 17 20 41 23 24 15 1 21 2 24 4 32 6 41 7 15 9 31 10 16 11 10 13 37 14 49 15 38 17 29 22 21 23 23 25 26 12 5 19 6 32 7 34 8 11 11 32 13 24 14 34 15 41 18 43 19 36 20 47 24 41 6 4 31 9 14 11 44 13 50 15 29 18 24 10 2 49 3 15 8 33 10 43 12 42 16 20 19 50 20 39 22 15 23 14 15 1 38 3 34 4 18 5 48 6 18 7 29 8 10 9 46 10 31 12 30 18 14 19 49 21 16 22 12 24 23 14 1 23 2 47 5 45 6 37 7 50 8 19 9 26 15 46 16 22 17 21 19 23 20 47 22 12 24 15
8 12 3 26 6 13 11 42 13 48 14 13 15 42 16 10 17 21 21 16 22 27 23 44 25 18 15 2 32 6 50 7 46 8 27 10 19 12 23 13 36 15 15 16 48 19 20 20 33 21 41 22 33 24 10 25 16 7 1 16 2 35 4 40 5 31 12 38 22 38 25 26 10 1 26 4 41 5 22 7 43 13 14 17 23 19 39 22 35 23 32 24 26 14 1 38 4 10 5 20 6 29 8 29 9 14 14 49 15 27 17 42 18 37 19 10 20 45 21 15 24 17 15 1 22 2 10 6 39 7 49 8 16 9 19 10 38 16 13 18 29 19 15 21 16 22 22 23 15 24 16 25 15 11 1 40 3 13 4 28 6 47 8 17 14 28 16 31 18 48 19 50 21 27 24 44 9 3 37 7 41 14 27 15 13 16 36 18 22 19 40 21 11 22 16
4 15 1 49 2 32 3 42 5 28 6 37 9 46 10 32 12 47 14 39 15 48 17 46 19 28 23 15 24 16 25 28 5 1 38 7 16 8 26 13 35 25 17 11 2 48 3 42 8 35 9 10 10 29 11 29 12 20 14 48 20 16 21 42 24 29 12 2 30 3 45 4 33 7 41 10 23 11 10 17 17 18 22 19 50 20 48 22 21 24 33
6 10 2 27 3 19 9 44 13 27 14 49 15 36 17 50 22 45 23 31 24 42 6 5 30 8 20 13 17 17 40 19 49 24 31 12 3 17 8 17 9 19 12 19 13 48 14 23 15 20 16 18 20 33 21 10 22 15 25 49 13 2 18 3 24 4 20 6 10 10 21 11 37 12 25 13 35 14 35 15 15 16 39 20 43 21 31 14 1 40 5 28 7 46 8 47 10 41 12 45 13 19 16 22 19 25 21 50 22 25 23 21 24 39 25 27 12 3 45 4 31 6 44 10 19 13 48 14 49 16 24 18 41 19 47 20 34 22 19 25 35
5 7 1 29 10 39 11 23 12 27 13 19 20 10 25 33 14 1 26 2 22 3 18 5 20 6 42 11 21 12 12 14 26 15 24 16 38 18 20 19 28 22 35 23 26 12 3 36 5 19 6 37 8 45 10 50 15 11 16 35 17 41 18 47 23 47 24 29 25 29 5 3 28 5 10 8 48 24 28 25 21 14 1 34 2 34 3 34 4 17 10 21 11 42 13 38 14 39 15 37 17 44 20 49 23 19 24 16 25 15
5 12 1 48 2 23 5 12 7 48 12 50 14 29 15 18 17 43 18 44 22 50 24 48 25 23 6 1 22 11 42 12 44 14 34 16 35 17 14 14 1 21 2 20 3 14 4 31 6 46 8 40 9 46 13 35 14 32 15 24 17 28 20 34 21 27 22 32 11 1 35 2 30 3 42 5 29 12 47 13 26 16 42 18 40 23 34 24 46 25 23 4 2 42 15 45 19 28 24 29
7 13 1 34 5 27 7 13 8 29 9 45 11 46 15 44 17 34 18 49 22 47 23 13 24 25 25 43 15 1 29 2 14 3 15 6 12 8 18 11 30 12 27 13 15 14 44 15 23 16 41 18 39 19 29 21 25 24 45 9 1 24 4 32 7 13 11 41 16 41 17 29 18 27 20 30 21 45 4 8 48 12 43 17 31 22 19 8 1 34 2 10 8 43 10 25 11 17 12 40 16 41 25 32 13 1 22 2 38 4 36 8 25 9 22 12 10 13 25 17 31 18 35 19 37 21 22 22 47 24 40 7 1 29 2 24 4 29 6 24 8 20 12 15 21 34
7 14 3 25 4 28 6 40 7 38 10 35 11 30 12 31 15 25 19 30 21 20 22 39 23 29 24 37 25 12 8 2 14 7 47 8 41 10 31 13 30 16 29 23 13 25 42 5 7 33 12 13 13 21 15 49 18 46 3 10 31 12 43 24 38 5 3 11 5 28 13 11 18 40 23 37 12 1 46 3 12 4 41 5 13 8 36 9 50 12 20 14 35 15 32 20 37 22 42 23 19 10 3 22 4 25 8 11 10 21 11 12 14 39 15 11 20 35 22 10 24 16
5 10 5 47 6 39 9 39 11 22 12 42 13 28 14 41 16 40 18 42 24 48 3 3 30 18 15 25 25 4 5 47 8 47 11 15 15 32 11 2 13 5 28 6 11 8 23 10 11 12 20 13 19 14 40 15 50 18 36 19 26 15 1 21 2 31 4 43 5 37 6 50 7 30 8 21 9 35 10 38 11 28 12 14 14 35 16 35 21 32 22 47
7 13 2 32 3 34 4 46 7 26 8 31 9 47 10 44 14 13 18 36 21 16 22 39 23 34 24 25 14 1 31 2 13 3 27 5 40 6 10 7 45 8 31 10 49 11 44 14 43 17 11 18 15 21 18 23 49 11 1 35 2 33 3 47 4 36 8 43 9 19 12 40 15 20 22 29 23 39 24 24 4 6 32 9 47 10 42 22 23 15 1 36 3 18 5 19 6 50 7 40 9 32 11 49 12 16 13 19 14 27 15 28 19 24 20 23 22 21 25 24 4 9 45 10 29 12 28 22 45 15 2 34 3 21 5 30 8 50 9 20 10 38 13 15 16 15 18 15 19 35 20 49 21 33 22 15 24 46 25 43
6 11 1 16 4 14 5 21 6 10 9 43 10 25 16 48 17 29 19 13 21 18 24 20 11 4 16 6 34 8 29 11 28 12 42 13 46 14 11 15 45 16 23 18 47 21 32 14 2 33 5 43 7 10 8 27 11 39 12 28 13 15 14 39 15 47 16 14 18 32 19 26 21 10 24 11 11 3 43 6 28 7 36 10 38 11 29 12 18 16 12 17 30 19 32 24 12 25 49 11 1 38 2 24 4 14 5 31 6 29 9 49 14 30 18 48 19 22 24 19 25 42 14 1 16 2 38 7 36 9 31 10 18 11 28 13 33 16 15 17 37 18 10 19 46 20 35 23 49 24 22
3 6 2 21 3 30 6 23 13 47 21 24 24 13 10 5 28 7 42 8 12 9 30 11 10 12 25 13 32 14 47 21 33 22 34 3 8 32 12 25 13 12
6 9 1 28 2 49 3 31 9 10 13 42 18 26 22 47 24 14 25 12 5 3 15 12 44 13 11 16 35 23 31 12 1 24 4 26 5 39 6 10 9 20 10 50 11 10 12 30 13 27 15 47 20 39 25 28 12 1 46 4 42 6 17 10 42 11 31 13 32 15 39 16 28 17 23 21 42 22 44 25 19 13 2 49 4 45 6 39 7 14 8 48 9 45 10 42 12 35 15 47 20 46 21 45 22 11 23 40 7 3 35 5 18 6 34 12 40 13 32 15 46 24 34
5 7 7 29 8 10 10 20 12 12 19 42 20 32 21 27 13 3 48 4 37 5 13 8 27 10 46 11 12 12 10 14 41 16 46 17 16 19 41 21 36 25 38 6 5 48 7 10 10 47 11 45 22 15 25 29 8 1 36 2 25 4 33 13 44 16 23 17 30 18 29 20 46 6 9 35 11 40 14 29 15 21 16 33 19 31
5 7 3 31 4 43 12 21 13 38 18 19 19 15 21 42 4 2 41 3 30 22 35 23 12 12 1 30 2 12 3 41 5 18 6 39 11 20 12 11 18 13 20 40 21 27 23 33 25 11 14 5 36 9 34 10 22 11 42 12 29 13 29 14 35 18 48 19 14 20 29 21 13 22 17 23 21 25 41 15 1 50 3 47 5 11 6 28 7 13 12 21 13 18 14 21 15 29 17 16 19 47 20 31 22 44 23 37 25 36
6 15 1 13 3 41 4 42 5 24 6 35 7 43 8 36 9 38 10 25 11 13 13 38 17 19 18 33 22 43 25 38 9 2 41 5 22 7 33 10 11 15 10 20 24 21 29 22 18 25 33 3 4 43 19 39 20 39 8 1 48 2 19 3 27 5 11 6 17 7 39 8 43 22 28 8 6 35 8 47 11 19 12 44 18 31 19 20 22 10 25 35 14 1 32 2 14 3 12 4 19 5 24 7 41 9 35 12 15 15 47 16 10 18 44 19 47 22 15 23 41
7 10 3 18 6 19 7 17 12 13 14 17 17 45 18 42 19 33 20 29 23 19 10 3 16 6 46 9 14 14 34 15 48 16 43 20 23 21 19 22 26 23 11 3 6 17 13 11 17 36 6 3 13 10 14 21 18 22 14 23 17 24 21 8 1 21 5 37 12 15 15 21 16 42 18 50 23 47 24 23 14 1 25 2 33 3 10 4 38 5 39 6 21 7 32 9 17 13 49 17 43 19 20 20 27 23 48 25 13 3 3 43 14 48 18 11
7 14 1 43 2 38 4 48 5 17 6 37 7 47 8 35 15 27 16 39 19 28 21 24 23 49 24 30 25 44 5 4 41 11 46 12 21 18 45 25 38 3 1 35 3 23 17 26 10 1 40 2 44 8 32 11 17 12 50 14 31 15 40 16 23 18 34 20 20 5 8 45 9 27 10 33 17 14 22 21 12 3 11 4 25 5 37 8 16 9 32 11 20 14 29 15 40 16 45 17 18 20 36 25 43 13 1 17 2 46 6 40 7 40 12 32 13 33 18 36 19 32 20 47 21 24 23 14 24 41 25 10
8 3 6 25 7 17 11 25 11 1 29 2 44 4 10 5 40 7 45 8 31 12 15 20 17 21 48 22 33 24 28 8 4 38 5 47 6 48 9 26 10 24 15 32 16 34 17 35 5 1 20 2 50 6 50 16 44 17 45 10 6 48 7 10 9 43 12 37 15 16 16 12 17 32 19 13 23 25 25 25 15 1 45 2 36 3 10 4 44 5 15 6 21 8 18 10 28 12 41 14 44 18 38 20 45 23 12 24 49 25 10 5 3 37 7 41 10 37 12 24 16 47 12 1 40 2 37 8 25 11 13 12 21 13 24 14 32 15 25 16 29 17 47 21 18 25 25
5 5 1 39 2 34 12 47 13 20 20 48 13 1 22 3 11 4 35 6 26 7 22 9 17 10 13 11 31 15 45 16 49 18 10 22 37 24 31 9 3 50 10 10 11 24 13 44 18 48 20 17 21 18 22 45 23 37 3 15 32 16 47 23 23 10 1 37 3 43 5 17 7 50 13 36 14 45 15 28 16 12 18 24 24 30
4 6 5 13 7 24 13 15 15 29 16 27 19 18 4 2 47 7 20 8 43 21 46 7 1 25 4 25 6 15 13 43 17 28 22 22 24 23 12 1 31 2 18 7 33 8 50 11 33 12 26 15 28 17 37 18 21 21 34 23 24 25 27
8 5 2 41 5 47 8 19 9 40 22 31 13 1 35 4 40 5 19 7 35 8 32 9 19 10 32 12 25 15 20 21 25 22 45 23 33 24 42 11 1 23 2 12 5 47 6 41 8 43 13 42 15 36 16 21 18 38 20 44 23 50 4 3 35 8 49 9 14 18 16 6 2 32 3 32 8 29 15 18 17 46 24 30 8 4 26 5 29 6 11 7 18 12 13 15 10 20 40 21 48 8 3 30 4 19 6 36 10 27 14 29 17 24 18 34 25 12 8 1 19 3 41 4 28 9 45 10 13 12 47 22 29 23 29
7 3 6 49 12 23 24 29 9 2 17 3 41 6 29 9 18 13 31 14 11 15 29 16 44 25 15 15 1 36 6 27 7 19 9 31 10 16 12 27 13 50 16 16 17 16 18 41 19 33 20 15 23 22 24 20 25 32 8 2 14 3 31 4 29 8 50 11 25 15 13 16 50 18 47 3 4 16 10 42 13 32 8 1 38 5 31 15 26 17 15 18 43 21 40 23 10 24 12 4 2 33 13 19 18 35 24 35
6 4 1 37 4 36 17 41 19 15 8 3 41 9 26 11 20 13 30 22 40 23 15 24 41 25 20 13 2 46 3 11 4 41 7 36 9 28 12 25 13 22 14 10 17 40 18 17 19 22 20 43 22 15 8 4 31 6 50 7 17 11 18 13 49 15 39 23 12 25 36 10 2 14 4 39 5 35 8 35 13 37 15 31 16 33 18 21 22 13 23 42 11 1 47 4 48 6 20 7 36 8 30 9 22 11 11 13 33 14 24 24 35 25 18
7 6 2 28 3 11 5 27 8 27 19 50 23 47 4 9 15 10 26 11 10 16 37 7 2 35 6 10 11 25 13 10 14 38 23 33 24 11 15 1 11 2 37 3 48 7 14 8 50 9 28 10 16 11 45 12 16 17 14 18 21 19 15 21 49 24 10 25 45 4 5 36 7 49 10 28 11 45 8 1 25 3 44 4 37 7 43 12 39 13 19 15 42 18 39 5 3 22 4 46 12 30 14 38 16 40
6 11 4 30 5 34 6 42 8 46 11 32 12 25 15 29 17 44 20 17 23 50 25 26 4 2 25 5 33 6 50 15 37 7 6 42 7 34 9 25 16 16 19 33 22 16 25 10 4 8 31 9 13 19 11 21 45 11 2 31 6 25 7 50 11 36 12 12 13 25 16 12 18 42 20 39 24 24 25 22 9 1 32 4 30 8 26 10 11 11 42 13 17 14 27 18 34 25 37
8 13 2 12 3 33 4 13 5 44 7 45 8 30 9 44 12 48 16 25 22 41 23 37 24 32 25 34 10 2 17 3 50 4 41 8 29 10 38 12 48 16 24 19 48 22 45 25 46 4 13 41 15 11 17 14 25 12 14 4 19 5 23 6 14 7 27 8 33 9 32 10 21 13 20 14 44 15 36 16 11 20 24 21 44 25 32 12 1 11 6 35 9 42 10 35 12 34 14 15 15 43 20 28 21 42 22 34 23 24 24 26 12 2 42 6 42 7 15 8 22 9 49 10 20 11 40 16 48 17 17 18 49 19 40 22 12 14 2 42 4 39 5 37 7 45 9 20 11 32 13 15 14 14 15 49 16 42 18 50 23 16 24 38 25 34 6 2 11 9 37 10 42 17 27 22 30 24 37
5 8 1 33 7 39 11 29 15 19 16 40 18 33 21 32 25 13 10 5 38 7 36 9 45 10 46 12 13 13 22 16 38 17 18 21 29 25 19 7 4 25 11 37 15 27 16 13 19 36 20 40 21 28 7 3 10 10 40 14 39 16 10 18 18 22 44 23 19 12 1 37 3 46 5 33 6 49 8 39 9 45 12 21 14 49 17 22 18 43 19 14 24 48
7 13 1 23 2 20 6 20 7 26 9 10 11 23 12 33 17 15 18 34 20 23 21 20 22 28 24 37 6 1 27 4 13 8 41 9 18 18 27 19 26 5 9 50 13 40 16 32 18 11 20 29 3 5 40 19 46 20 26 8 3 30 5 24 8 47 14 18 15 16 17 22 20 26 25 21 12 1 21 2 32 8 49 9 26 13 49 16 27 17 48 18 25 19 48 23 12 24 12 25 33 14 1 26 2 37 3 12 5 39 6 36 7 44 8 42 9 48 11 48 13 48 19 14 21 36 23 14 24 42
6 13 4 20 6 43 9 15 10 15 11 14 12 37 13 43 14 23 16 28 19 27 22 38 23 29 25 36 6 2 30 3 44 4 30 8 32 22 36 23 31 6 3 23 4 23 9 33 10 12 18 28 25 27 13 3 47 7 28 8 34 9 49 10 46 14 21 16 31 17 15 18 10 19 44 22 33 23 18 24 11 14 1 24 2 35 6 43 7 12 8 47 10 43 11 50 14 39 17 48 19 28 20 46 21 18 23 34 24 43 13 3 10 6 29 7 32 9 17 12 47 13 45 14 32 15 14 16 22 19 43 21 21 23 41 24 41
5 8 1 45 5 14 7 45 10 48 11 45 18 32 21 47 23 21 11 1 17 2 26 3 30 11 24 12 24 13 30 15 43 16 42 20 10 22 49 23 49 7 2 26 3 22 5 26 6 18 12 32 13 50 23 21 4 4 33 5 42 8 17 17 45 7 1 35 3 14 5 17 15 36 17 40 18 36 25 37
4 9 3 35 5 21 10 14 13 29 17 30 20 42 21 16 22 26 23 49 8 6 45 7 48 8 19 11 16 18 43 19 17 20 37 23 33 7 2 28 4 29 5 20 8 26 14 48 19 31 21 38 10 1 18 2 29 4 38 5 20 7 11 9 48 11 25 12 42 20 25 21 16
6 10 1 24 2 48 5 12 6 18 7 35 13 20 18 49 23 43 24 16 25 22 15 1 31 2 18 3 23 5 31 7 49 8 21 9 25 10 46 14 26 16 43 17 49 21 18 22 13 23 22 25 12 14 3 44 9 33 11 49 12 35 13 35 14 21 16 47 18 37 19 13 21 10 22 15 23 23 24 38 25 31 7 1 24 4 45 7 36 13 21 17 15 24 47 25 18 5 11 30 14 19 16 21 24 29 25 37 15 2 10 3 43 4 46 6 13 8 37 9 24 12 11 13 41 14 28 15 46 18 24 20 29 21 13 23 44 24 15
8 14 2 42 4 23 6 45 7 49 8 27 10 32 11 48 13 39 14 23 15 44 17 28 21 14 22 26 23 49 3 1 24 11 33 13 37 4 12 18 14 34 19 25 21 23 3 20 16 22 17 23 11 5 14 50 16 32 17 40 24 48 25 43 10 1 36 2 11 8 22 9 27 11 23 14 38 17 34 18 41 19 25 23 35 11 2 31 3 15 4 26 7 11 10 29 13 25 15 10 19 23 21 44 23 48 25 38 9 7 40 8 35 9 18 12 13 14 43 15 41 18 21 20 35 24 42
4 7 1 21 4 26 6 45 9 48 17 34 21 15 25 41 3 7 35 12 31 15 38 3 2 39 5 44 23 36 8 2 30 3 14 7 10 11 10 13 42 14 31 20 36 25 46
4 9 2 38 4 33 7 32 14 13 16 26 17 35 22 44 24 42 25 49 9 7 32 12 44 13 39 14 35 16 46 17 29 20 42 22 50 23 17 3 1 14 17 11 23 24 8 4 23 5 14 7 39 13 19 15 13 16 29 20 27 24 10
3 6 7 44 8 19 10 23 13 42 16 25 20 16 12 1 28 6 11 7 46 8 30 9 45 14 50 16 48 17 34 18 37 20 17 23 38 25 47 5 7 13 8 46 12 10 13 36 16 18
7 10 1 29 2 23 6 22 7 18 11 18 18 35 20 12 21 10 24 50 25 38 10 1 21 11 31 13 26 14 49 15 16 16 33 19 38 23 40 24 20 25 23 9 1 17 2 20 6 49 11 23 14 28 20 15 22 37 24 11 25 27 5 2 40 7 20 8 22 10 39 13 27 5 5 26 10 41 15 36 16 37 25 43 6 3 17 7 29 11 21 12 29 15 30 19 30 4 7 14 18 18 20 38 23 33
6 4 8 27 17 31 20 43 24 27 6 4 32 7 26 12 27 18 44 21 39 23 16 6 2 22 8 16 9 43 10 38 13 35 18 24 8 3 30 4 39 5 39 9 33 12 41 18 50 21 19 23 24 5 2 13 8 37 16 29 17 26 22 12 3 6 44 16 21 17 38
4 5 2 20 16 49 21 26 22 24 23 46 11 1 49 4 12 7 28 10 18 14 30 17 35 19 11 20 18 22 29 23 17 24 42 5 3 36 11 28 12 46 16 18 23 48 6 2 26 7 22 10 32 12 20 18 41 22 16
3 5 2 19 4 33 21 44 23 43 24 17 6 2 18 8 49 12 12 16 33 17 37 18 32 8 2 42 4 13 9 22 11 24 12 35 13 24 22 17 24 25
8 4 11 14 13 49 23 28 25 47 6 2 23 6 35 8 14 11 45 14 33 19 29 12 2 26 9 26 10 46 11 17 12 25 13 35 14 19 15 31 16 40 17 38 20 24 24 23 10 4 42 5 17 6 42 7 25 11 25 14 30 17 36 22 38 23 29 24 15 10 1 47 4 32 6 14 7 22 11 50 15 13 18 33 20 18 22 38 25 11 11 2 47 3 13 4 33 7 23 9 15 14 32 15 31 21 17 23 43 24 19 25 20 8 5 40 6 22 7 30 9 31 10 35 11 39 14 36 19 32 10 1 31 4 16 5 40 6 20 8 36 13 27 15 15 19 44 21 44 22 30
5 13 1 32 4 47 5 30 6 12 11 48 12 34 13 38 15 40 20 15 21 22 22 25 23 23 25 31 8 4 24 7 27 10 40 11 21 12 28 16 37 21 23 25 14 11 1 30 3 11 4 40 7 33 10 38 11 22 16 14 17 23 19 12 23 12 25 32 4 1 41 7 24 20 26 23 10 14 1 13 2 39 4 42 6 32 8 20 9 19 10 17 11 13 12 21 16 24 19 26 20 20 21 45 25 33
6 8 1 35 4 45 7 34 12 35 17 13 20 29 22 38 24 36 11 2 37 5 48 8 29 9 34 13 10 14 44 15 45 17 12 19 49 21 50 25 45 3 7 40 9 46 14 50 12 6 32 7 12 8 28 9 18 11 10 14 27 17 12 19 36 20 24 21 34 22 37 24 12 10 1 24 4 37 6 12 7 33 15 26 16 27 18 36 21 23 22 31 25 34 9 2 33 8 22 11 36 14 46 18 20 19 22 22 16 24 46 25 14
4 14 1 32 2 37 3 28 4 32 5 34 8 15 11 33 12 34 14 41 15 12 18 38 19 29 22 32 23 10 15 1 20 3 38 4 11 5 48 6 25 12 38 13 40 14 44 15 49 17 50 18 46 19 19 22 35 23 21 25 22 6 2 36 10 11 12 11 16 20 20 13 21 27 8 3 23 6 35 7 48 9 47 13 40 15 45 17 13 22 17
7 3 8 26 9 39 18 20 9 8 40 10 47 11 47 14 28 15 47 16 12 19 37 23 14 24 35 13 1 43 3 34 5 32 7 49 9 39 10 46 11 28 12 20 14 21 16 41 19 11 23 16 24 32 10 1 31 4 23 6 32 8 27 11 41 13 25 14 10 22 28 24 44 25 13 6 4 30 8 40 13 16 15 15 17 11 22 27 15 2 26 3 24 4 36 5 36 6 43 8 34 9 29 10 37 11 27 14 25 17 44 18 48 19 44 22 14 24 19 6 2 34 5 29 6 27 17 22 22 11 24 44
3 3 10 23 15 50 16 18 12 2 13 3 43 5 44 9 46 10 38 11 21 12 17 13 28 14 40 15 28 22 40 23 36 14 1 49 2 12 3 14 4 37 5 13 6 50 7 30 8 33 14 28 15 33 18 39 20 30 21 39 22 14
4 3 2 43 8 13 25 25 14 1 43 2 37 3 31 4 19 9 27 10 24 13 39 14 29 16 37 18 14 21 11 22 10 24 49 25 26 7 1 11 2 16 4 37 9 43 10 44 20 24 21 13 8 4 29 10 15 11 33 17 47 18 27 19 36 24 18 25 44
7 6 2 21 7 37 9 24 15 11 19 32 20 16 8 5 49 6 47 7 30 9 18 10 42 14 17 21 17 22 27 8 1 18 3 49 7 47 10 44 13 45 18 31 22 37 23 32 12 1 46 2 37 4 18 10 23 11 18 12 16 13 37 14 49 17 39 19 47 22 28 24 46 15 1 36 3 28 4 24 6 44 7 21 8 10 9 45 12 33 14 18 15 35 16 27 18 25 21 33 23 37 24 19 3 4 37 15 20 20 29 7 3 30 10 22 11 15 14 46 15 36 16 44 24 41
4 5 3 37 6 28 17 24 19 10 23 13 9 3 22 5 36 7 40 8 33 9 21 12 15 20 21 22 28 24 15 3 1 11 3 18 6 35 8 1 40 2 23 8 16 16 36 17 16 18 13 21 18 23 40
6 3 7 46 15 25 23 31 15 1 24 3 33 5 37 6 31 7 11 8 46 10 17 15 11 17 22 18 35 19 44 21 44 22 10 23 45 24 42 5 4 17 11 42 12 23 13 21 20 23 3 1 22 2 18 9 21 3 5 41 7 18 14 27 3 13 46 17 50 18 12
6 10 5 22 8 15 10 10 11 18 13 19 15 27 17 20 19 31 23 44 25 50 6 6 39 11 28 15 46 17 47 20 16 22 10 12 2 28 3 19 4 50 9 18 10 33 13 31 15 27 16 43 18 23 19 18 21 31 24 17 7 5 33 6 18 9 37 15 16 19 27 21 38 22 33 9 1 15 5 37 6 14 8 44 11 27 14 42 17 25 20 43 25 35 8 2 14 4 42 7 12 14 32 18 46 19 32 20 35 24 27
6 10 1 14 2 12 4 46 7 39 10 14 11 44 15 10 17 11 19 21 20 31 11 1 47 9 31 10 43 13 14 14 27 15 10 17 28 18 30 19 44 20 46 21 22 4 6 36 15 46 22 24 24 32 5 2 32 3 25 4 10 12 30 20 36 4 10 48 12 50 16 46 23 29 15 1 32 3 48 6 13 7 43 9 25 10 48 11 23 12 19 13 38 15 42 17 47 19 16 21 14 24 17 25 50
8 15 1 43 2 32 3 40 4 21 8 15 10 30 12 38 13 36 15 46 16 24 19 43 20 31 21 50 23 25 24 15 5 1 31 4 39 7 43 12 19 16 13 4 2 32 10 31 16 46 23 28 15 1 47 2 23 4 23 8 35 10 31 11 27 12 15 14 44 16 18 19 44 20 44 21 33 22 43 24 11 25 39 3 5 41 13 12 18 41 15 1 32 2 30 4 41 6 18 7 44 9 17 13 16 14 38 15 49 16 20 17 28 18 42 19 12 23 39 24 43 11 2 15 6 22 7 16 9 43 10 30 12 17 13 23 15 20 17 16 18 39 19 36 10 1 18 4 20 5 39 7 22 9 44 10 48 11 27 15 13 17 45 20 13
8 13 1 42 6 13 8 31 11 43 13 18 14 42 17 42 18 43 19 47 20 12 21 28 23 17 24 15 6 6 12 8 14 11 12 12 40 13 26 25 42 11 1 32 2 18 3 11 7 20 10 42 15 37 16 45 20 38 21 20 22 33 24 43 8 2 20 5 24 6 38 9 36 12 27 18 21 21 27 25 47 14 2 17 3 44 4 49 7 27 8 19 9 43 10 25 12 24 16 40 17 32 21 20 22 37 23 27 24 40 3 4 39 20 41 25 41 12 1 35 2 17 3 25 4 18 8 25 12 14 14 11 15 45 16 20 18 28 20 12 25 19 12 1 18 2 13 3 14 4 39 8 23 13 28 14 34 16 47 17 12 20 27 22 26 25 30
3 3 11 50 18 21 21 41 6 3 11 4 41 12 35 14 36 15 50 22 49 7 3 26 13 25 14 49 19 21 21 19 22 18 25 22
6 13 3 17 7 12 8 25 10 28 13 35 15 25 16 27 17 36 19 37 20 15 21 24 22 32 25 44 3 7 49 16 41 22 30 6 1 23 3 45 8 36 15 14 20 34 23 41 11 3 48 4 48 5 24 9 17 11 21 14 48 15 30 16 43 23 17 24 20 25 49 13 2 48 3 12 5 19 6 41 8 36 14 50 17 39 20 42 21 19 22 24 23 28 24 39 25 36 6 1 31 3 39 5 10 7 45 8 21 9 23
7 5 5 39 8 28 11 45 13 49 24 38 14 2 40 3 39 5 37 6 44 7 28 12 15 13 24 14 19 17 35 18 11 20 19 21 32 24 33 25 19 15 1 24 2 20 3 33 4 44 7 36 8 37 11 34 12 50 14 12 15 37 16 29 17 34 21 25 22 11 25 25 8 1 37 3 20 4 13 7 17 11 21 13 47 17 20 19 30 6 2 13 3 48 7 10 12 14 14 48 16 11 3 3 42 7 34 21 49 14 2 17 3 11 6 29 7 46 10 12 11 25 12 29 13 34 15 24 18 42 19 33 22 22 24 26 25 48
4 10 6 27 8 25 9 10 10 10 14 45 17 19 19 22 22 38 24 14 25 35 9 4 11 5 23 8 39 10 17 11 46 12 33 14 20 16 50 25 44 12 1 33 2 42 5 40 6 25 7 26 9 44 10 41 15 32 18 28 19 14 22 24 25 22 15 1 42 2 46 5 47 8 49 9 13 10 27 11 20 12 50 15 18 18 40 19 50 20 14 21 36 22 28 25 10
5 10 1 36 3 35 4 44 6 37 11 19 12 21 14 16 15 44 22 42 23 27 9 2 26 8 16 11 46 14 41 16 12 18 14 21 15 23 44 25 50 13 3 37 4 27 6 30 7 47 8 17 9 15 13 11 14 48 16 38 18 17 20 23 21 23 25 22 14 2 10 4 18 5 27 8 22 9 47 10 15 11 20 13 17 15 36 18 32 19 35 20 20 21 47 22 38 12 1 26 2 16 6 41 10 38 12 45 13 10 14 28 18 23 19 10 20 22 22 19 23 30
7 14 1 43 5 45 7 16 8 31 9 18 12 25 13 48 16 24 18 47 20 13 21 49 22 12 23 18 25 23 15 1 22 3 46 6 23 8 23 10 32 11 18 12 16 13 14 14 17 16 14 17 41 20 16 22 33 24 34 25 21 9 6 46 7 37 8 43 18 24 19 14 20 46 22 15 23 33 24 47 11 1 44 5 22 6 32 8 43 9 26 10 40 13 15 16 43 22 20 23 19 24 41 5 3 26 8 29 9 47 13 25 23 44 12 1 16 3 19 5 33 9 29 10 18 11 16 14 37 15 48 16 19 18 28 20 27 25 43 13 3 40 4 46 5 27 6 29 9 48 12 28 13 10 15 16 18 35 19 39 20 21 22 18 23 24
8 15 1 43 3 46 5 38 6 32 8 38 10 25 11 45 14 44 15 31 16 14 17 25 18 16 19 16 20 26 21 35 9 1 33 7 19 9 20 10 44 12 45 17 45 21 32 22 13 24 38 8 4 19 5 34 6 12 7 29 8 30 10 11 18 11 22 39 4 6 14 11 48 18 11 20 35 5 3 40 13 27 20 25 22 14 24 50 13 2 28 3 21 4 10 6 34 7 10 11 36 12 37 13 41 17 43 19 44 22 12 23 41 24 20 12 1 21 2 27 6 42 7 38 8 14 10 33 15 31 17 34 19 25 20 43 21 11 25 15 15 2 15 3 48 4 20 5 42 6 15 8 43 10 22 11 48 13 48 14 50 15 34 16 10 22 11 24 28 25 29
8 12 1 37 4 21 5 16 6 13 8 28 12 30 15 23 16 35 19 23 21 48 23 30 25 19 7 9 25 11 11 12 41 13 11 14 38 16 26 18 29 12 4 10 5 22 7 12 9 28 11 14 14 26 15 49 19 31 20 10 21 13 23 49 24 24 4 9 35 13 39 16 48 17 38 5 2 50 9 22 10 49 15 20 21 33 6 8 31 14 42 16 12 18 32 21 26 22 31 11 2 24 6 17 7 13 10 29 12 15 14 47 18 12 21 35 22 46 23 20 25 34 13 4 22 6 15 9 45 10 28 12 32 14 47 16 23 17 16 18 47 19 28 20 34 22 23 24 23
7 3 2 32 13 17 23 28 7 3 17 9 12 15 36 16 38 17 27 18 36 20 21 4 1 37 2 39 8 50 18 26 8 3 40 11 39 12 45 16 22 17 15 21 14 24 34 25 10 15 1 34 3 40 5 48 6 12 9 13 10 29 11 38 12 43 15 44 17 21 18 12 20 16 21 28 22 26 25 24 7 1 45 4 22 8 50 10 30 13 16 15 39 20 26 11 4 33 6 24 7 23 10 18 11 36 13 15 14 35 15 40 19 10 24 21 25 17
116 123 59 56 81 119 69 115 112 82 85 109 125 79 98 67 95 106 113 90 95 75 45 97 75 72 79 99 98 102 93 70 135 117 110 125 117 96 68 108 94 65 61 80 128 62 65 53 128 83 77 59 134 84 85 75 125 52 65 99 73 104 100 76 128 155 39 107 94 52 95 128 99 129 133
3 2 3 1 1 1 1 3 1 1 1 1 1 2 1 1 3 2 3 1 2 1 2 3 1
# Instance ID: 76
# Total operations: 437
# Actual flexibility: 0.358
# Generated: 2026-02-14 14:26:23
# Format: Extended Brandimarte for MOFJSP (Comparison Dataset)