25 15
4 7 1 48 4 37 5 28 7 30 8 23 10 30 11 48 3 8 35 14 31 15 12 6 2 10 4 12 8 47 9 47 12 31 13 27 4 4 27 8 28 9 49 15 35
4 8 5 11 7 36 8 16 9 39 10 11 12 37 14 47 15 13 3 5 38 10 15 14 15 2 4 43 13 26 9 1 31 2 14 6 44 7 42 8 37 10 11 11 16 13 34 14 41
7 6 3 28 4 23 5 33 10 49 11 50 12 37 7 1 36 5 46 6 24 7 41 11 31 13 29 15 12 4 5 21 12 45 14 37 15 14 9 2 12 3 18 6 31 8 13 9 25 10 44 11 30 12 41 14 37 4 5 14 7 50 9 36 13 25 6 4 13 7 34 9 22 10 30 12 42 13 32 5 1 19 2 38 12 45 13 46 15 34
7 7 1 42 2 33 4 19 5 41 10 39 11 32 13 43 8 1 13 3 22 4 37 6 23 7 26 8 29 11 28 13 23 6 4 24 7 16 9 44 10 14 13 19 15 22 5 2 40 6 13 7 38 8 24 11 17 9 2 34 3 25 5 35 6 38 7 44 8 30 10 12 12 42 15 49 9 5 25 6 28 8 42 9 31 10 18 11 47 13 32 14 22 15 38 9 1 40 4 28 5 11 7 26 8 19 10 11 11 40 13 36 14 39
7 7 2 15 4 14 5 30 6 40 8 23 10 23 14 13 2 1 12 13 46 6 1 32 6 42 7 19 12 25 13 28 15 26 7 4 25 6 31 7 21 9 22 11 18 12 36 13 37 2 11 10 15 12 6 1 13 2 25 8 29 10 47 11 33 12 36 3 2 48 10 42 12 46
8 8 2 38 4 27 6 35 9 37 12 14 13 29 14 29 15 40 9 2 10 6 27 7 39 8 47 9 36 11 35 12 34 13 45 15 19 2 6 18 12 33 8 1 20 2 24 5 24 6 10 9 21 10 46 14 21 15 41 8 1 21 4 19 5 14 6 26 7 13 8 32 14 14 15 23 3 7 12 9 29 14 41 6 4 15 8 26 9 39 10 42 13 31 14 20 6 1 30 3 48 4 26 5 28 8 16 14 11
5 4 4 40 9 24 12 32 15 15 8 2 23 4 33 5 14 7 42 8 22 10 10 13 19 14 32 7 2 23 4 49 5 43 6 44 7 33 9 50 12 20 3 8 30 9 31 10 49 2 10 43 13 29
7 3 3 34 9 31 15 33 3 6 49 7 21 8 23 5 2 44 4 46 5 15 10 45 14 12 2 4 14 9 26 8 3 16 4 48 5 33 10 46 11 39 12 25 13 13 14 47 3 2 30 3 19 9 40 5 2 15 5 22 7 25 14 15 15 31
3 7 1 22 2 13 4 29 6 28 13 10 14 38 15 38 3 2 13 11 49 12 36 7 5 36 6 37 8 25 9 29 10 30 11 29 12 17
8 4 2 36 3 49 10 48 15 27 7 1 11 2 36 3 16 5 34 7 34 10 49 11 15 2 1 43 13 50 4 3 17 5 35 11 44 15 19 8 2 50 3 35 6 20 8 34 9 49 11 46 13 34 14 19 2 4 50 9 27 9 1 50 2 50 4 50 6 32 10 41 11 18 12 18 13 45 14 50 9 1 27 3 45 4 31 7 49 8 41 10 18 12 26 14 22 15 45
6 9 2 12 3 31 5 42 6 11 9 19 10 50 12 43 14 35 15 11 8 1 36 3 32 5 29 9 40 11 26 12 38 14 35 15 48 7 1 47 2 42 5 31 9 37 10 35 12 26 15 23 2 2 31 7 50 7 3 43 4 42 7 42 8 38 9 34 11 32 13 37 5 1 36 2 18 4 18 7 47 11 11
3 3 2 22 12 45 13 34 2 5 40 15 47 6 2 10 8 23 10 42 11 11 13 23 15 31
3 3 12 26 13 43 14 47 7 3 14 4 47 5 17 9 26 10 39 11 46 12 13 7 3 15 4 36 5 40 6 23 8 50 9 13 15 46
7 7 1 45 3 26 4 42 7 43 8 35 11 50 12 43 8 3 44 6 21 7 20 10 43 11 20 13 44 14 10 15 17 5 1 37 3 42 4 42 6 31 14 37 6 7 42 8 11 11 49 12 35 13 27 14 30 5 5 30 8 46 10 40 12 31 14 19 3 4 22 6 15 11 40 7 3 42 6 49 10 41 11 27 12 44 14 39 15 27
6 3 2 50 11 28 12 43 8 2 37 3 26 6 31 7 24 8 27 10 49 11 36 12 32 7 2 49 5 35 6 38 7 43 11 48 13 37 15 25 2 13 13 15 46 5 1 17 3 35 6 22 9 12 12 15 7 3 19 5 18 8 43 10 27 11 44 12 23 13 29
6 4 7 13 8 46 9 50 14 43 6 1 12 2 27 7 10 9 23 11 22 12 29 2 2 31 14 24 9 2 30 3 26 4 27 6 36 7 11 8 32 9 25 11 47 12 19 8 1 18 3 13 5 50 7 31 8 23 10 35 12 29 13 49 3 2 19 10 43 12 32
8 8 1 20 3 15 6 32 8 30 9 23 11 45 12 25 13 11 9 2 36 3 26 6 23 7 48 8 33 9 35 10 40 11 42 14 27 6 1 11 7 40 8 31 9 15 10 46 12 46 3 2 39 9 40 10 33 7 2 29 3 48 5 20 10 31 11 23 12 16 15 37 6 3 43 4 31 9 46 10 40 11 27 14 38 9 1 30 3 29 6 49 7 26 8 23 10 50 11 29 14 24 15 37 9 2 10 3 47 6 27 7 49 8 13 9 41 10 35 11 25 12 29
6 3 4 47 6 39 15 39 3 1 17 11 17 15 31 6 4 25 5 14 8 26 10 44 12 40 15 18 4 6 31 8 35 9 26 15 16 5 5 41 6 29 11 16 12 35 13 44 7 4 19 6 25 8 19 10 44 11 33 13 33 15 32
5 2 13 47 14 32 9 2 12 4 19 5 43 6 26 7 50 8 50 9 17 10 22 12 36 4 4 50 12 29 13 38 15 10 6 1 38 2 50 5 16 7 26 8 41 10 47 9 2 30 4 46 5 31 6 12 8 43 12 23 13 41 14 28 15 33
7 8 1 11 2 14 4 39 7 32 8 49 10 11 14 12 15 16 9 1 37 5 48 7 21 8 43 10 30 11 30 12 16 14 35 15 19 3 6 47 12 25 13 45 8 4 25 6 33 7 32 8 43 11 48 12 36 14 12 15 41 2 3 18 8 44 5 2 32 4 16 5 22 12 49 13 10 3 1 48 4 39 5 29
6 4 5 24 8 37 10 35 11 24 7 7 14 8 27 10 43 12 11 13 22 14 10 15 13 9 3 11 4 42 6 21 7 31 11 21 12 36 13 25 14 40 15 47 6 2 43 3 34 9 37 12 47 13 16 14 15 4 3 14 4 26 11 50 14 20 7 2 44 3 46 7 19 8 31 11 49 13 29 14 35
8 7 5 23 6 21 7 33 8 30 11 27 13 28 14 14 3 2 44 9 31 13 15 5 1 31 4 19 7 13 8 23 9 45 3 4 38 10 37 12 42 6 2 26 5 34 8 18 9 20 13 11 14 14 6 4 27 6 13 9 16 11 17 12 21 13 38 4 1 22 4 10 7 42 9 40 8 1 40 5 37 7 16 8 44 10 25 11 39 13 34 15 19
5 7 1 21 2 16 7 41 8 19 11 12 13 28 14 44 8 1 12 2 24 4 20 5 34 7 29 9 31 11 35 15 26 8 1 30 2 24 5 48 7 11 8 34 10 26 12 46 13 12 9 1 13 2 17 3 45 4 14 5 33 6 45 8 46 10 16 11 22 8 1 21 3 17 5 31 7 25 8 14 9 48 10 25 11 50
4 8 1 21 3 17 6 37 7 46 11 11 12 45 13 42 14 39 7 1 22 3 33 4 44 5 24 9 42 10 29 13 22 3 1 38 6 25 7 30 3 5 26 6 34 8 46
4 5 2 11 6 20 12 15 13 29 14 13 3 3 22 4 15 9 46 7 1 24 6 31 8 48 9 39 10 16 11 41 12 41 3 8 11 12 22 14 12
64 61 118 124 112 145 74 100 42 142 80 58 58 115 88 93 109 111 60 132 79 144 82 76 64
2 2 3 3 1 1 3 3 1 1 2 2 1 2 2
# Instance ID: 39
# Total operations: 144
# Actual flexibility: 0.378
# Generated: 2026-02-14 14:26:22
# Format: Extended Brandimarte for MOFJSP (Comparison Dataset)