40 20
3 12 2 43 3 28 4 47 7 42 8 50 9 46 10 48 11 14 12 50 14 19 16 34 19 25 11 1 39 3 25 5 23 6 22 10 12 11 48 13 43 15 40 16 12 18 24 19 42 5 5 41 6 13 9 28 12 49 18 38
3 6 7 28 9 34 10 26 13 40 17 26 19 46 9 1 18 2 20 4 14 6 50 8 43 11 15 15 32 18 47 19 32 11 3 12 6 42 7 45 9 21 11 24 12 19 13 25 14 33 15 16 17 14 18 25
3 12 1 23 5 15 6 40 8 35 9 44 10 16 11 13 13 15 17 23 18 20 19 27 20 40 3 2 42 7 16 16 28 4 6 32 8 38 9 27 15 31
3 7 1 36 2 31 4 26 7 42 8 39 12 35 15 33 10 3 15 6 38 7 19 11 45 12 34 13 26 14 19 16 14 17 23 19 37 3 3 29 4 40 16 20
3 5 4 46 5 35 7 30 10 15 11 34 7 1 10 4 11 5 43 10 30 11 24 14 43 18 10 12 1 47 2 44 6 47 8 37 9 31 10 46 12 15 13 24 15 16 16 16 17 45 18 41
4 3 15 14 17 31 20 38 7 3 37 4 40 6 13 7 46 14 43 16 37 19 37 10 1 33 3 19 4 43 9 33 11 39 14 49 15 29 17 13 18 14 20 31 7 1 44 2 45 3 15 11 15 12 34 13 41 15 44
8 10 2 36 5 38 7 33 9 39 10 16 11 34 12 46 17 30 18 28 20 11 5 4 34 6 45 7 22 10 49 20 34 12 1 12 4 16 6 37 8 45 10 28 11 32 12 14 14 50 15 19 16 20 18 27 20 50 3 6 38 8 44 17 49 6 2 39 4 35 7 13 10 27 12 10 18 46 9 5 32 6 22 10 38 12 37 13 20 14 17 17 10 18 46 20 45 8 3 12 5 37 6 35 7 39 13 33 15 27 16 47 18 10 8 1 25 6 40 7 26 8 33 11 13 16 42 19 43 20 23
7 3 5 46 13 26 18 43 4 2 41 9 19 14 47 15 29 5 3 38 7 49 14 43 15 11 19 12 7 1 38 4 46 5 41 6 10 10 45 15 38 17 40 3 3 29 6 21 11 27 7 2 16 3 11 5 23 7 35 8 40 13 26 19 12 3 6 26 11 19 19 41
5 3 7 16 17 42 19 17 11 1 23 2 12 5 31 7 29 8 32 9 11 11 45 15 18 18 41 19 50 20 32 12 4 38 5 26 7 44 8 19 9 20 10 22 12 20 13 44 17 35 18 26 19 20 20 31 3 9 39 10 15 14 41 7 2 15 5 19 7 27 10 32 12 11 13 15 15 14
5 9 2 36 4 13 6 39 9 35 13 21 14 16 17 11 19 47 20 35 12 1 34 3 22 5 14 6 29 8 14 9 12 11 47 12 18 13 27 14 26 17 23 20 21 12 1 17 3 41 5 21 7 27 9 39 10 18 12 41 13 23 14 14 16 43 17 45 20 46 10 1 28 2 28 3 32 4 40 7 14 8 46 9 49 10 14 14 37 20 40 6 2 16 3 27 5 11 9 39 10 45 19 14
8 6 1 13 5 22 8 43 10 24 13 46 14 28 5 4 29 5 41 8 13 9 36 15 29 12 1 11 2 27 5 42 7 46 11 33 13 20 14 26 15 17 16 27 18 24 19 50 20 27 8 2 42 7 12 8 15 10 18 13 12 14 34 19 23 20 25 8 6 32 7 36 8 27 9 34 12 37 15 41 16 34 20 35 10 2 27 3 10 7 23 8 20 9 29 10 19 12 20 16 17 19 37 20 26 8 2 16 5 10 7 11 10 28 16 46 18 42 19 22 20 30 12 2 28 4 35 6 47 7 13 9 30 10 48 11 15 13 44 16 24 17 40 19 36 20 32
8 6 2 44 8 23 11 26 15 15 18 11 20 44 3 2 47 12 31 16 13 6 4 37 7 27 9 12 11 18 12 48 15 29 5 2 10 5 22 11 16 17 19 18 16 8 2 48 5 38 6 17 11 37 12 35 15 31 18 30 19 23 9 1 23 2 18 3 45 4 12 8 25 11 19 13 32 18 22 19 44 6 3 47 4 19 8 14 9 36 10 31 13 14 7 3 45 4 41 7 21 10 34 15 17 18 17 19 41
5 6 1 44 4 26 6 32 12 12 16 23 17 33 8 2 19 3 17 4 22 8 14 11 21 13 29 15 22 19 26 9 4 21 5 15 7 31 12 24 13 47 15 27 16 26 19 10 20 34 3 3 17 10 18 14 10 8 6 24 8 49 9 22 10 37 15 13 18 11 19 40 20 28
5 11 4 14 5 38 7 32 8 17 10 42 12 11 15 10 17 38 18 32 19 34 20 33 11 2 19 5 22 7 31 8 43 9 41 11 49 12 10 14 31 15 10 17 40 19 23 3 2 18 16 46 20 26 11 2 35 4 21 7 43 8 35 10 25 11 23 13 44 14 46 17 39 18 31 19 29 10 1 22 3 49 4 24 5 46 6 26 10 20 12 38 17 20 18 42 19 19
4 11 1 13 4 21 5 45 7 39 10 28 12 29 13 39 14 39 16 11 17 34 18 27 11 3 28 5 18 7 24 8 30 9 12 10 35 11 44 13 43 14 29 16 23 20 47 6 1 19 8 37 12 22 13 44 18 19 19 24 12 1 22 4 17 5 50 6 44 7 36 10 42 13 34 14 33 15 47 16 21 17 40 19 48
6 12 3 17 4 46 5 32 6 48 8 15 9 50 10 17 14 49 15 47 17 26 19 17 20 24 9 2 42 6 28 9 29 10 12 14 17 15 26 16 38 19 10 20 45 5 3 19 4 32 7 42 13 44 16 18 11 1 30 4 49 5 15 6 21 9 44 11 48 13 46 15 33 18 17 19 20 20 16 10 4 31 7 17 10 42 12 23 13 40 14 11 15 29 16 39 17 12 20 20 6 1 42 4 21 6 17 7 18 12 10 15 24
7 8 2 37 4 50 8 21 10 26 11 33 13 19 15 26 17 12 8 6 48 8 14 12 46 13 49 14 42 15 43 17 30 19 32 5 2 21 5 33 6 50 15 47 16 45 7 3 12 10 30 11 28 12 42 15 38 18 21 19 46 4 6 25 13 25 15 33 17 25 10 1 15 2 48 5 32 7 32 8 40 11 37 14 22 15 18 18 48 20 33 4 3 32 5 37 13 50 14 40
3 7 7 13 8 25 10 11 13 23 14 36 16 35 18 25 11 2 26 5 11 6 31 8 24 9 14 11 44 13 50 14 45 15 36 19 31 20 44 8 2 38 6 20 7 39 12 27 16 36 17 13 18 10 20 25
6 7 1 25 3 33 6 15 12 40 14 15 15 47 19 47 7 1 48 9 40 11 13 14 37 15 27 16 26 19 13 10 2 50 3 31 6 21 7 26 8 50 10 11 11 18 12 38 14 45 19 21 3 4 14 12 17 18 24 3 8 22 12 17 17 14 9 3 30 4 13 5 45 11 46 12 37 13 11 16 40 18 14 20 23
8 10 1 31 2 13 7 36 13 28 14 11 15 32 17 16 18 15 19 44 20 24 5 1 27 4 12 9 39 10 49 18 11 7 2 22 7 19 8 28 11 37 16 16 17 32 20 32 5 3 26 5 15 8 28 10 45 18 16 5 5 44 12 24 13 30 14 50 18 21 10 1 27 7 30 8 35 10 42 11 50 12 27 14 38 15 13 18 48 19 23 4 12 31 14 46 16 16 20 21 6 1 39 7 45 9 29 18 31 19 39 20 42
5 7 2 40 6 17 8 29 9 34 14 31 17 12 19 19 11 1 14 2 44 3 48 7 44 8 16 9 24 10 40 14 43 16 13 18 17 19 17 3 1 42 10 27 15 27 7 5 18 7 15 8 14 9 46 11 31 12 14 18 15 3 9 18 12 35 19 32
6 11 1 10 2 10 3 44 5 42 7 44 11 43 12 40 13 36 14 29 19 16 20 29 6 6 33 9 30 15 37 17 47 18 22 20 15 7 1 41 3 22 8 19 10 39 12 36 18 14 19 47 12 1 39 2 30 3 47 4 24 6 23 8 31 14 44 15 30 16 17 17 32 18 14 20 50 7 1 37 2 40 5 18 9 24 14 47 16 39 19 49 11 1 12 2 30 3 46 4 33 5 30 7 44 8 50 12 39 13 12 17 26 18 19
7 8 4 18 8 33 12 27 14 47 15 35 17 34 19 11 20 41 3 6 23 16 41 18 18 6 1 17 3 35 4 37 12 21 15 48 18 34 9 1 26 3 20 6 35 8 44 9 30 10 28 16 28 17 35 18 10 9 2 24 3 22 8 12 10 27 11 29 14 18 17 16 19 40 20 48 8 5 10 6 28 7 29 10 36 12 20 14 26 16 11 18 29 7 3 34 4 28 7 16 11 41 12 13 13 13 14 13
8 6 1 18 5 17 8 18 9 12 15 37 19 35 3 1 44 12 30 17 36 12 1 27 3 19 4 13 5 40 8 31 9 25 13 11 14 45 15 38 16 39 18 19 20 19 9 5 37 6 13 8 15 9 30 10 12 13 12 14 43 15 33 20 45 8 2 41 3 47 6 20 7 17 9 19 10 38 13 14 19 48 8 3 13 4 47 5 37 7 42 8 25 9 40 13 18 16 11 4 9 26 11 39 14 15 18 25 6 3 26 4 45 5 15 11 24 14 11 18 12
3 7 2 31 5 25 8 48 10 25 12 10 13 31 19 45 4 6 28 13 10 16 27 18 37 9 1 32 2 42 3 14 10 34 11 15 12 43 14 49 17 22 20 19
3 12 1 45 2 14 5 45 6 40 7 45 11 33 13 13 14 24 16 39 17 29 18 22 19 34 4 3 20 6 34 10 16 11 43 12 2 23 3 44 4 39 5 23 10 11 11 12 12 34 13 12 14 25 15 20 17 42 20 47
7 10 6 28 7 16 8 11 11 45 12 47 15 29 17 33 18 18 19 12 20 40 5 1 34 7 26 9 47 11 29 16 15 6 1 19 6 18 8 33 9 30 11 28 17 49 7 2 25 3 35 5 22 6 19 11 32 17 30 20 43 9 1 50 2 24 4 16 6 14 7 17 8 25 16 41 17 18 18 23 9 2 50 4 21 6 19 12 14 14 17 16 14 17 16 18 43 20 47 3 7 13 18 42 19 40
7 12 2 50 4 48 7 45 8 37 9 11 10 20 11 11 13 42 15 19 16 45 19 46 20 36 11 4 21 6 44 7 25 8 33 9 42 11 45 13 10 17 33 18 44 19 43 20 38 10 1 21 2 27 7 28 8 36 9 26 10 27 14 20 15 22 17 32 19 46 11 1 11 3 19 8 46 9 12 10 41 12 33 13 26 15 19 17 19 19 50 20 26 11 2 35 3 22 4 48 7 16 8 31 9 49 10 35 13 32 16 42 18 34 19 36 11 2 25 4 36 5 39 6 46 8 22 9 21 12 36 13 22 14 23 16 26 19 32 10 2 15 3 28 6 29 7 37 10 34 12 33 14 43 16 27 17 47 18 13
5 11 1 10 2 21 4 20 5 23 7 50 8 31 12 47 16 36 18 10 19 34 20 32 11 1 37 4 11 5 27 6 44 10 42 11 28 12 44 16 35 18 14 19 44 20 16 10 3 23 7 37 9 48 10 10 11 50 15 12 16 42 17 47 18 40 19 24 3 8 49 12 12 14 39 10 1 39 4 13 5 30 7 31 9 31 10 11 11 17 14 22 15 23 20 22
3 7 3 49 5 37 8 24 12 16 16 42 17 42 18 32 6 1 13 4 17 5 31 9 43 13 30 14 19 9 2 50 3 31 6 40 7 40 8 42 9 45 12 28 13 36 20 19
8 3 5 11 10 15 12 15 11 1 15 3 42 4 44 5 15 6 28 7 46 12 38 13 38 14 26 16 16 17 45 4 3 32 5 16 15 22 17 17 12 4 37 5 24 6 33 7 38 9 16 10 44 12 43 13 35 14 50 15 44 17 22 19 30 7 2 29 8 38 10 21 11 38 15 26 16 39 19 48 6 1 25 3 22 4 37 15 38 16 42 18 16 5 4 24 6 38 9 25 11 47 12 47 10 1 36 4 15 6 23 9 35 12 27 14 22 15 19 16 25 18 33 20 46
6 3 5 42 8 39 13 38 8 1 19 2 14 5 10 9 48 10 46 11 41 14 47 17 43 11 1 38 3 46 7 23 10 47 11 46 12 21 13 41 14 44 15 22 19 34 20 50 3 16 48 17 12 19 46 10 1 16 2 22 4 35 6 18 8 27 9 10 12 42 16 22 18 15 20 49 8 5 30 9 36 13 22 14 21 15 19 16 31 19 11 20 33
8 7 9 45 10 10 13 33 14 46 15 31 17 26 18 40 7 1 24 4 38 5 16 6 28 16 21 17 28 19 22 11 2 44 3 45 4 28 5 12 8 46 10 35 11 48 14 36 15 30 16 41 17 24 11 1 30 2 46 3 44 4 50 8 13 11 31 14 34 15 10 18 21 19 21 20 19 7 2 22 3 39 4 44 6 11 8 13 13 34 16 44 7 1 33 5 30 8 33 9 12 14 38 18 50 19 47 6 1 18 2 29 5 27 6 47 11 17 17 24 3 1 42 4 33 13 30
4 10 1 16 2 33 4 16 5 17 7 42 9 18 13 21 14 20 15 28 17 17 6 1 18 2 25 3 21 6 22 12 20 19 17 6 4 21 5 41 11 24 18 30 19 12 20 21 5 3 13 4 15 9 48 13 47 18 31
4 6 1 29 3 21 5 44 9 15 11 28 16 25 8 3 11 4 16 7 48 8 16 10 16 15 32 18 27 20 23 4 2 28 3 17 14 10 15 29 11 1 50 3 11 5 49 6 45 7 22 9 50 11 21 14 41 15 22 17 37 18 33
7 5 5 50 7 18 12 13 15 50 19 30 9 2 39 3 49 4 29 8 27 12 11 14 16 15 24 16 11 19 32 12 3 12 5 39 7 22 8 11 10 35 11 45 12 37 15 45 16 42 18 40 19 45 20 37 4 2 19 5 44 6 32 19 28 3 1 35 5 15 9 37 9 2 18 4 20 6 31 7 44 9 26 11 43 12 17 13 49 17 11 9 1 12 2 31 5 37 6 29 8 49 9 39 10 16 11 40 15 19
5 12 4 22 5 44 6 29 12 23 13 11 14 49 15 50 16 18 17 36 18 48 19 39 20 42 11 1 12 2 33 3 35 4 26 6 31 7 49 9 43 13 10 15 22 16 26 20 26 3 11 37 12 32 18 49 8 3 32 8 12 9 26 10 28 13 50 15 29 16 46 19 18 3 9 30 12 33 19 27
4 12 2 27 3 18 5 21 6 42 7 25 8 19 10 49 11 50 13 46 14 31 17 42 20 39 7 1 49 5 30 8 31 14 11 15 46 18 29 20 38 11 2 10 3 31 7 46 9 20 10 32 11 16 13 20 14 16 15 17 17 42 18 47 7 3 33 4 33 6 34 7 24 8 50 13 37 15 24
3 3 2 22 7 30 10 47 3 3 28 12 10 13 39 8 3 38 7 23 9 31 10 49 11 19 12 42 13 22 15 49
8 9 2 17 5 37 7 33 9 36 11 35 12 30 15 39 16 35 19 29 3 7 34 8 32 13 31 11 1 34 3 48 4 24 7 49 8 21 10 27 13 47 14 36 15 19 19 24 20 29 7 2 36 6 21 7 43 11 23 14 41 17 48 18 28 10 1 17 3 13 4 40 7 44 10 37 12 40 15 34 16 12 17 33 20 23 7 2 33 4 29 7 49 11 44 17 50 18 50 20 13 9 4 10 7 43 8 33 9 38 10 35 13 29 17 37 18 11 19 23 9 3 16 5 49 6 50 7 19 8 15 10 39 14 24 16 36 20 34
45 57 47 58 40 57 131 88 62 90 148 97 60 70 48 109 129 46 90 97 98 119 91 138 44 54 114 100 64 39 128 96 107 63 71 139 79 72 59 105
3 2 2 2 3 1 3 3 1 2 1 3 3 3 2 2 3 2 3 2
# Instance ID: 54
# Total operations: 215
# Actual flexibility: 0.379
# Generated: 2026-02-14 14:26:22
# Format: Extended Brandimarte for MOFJSP (Comparison Dataset)