25 15
3 2 7 45 11 10 4 7 22 10 25 11 14 14 33 6 1 12 3 13 4 21 7 22 12 13 14 21
6 8 1 20 3 28 6 16 11 16 12 28 13 19 14 11 15 35 8 1 11 2 16 3 35 5 37 6 25 8 23 12 43 13 19 4 3 12 5 12 14 30 15 24 4 1 33 3 34 11 18 15 11 3 10 12 11 14 12 17 5 4 46 5 16 9 22 12 24 15 21
6 7 2 48 3 26 4 31 7 36 9 28 11 31 15 18 5 3 29 5 49 7 38 9 37 15 10 4 5 37 7 22 9 27 10 21 2 12 47 13 32 5 7 40 8 50 11 25 12 27 13 46 7 2 31 3 21 4 34 6 35 7 33 8 31 10 46
7 3 5 34 8 20 13 33 5 1 36 9 36 10 29 11 16 14 27 9 3 38 4 27 6 35 7 37 8 30 10 24 13 31 14 23 15 45 8 3 28 4 22 6 34 9 41 10 47 11 19 13 29 15 16 7 2 50 3 45 4 24 7 30 8 27 11 23 15 28 8 1 16 4 35 6 44 7 19 9 28 11 46 12 40 15 47 5 9 14 10 36 11 16 13 32 15 24
3 3 2 42 7 22 13 39 3 1 41 4 23 15 40 4 1 20 7 10 8 16 12 27
5 8 1 27 3 46 7 23 8 17 9 18 12 17 13 28 14 35 5 5 21 7 30 8 27 10 19 13 47 4 5 32 7 35 12 23 14 22 3 3 47 8 47 12 50 6 1 15 4 17 5 21 7 36 9 34 10 28
6 9 1 31 2 24 4 48 7 17 8 12 10 16 11 34 13 16 15 20 7 1 46 2 48 4 27 7 47 10 12 13 15 15 22 5 4 36 5 40 8 23 14 27 15 44 3 1 44 5 26 10 15 2 2 37 14 41 5 1 16 2 35 5 10 9 28 14 47
3 3 1 29 13 20 14 12 4 7 17 9 35 13 44 15 12 3 10 12 14 25 15 28
6 4 2 26 4 42 13 31 14 29 6 1 14 3 37 4 13 6 40 12 46 15 16 9 1 40 2 16 3 15 4 41 7 17 9 23 10 18 13 16 14 47 6 1 10 3 20 5 43 8 45 14 15 15 28 3 2 39 3 50 9 29 7 2 40 3 42 4 33 7 41 8 34 10 28 12 37
8 5 2 12 4 50 9 41 10 29 14 49 3 2 46 7 28 11 20 5 2 13 3 14 5 25 6 15 11 31 5 1 37 6 21 7 34 10 14 11 36 6 3 41 6 29 12 14 13 10 14 18 15 50 7 2 48 5 49 8 27 9 43 10 43 12 32 14 37 8 1 33 4 16 5 47 9 50 10 31 12 37 13 38 15 32 8 3 50 4 15 5 39 6 19 8 34 9 35 10 18 14 33
6 8 1 15 5 28 6 27 7 17 8 24 9 10 11 34 14 42 8 1 10 2 50 3 36 5 36 8 44 9 48 12 13 14 27 3 3 19 8 10 9 40 8 2 18 3 24 4 19 6 45 9 19 11 21 12 21 15 45 4 1 40 5 30 9 19 15 43 5 5 12 6 10 10 27 13 15 14 12
5 6 2 16 4 17 6 25 8 32 10 11 13 30 5 3 43 6 47 8 18 12 10 13 37 6 2 45 6 12 8 48 11 39 12 43 14 25 2 3 11 9 14 2 5 16 15 49
4 6 4 14 5 49 6 31 12 18 14 42 15 16 6 5 50 7 18 8 45 9 12 14 21 15 15 5 1 45 4 11 6 24 7 39 8 45 3 2 24 3 49 11 38
7 6 4 10 7 30 10 31 11 45 12 30 15 32 9 1 46 2 10 5 36 6 48 9 37 10 46 11 50 13 13 15 29 7 1 34 3 14 7 13 9 34 10 31 13 36 15 39 5 4 38 5 12 6 15 8 35 13 30 4 2 36 4 45 7 14 8 29 2 3 24 6 50 2 5 22 9 40
7 8 3 29 5 39 7 41 9 21 10 30 11 10 14 44 15 28 4 3 21 4 23 5 29 12 42 2 1 27 13 15 9 2 16 3 30 4 44 5 31 6 30 7 39 11 28 12 47 13 11 8 1 20 3 33 5 38 7 13 8 25 10 23 14 24 15 19 7 2 30 3 50 4 44 5 18 6 43 10 34 11 24 2 1 18 5 48
5 8 2 16 3 41 7 28 8 20 10 48 12 18 13 18 14 11 6 2 32 3 25 7 47 8 21 9 35 15 34 5 1 18 4 32 7 12 8 23 14 17 5 1 44 3 32 5 10 9 21 10 19 2 2 47 7 13
6 3 4 25 10 23 11 33 5 2 13 8 10 10 13 14 11 15 21 7 2 27 3 41 6 14 7 42 12 33 13 32 15 48 6 1 24 3 10 8 28 10 32 12 23 14 18 5 2 39 7 44 8 14 11 28 13 31 8 1 49 2 28 4 32 5 22 8 49 12 16 14 15 15 38
3 9 1 40 3 36 6 14 7 18 9 11 11 46 12 20 14 45 15 15 7 1 19 2 18 7 25 8 14 9 17 11 35 13 40 9 1 18 2 19 4 22 6 41 7 17 8 44 11 32 13 47 14 19
6 3 3 50 7 43 14 28 7 2 48 3 29 4 22 5 11 7 12 8 11 12 25 9 3 14 4 23 6 19 9 26 10 37 12 32 13 48 14 50 15 42 8 2 41 3 45 4 22 5 41 7 36 8 31 9 46 10 14 7 1 27 2 11 3 34 4 32 9 20 10 37 15 35 6 2 19 3 41 4 21 6 27 7 30 8 32
5 5 4 35 6 30 8 34 11 49 13 40 8 3 20 5 27 7 46 8 28 9 33 10 17 14 11 15 29 8 1 30 3 34 6 44 7 31 10 17 11 19 14 13 15 36 4 7 41 8 21 12 48 13 24 7 1 27 4 18 5 14 8 18 10 46 12 17 13 29
7 8 1 28 3 41 4 39 6 45 10 10 11 28 13 32 14 41 9 1 23 2 24 3 49 5 43 6 18 8 15 9 28 11 38 14 45 4 4 19 8 13 13 46 14 27 7 1 35 2 22 7 36 8 50 12 24 13 18 14 43 8 1 43 2 28 3 42 4 27 9 18 11 34 13 26 14 44 5 4 46 7 34 8 11 13 42 15 20 8 1 31 2 50 4 26 7 48 8 28 11 37 12 48 14 18
6 2 6 36 9 27 2 2 22 14 19 6 2 33 4 13 6 10 10 14 13 16 15 31 6 1 44 2 13 6 23 7 43 8 42 9 46 2 5 50 15 14 2 1 27 5 25
7 3 6 42 7 31 14 14 5 4 16 6 27 9 42 11 23 14 40 6 1 12 4 49 6 50 8 10 9 16 14 35 7 2 26 5 12 7 15 8 48 9 12 11 19 13 39 3 7 45 9 23 10 40 3 2 33 7 43 14 34 8 2 38 7 32 8 47 9 43 10 22 12 22 13 20 15 36
3 3 1 30 8 11 14 31 5 4 44 5 14 6 47 11 32 15 37 7 3 25 4 25 6 47 8 47 9 42 11 20 12 28
7 4 3 16 7 39 11 40 15 31 2 2 31 11 44 6 7 23 8 10 9 22 10 10 14 19 15 42 7 3 47 4 45 7 24 8 26 10 30 13 14 14 50 7 1 43 3 33 6 29 11 37 12 16 13 25 14 10 9 1 39 3 24 4 45 6 20 8 40 9 40 10 40 13 39 14 17 3 9 28 13 18 15 30
37 106 97 138 38 68 76 38 75 110 95 76 68 136 84 91 75 46 74 86 119 87 100 43 109
1 3 2 3 1 3 1 2 1 1 3 3 1 1 3
# Instance ID: 37
# Total operations: 137
# Actual flexibility: 0.362
# Generated: 2026-02-14 14:26:22
# Format: Extended Brandimarte for MOFJSP (Comparison Dataset)