30 20
6 4 1 49 7 34 11 28 14 23 12 1 17 3 33 4 22 7 31 9 22 10 50 12 11 13 32 16 24 18 21 19 32 20 37 5 1 48 10 41 18 12 19 26 20 36 7 4 46 7 23 11 20 12 28 18 12 19 31 20 50 10 1 25 2 42 3 47 4 14 7 35 10 35 11 41 12 38 19 11 20 49 8 1 26 3 22 5 48 9 26 11 19 12 47 13 10 17 12
8 11 4 12 5 22 8 40 9 11 10 23 11 38 13 40 14 23 17 15 19 19 20 13 8 1 39 4 26 10 43 12 39 14 45 16 14 18 22 20 26 3 4 27 12 10 19 30 3 3 25 4 34 18 14 10 1 22 2 26 3 42 5 16 9 10 11 47 12 28 16 30 18 20 20 30 8 5 15 6 27 7 27 8 16 11 19 13 46 14 44 19 38 3 2 18 3 17 7 31 5 4 17 9 17 14 16 16 29 19 42
4 6 2 18 6 36 9 14 11 18 13 17 15 34 9 1 23 2 24 3 11 10 17 14 36 16 39 17 47 18 34 19 31 8 6 22 8 34 9 42 11 29 12 16 13 28 15 25 18 29 7 1 26 6 48 8 13 12 30 13 22 17 42 19 46
7 3 1 49 11 27 12 20 11 2 11 3 42 6 41 8 21 13 39 14 28 15 17 16 13 17 33 18 47 20 15 8 2 45 3 29 6 47 12 32 15 33 17 20 19 49 20 37 7 4 18 5 45 8 29 11 19 16 26 18 43 20 40 5 1 19 2 49 6 14 18 39 19 21 9 1 41 4 43 5 17 6 25 8 16 9 28 11 33 16 34 20 18 8 2 24 5 11 7 10 8 17 14 17 16 23 17 14 19 28
4 9 3 42 4 11 6 33 8 31 10 49 11 18 14 18 19 40 20 40 3 2 29 5 46 14 39 9 6 37 7 29 10 14 11 14 15 23 16 32 17 10 19 38 20 37 7 6 22 7 23 12 46 13 36 15 42 18 11 20 12
8 10 1 21 4 18 6 12 10 16 11 14 13 19 14 40 16 10 17 28 20 19 5 5 23 8 45 12 15 18 29 19 24 6 3 49 4 40 12 29 13 29 14 36 19 47 10 2 33 4 41 11 44 12 39 13 18 14 25 15 47 16 13 18 22 20 41 4 11 10 12 21 13 35 17 29 5 6 42 7 44 10 28 11 34 13 47 6 3 11 6 43 9 11 15 32 16 39 20 50 4 3 50 9 29 16 27 17 13
5 3 5 42 9 48 16 26 5 7 35 8 34 9 37 10 13 15 28 7 4 14 9 36 13 14 15 43 17 20 18 41 20 38 6 8 43 10 28 14 33 15 18 19 39 20 25 6 4 41 7 30 11 28 17 17 19 23 20 31
5 7 1 48 8 13 11 40 12 38 15 13 18 29 20 50 8 1 26 2 16 3 19 4 40 7 21 8 32 11 47 18 21 4 6 34 12 38 18 18 19 26 3 11 50 12 20 20 30 4 10 37 12 30 16 19 20 35
5 7 3 18 5 19 7 11 9 21 10 18 15 13 19 27 4 1 12 10 39 13 20 14 34 8 1 36 2 38 4 24 6 38 7 20 9 33 10 12 15 13 12 1 10 3 37 4 32 6 12 8 35 10 46 11 34 12 50 13 17 14 31 18 44 19 43 7 5 26 7 14 9 16 10 11 12 12 13 20 18 12
8 11 1 21 2 16 3 33 4 17 5 39 7 30 13 17 16 48 17 34 19 40 20 47 5 1 32 11 24 14 15 19 27 20 23 7 2 23 5 15 6 12 15 39 16 39 18 20 20 20 5 7 35 9 41 11 28 15 20 18 44 9 2 23 3 42 8 43 9 13 11 17 13 16 14 14 16 23 18 12 8 3 23 5 39 6 41 7 31 8 12 14 27 19 28 20 43 3 6 26 8 27 13 45 12 2 35 3 33 5 30 7 50 9 29 12 18 13 39 14 47 16 25 17 22 18 47 20 46
5 10 1 29 2 40 4 34 5 14 7 13 10 19 12 49 13 37 17 33 20 26 7 2 12 3 20 7 49 8 36 9 39 15 12 19 31 3 7 20 11 25 14 38 5 9 10 11 28 13 44 19 32 20 15 4 2 30 13 35 19 25 20 21
6 5 3 41 4 42 13 31 16 17 18 21 8 3 18 5 19 6 18 7 48 10 19 15 32 19 25 20 44 7 3 15 7 41 11 35 15 33 16 41 18 20 19 20 7 1 41 7 47 8 45 12 23 14 25 17 28 19 13 11 2 21 6 34 7 36 10 43 11 35 14 34 16 43 17 11 18 44 19 11 20 40 12 1 49 2 22 3 36 6 11 8 27 11 40 12 10 13 49 14 19 15 45 17 12 19 25
7 6 3 40 4 28 5 38 9 21 15 41 16 46 6 5 46 6 30 9 26 14 20 17 41 19 36 5 7 19 8 29 13 11 19 40 20 21 11 1 42 2 11 3 48 4 44 9 45 10 13 11 26 12 11 14 49 15 23 17 24 9 3 40 5 33 6 48 9 26 10 18 13 34 14 41 15 24 20 18 10 1 16 3 35 4 49 5 47 6 22 11 21 15 46 17 38 19 26 20 33 4 3 37 11 10 13 44 20 35
4 5 4 22 8 47 10 37 11 37 19 10 8 5 14 8 15 11 42 12 15 13 23 15 18 17 10 18 39 5 3 35 4 31 7 33 9 13 19 36 6 3 39 7 36 11 33 14 32 17 49 19 49
4 12 1 29 3 46 4 46 5 32 7 16 12 28 13 25 14 38 15 10 16 27 19 22 20 26 5 4 22 5 17 10 41 14 39 18 40 7 3 29 4 18 5 16 6 47 9 40 14 22 19 42 4 1 38 8 23 9 16 19 39
8 8 2 10 4 42 6 23 8 25 9 20 12 40 17 16 18 11 7 3 37 6 22 7 28 11 24 18 14 19 38 20 14 12 2 25 3 50 4 50 5 42 6 20 7 30 8 29 11 16 12 41 13 36 15 44 18 46 5 2 31 5 45 9 12 13 21 20 42 7 4 42 10 15 12 37 13 21 14 33 15 28 18 48 12 2 37 4 17 6 24 7 36 8 39 9 28 10 34 11 15 12 37 17 16 19 37 20 10 8 1 25 8 34 9 40 11 15 13 18 15 41 18 26 19 40 3 8 14 12 21 14 16
5 10 1 13 3 27 7 15 8 45 10 37 13 20 15 49 16 22 17 14 19 49 4 13 30 15 45 18 34 19 26 10 1 30 2 10 4 26 5 35 6 16 8 37 9 17 12 28 15 24 18 44 7 2 28 5 32 6 38 8 36 13 47 15 50 19 13 12 1 22 3 36 5 13 6 23 7 42 9 31 10 30 11 20 12 42 13 43 15 21 20 22
5 4 5 42 7 23 14 29 16 22 8 4 33 7 42 9 35 12 46 15 19 17 19 18 31 20 27 6 3 42 7 41 13 16 14 14 16 39 19 17 9 4 13 5 37 6 46 7 43 10 49 11 31 12 42 18 18 20 48 7 2 43 3 31 8 30 12 50 14 27 15 17 18 38
3 12 2 32 3 26 5 29 7 12 8 47 10 35 12 39 13 34 15 19 16 29 17 19 19 45 8 1 41 2 50 3 39 6 11 9 22 10 33 13 26 16 39 9 2 30 8 14 10 10 13 47 15 11 16 35 17 32 19 16 20 49
7 7 1 16 6 33 7 12 8 27 9 17 13 14 16 41 3 5 18 17 13 19 47 5 1 21 3 47 7 32 11 12 17 14 4 9 21 10 49 15 46 19 13 8 4 49 5 11 8 26 9 49 11 41 12 32 16 40 20 28 8 4 22 5 23 7 25 10 50 13 45 14 44 18 29 19 36 8 2 13 3 45 4 18 7 28 9 15 10 23 13 12 19 17
6 9 2 46 4 25 6 28 9 17 11 41 12 40 13 50 18 22 20 23 7 2 50 4 44 5 20 8 15 14 34 15 11 19 37 6 3 50 6 43 8 17 13 15 18 11 19 44 3 5 45 8 25 18 35 12 1 14 4 14 5 48 6 22 7 32 10 28 12 38 14 21 15 43 16 35 18 25 20 47 12 1 24 3 14 4 40 5 50 6 32 9 49 10 14 12 26 13 30 17 10 18 48 19 12
4 12 1 46 4 50 5 15 6 11 7 34 9 40 10 24 12 24 13 23 16 43 18 21 19 38 9 2 35 5 43 6 49 7 46 10 20 11 25 12 45 18 33 19 45 8 1 33 2 29 3 29 6 29 11 45 15 29 18 41 20 48 5 1 16 2 45 9 39 12 10 15 22
3 5 4 49 6 49 11 13 15 18 18 32 7 1 10 3 27 4 16 8 13 17 24 19 50 20 41 5 2 21 3 48 5 31 15 38 17 30
3 8 1 41 4 48 5 37 7 23 11 23 14 11 15 21 16 20 8 4 49 9 21 10 17 13 20 14 41 15 28 16 36 17 20 4 7 46 10 32 12 45 20 21
8 12 1 47 2 46 3 29 6 29 10 14 12 29 13 41 14 33 16 23 18 38 19 37 20 22 10 6 29 7 41 9 37 10 36 12 47 13 32 14 30 17 41 18 41 19 10 8 2 47 4 36 7 27 8 31 10 14 12 16 14 33 18 47 3 5 36 11 42 20 39 3 6 26 10 34 14 49 10 1 34 2 24 7 42 10 21 11 42 12 33 14 12 18 28 19 16 20 36 5 1 50 6 49 11 20 15 21 18 31 5 1 47 4 28 6 26 8 34 19 18
4 10 4 50 5 15 8 30 9 16 10 18 11 48 13 31 14 27 16 33 19 45 12 2 37 5 47 6 32 8 24 9 32 10 48 11 31 13 19 17 18 18 45 19 40 20 30 4 1 45 2 15 3 41 5 29 12 1 46 3 44 4 49 5 16 7 13 8 30 10 10 12 28 13 30 15 48 17 34 18 50
8 4 2 11 9 33 15 49 20 41 8 5 20 7 15 9 11 10 29 12 20 16 11 17 42 20 28 4 6 30 14 27 17 46 18 12 10 1 31 2 17 5 48 6 13 11 46 12 23 15 39 17 33 18 38 20 39 3 13 11 15 35 19 15 9 2 26 3 45 4 23 7 34 9 48 12 30 14 33 19 47 20 33 11 2 17 3 33 6 34 7 46 10 26 13 48 14 11 15 37 16 11 18 43 19 21 10 1 18 2 11 4 49 6 26 11 33 12 47 14 34 16 47 18 17 19 31
6 10 4 23 7 40 9 32 11 46 12 42 14 27 15 47 17 15 19 25 20 44 10 1 15 3 17 4 24 11 24 12 40 13 49 14 30 15 20 16 23 17 22 4 6 15 8 50 9 38 20 10 10 4 42 5 41 7 49 10 12 12 42 13 14 16 22 17 21 18 21 20 13 11 2 17 4 48 5 41 6 42 9 45 10 16 11 36 12 26 17 47 19 32 20 40 4 2 49 5 47 10 11 11 10
3 5 5 16 6 41 9 12 10 17 17 44 6 4 26 8 12 9 24 16 13 18 31 20 40 12 2 42 3 20 4 20 6 13 7 15 8 50 9 31 11 19 14 49 15 41 16 49 20 36
3 11 1 36 2 20 3 12 6 42 7 18 8 16 10 18 11 27 12 10 13 39 20 34 9 2 25 3 31 5 12 7 50 10 16 11 16 13 25 14 27 20 26 12 1 32 2 27 5 47 9 27 10 48 11 38 12 19 13 32 14 28 16 39 18 19 19 13
108 126 71 90 60 159 95 91 61 151 69 86 111 61 78 132 60 93 44 116 98 54 45 57 159 76 159 92 48 38
1 1 3 3 3 2 2 1 1 1 1 2 1 1 1 2 3 2 2 3
# Instance ID: 49
# Total operations: 162
# Actual flexibility: 0.363
# Generated: 2026-02-14 14:26:22
# Format: Extended Brandimarte for MOFJSP (Comparison Dataset)