40 20
6 10 3 37 4 29 5 49 7 25 8 44 9 19 10 37 18 45 19 24 20 15 6 1 22 7 25 8 37 9 39 18 22 19 35 4 2 36 10 14 16 48 20 28 8 1 35 2 49 3 48 4 28 11 19 14 47 17 21 18 20 6 3 19 7 12 11 14 16 12 17 45 18 48 11 1 29 3 38 6 43 8 25 11 12 12 15 13 49 15 29 16 27 18 17 20 10
6 11 3 27 4 48 5 29 6 15 7 41 8 42 9 31 10 45 15 26 17 40 18 41 3 5 42 7 50 20 22 4 2 14 3 48 12 15 15 10 7 2 11 5 19 6 29 8 19 15 32 19 12 20 30 12 2 45 3 39 4 39 5 37 7 44 9 49 11 36 13 15 16 40 17 37 19 50 20 44 10 1 33 3 44 5 50 6 15 8 13 10 15 13 29 14 14 17 13 19 11
4 11 2 45 5 20 6 30 7 17 8 30 12 19 13 42 15 42 16 11 17 12 18 29 12 1 15 5 40 6 10 9 26 10 18 12 13 13 28 14 40 16 23 17 11 19 43 20 38 11 3 28 4 17 5 24 9 24 11 22 12 30 13 45 14 13 15 21 17 14 18 13 6 1 23 4 30 5 44 16 18 18 22 20 31
8 3 6 29 14 15 15 33 10 1 34 2 16 5 29 6 24 7 31 9 27 17 24 18 29 19 47 20 17 11 5 24 7 22 8 24 10 13 11 27 12 11 13 23 16 12 17 31 19 45 20 15 11 1 33 3 44 4 12 6 48 7 48 8 27 10 49 12 14 17 46 18 26 19 25 10 3 34 4 32 6 31 7 35 8 45 9 31 10 13 14 20 15 18 20 10 11 1 48 3 33 7 14 8 23 10 21 11 27 12 35 14 30 15 14 16 44 17 22 8 1 17 3 26 4 12 9 39 11 47 14 42 19 24 20 27 3 1 14 15 36 19 50
7 3 1 24 4 17 18 38 6 2 33 6 33 7 24 10 25 14 49 19 39 8 4 34 5 16 7 21 9 20 11 26 14 11 15 13 16 12 5 7 44 11 15 16 44 19 24 20 31 3 2 45 5 40 6 27 3 16 33 17 41 19 43 7 2 20 3 37 5 29 8 21 12 17 14 50 18 29
5 12 3 39 4 47 5 21 7 41 8 49 10 36 11 49 12 22 14 49 17 19 18 10 20 32 8 1 22 3 24 6 10 9 28 12 24 14 26 15 49 19 27 11 4 24 5 25 7 41 8 23 9 17 11 26 12 50 16 10 17 19 18 48 19 11 6 1 48 2 15 4 14 17 17 18 29 20 10 10 2 42 4 29 5 28 6 24 7 13 12 31 14 23 15 29 17 26 20 50
3 10 1 50 3 44 4 45 5 16 9 35 11 15 12 24 13 39 15 15 17 47 8 1 41 3 17 8 29 13 34 14 24 16 32 17 31 18 28 5 10 23 14 50 17 44 18 38 20 21
4 3 6 43 7 24 20 19 5 2 18 8 40 9 28 10 11 16 20 9 1 20 5 25 6 25 9 17 11 11 12 42 16 16 18 42 19 32 7 1 43 3 43 4 21 9 40 11 24 18 41 20 50
6 7 2 14 9 22 16 19 17 28 18 12 19 36 20 19 4 4 23 8 32 10 26 14 38 6 2 32 6 35 8 22 11 28 16 50 17 45 4 4 39 9 17 12 45 15 13 10 5 18 6 44 7 50 9 33 10 16 13 50 14 26 16 16 18 47 19 10 11 5 19 6 33 7 11 9 41 10 37 11 22 14 24 15 40 17 24 19 36 20 28
5 6 2 28 4 35 6 25 8 13 12 41 16 13 3 11 23 17 11 20 26 5 5 14 7 13 8 21 13 35 18 32 8 4 35 7 41 9 24 10 30 16 19 18 16 19 35 20 11 11 1 47 2 23 4 27 5 49 6 35 8 27 10 40 13 48 15 22 16 33 19 24
5 12 3 15 4 43 5 44 6 48 7 20 8 36 11 40 12 13 13 15 14 23 19 37 20 14 12 2 32 3 47 8 27 10 14 11 29 13 26 14 41 15 40 16 21 17 11 18 27 20 31 6 4 37 8 18 12 39 13 35 15 19 19 27 6 1 12 2 39 8 47 13 43 14 21 19 23 6 3 23 13 50 16 33 17 36 18 24 19 49
3 5 3 34 4 19 15 34 17 46 19 43 10 2 39 4 23 6 29 8 29 10 36 11 43 13 31 14 10 15 12 18 49 7 6 35 8 16 9 34 11 36 14 19 15 49 20 12
8 11 4 37 5 24 7 49 8 34 11 34 13 24 14 33 15 18 16 40 17 25 19 35 3 1 33 12 10 15 26 3 4 22 9 42 18 24 11 2 10 3 40 4 48 6 10 9 41 11 40 13 47 14 42 15 44 17 35 19 17 11 1 18 3 45 5 11 6 19 7 20 9 21 12 29 13 28 14 34 17 37 18 15 9 3 32 7 41 11 13 12 29 14 23 15 44 16 43 18 22 19 22 12 1 39 2 35 3 26 6 46 7 45 9 33 10 38 12 38 13 28 15 20 17 38 19 23 8 1 29 2 39 6 19 9 13 12 49 15 18 18 37 19 27
6 9 2 48 5 14 8 37 9 36 11 44 14 12 15 41 16 24 17 17 3 1 46 3 40 15 40 9 1 37 2 29 4 18 6 23 11 42 13 20 15 18 17 25 19 31 8 1 35 3 21 4 50 5 50 6 16 10 19 19 11 20 20 8 1 35 3 31 4 26 9 32 10 20 15 31 17 30 20 16 10 1 48 5 21 6 36 8 19 10 42 11 49 13 40 14 33 16 41 18 19
7 3 4 22 7 10 10 35 4 6 42 8 33 10 43 17 46 12 1 46 2 18 9 24 10 40 11 14 12 13 13 26 14 29 15 47 18 13 19 41 20 16 4 8 44 9 49 14 13 19 34 11 1 40 2 49 3 12 4 31 8 22 10 44 11 41 15 31 17 14 18 42 20 49 8 2 39 4 41 6 22 7 24 9 42 10 10 12 11 15 26 4 6 49 7 29 9 50 14 29
5 4 1 19 5 10 7 12 9 45 9 4 43 5 14 6 49 7 24 8 29 9 20 12 15 13 14 18 28 10 2 50 3 26 4 16 6 31 10 36 11 14 12 39 13 22 15 15 16 21 7 4 35 5 17 8 39 15 27 16 13 19 24 20 30 6 2 38 9 19 11 41 13 23 19 27 20 13
3 9 3 22 4 10 7 16 9 30 11 13 13 45 16 47 19 18 20 18 12 1 30 2 12 4 23 5 42 7 36 8 11 13 41 14 20 16 49 17 29 18 22 20 12 9 2 33 3 17 5 49 6 38 7 19 9 44 10 31 15 31 17 44
7 9 2 37 3 22 4 28 8 44 9 38 11 36 13 33 16 35 19 16 5 2 20 11 17 12 16 14 12 17 48 8 3 40 4 45 7 31 11 49 13 38 15 16 18 23 20 27 4 4 14 5 10 17 27 19 20 6 6 35 9 30 10 32 11 28 15 32 18 12 11 1 46 7 13 9 29 10 25 11 47 12 45 16 40 17 42 18 43 19 44 20 48 12 1 46 3 50 7 33 9 48 10 29 12 13 13 32 14 18 15 16 18 46 19 43 20 46
8 12 1 24 2 11 4 20 6 47 8 24 9 23 12 22 15 34 16 39 18 38 19 13 20 32 5 5 44 8 29 12 16 16 19 19 38 12 3 42 4 26 5 11 6 29 8 15 9 37 10 21 12 41 15 27 17 21 19 18 20 16 5 3 29 4 42 9 32 10 10 11 19 7 1 15 3 10 9 41 13 16 14 25 19 40 20 41 12 1 41 4 21 5 13 7 29 8 12 11 25 12 50 16 21 17 29 18 10 19 28 20 29 3 3 38 4 45 6 31 9 1 15 3 20 5 48 6 11 7 26 10 25 13 15 14 20 20 43
6 9 5 49 6 42 7 22 14 34 15 25 17 23 18 19 19 12 20 46 7 2 47 4 47 12 48 14 10 17 43 19 40 20 12 4 4 40 10 13 13 50 17 20 10 2 34 4 27 5 20 8 31 9 11 13 42 15 43 17 21 18 25 19 19 7 7 41 10 23 11 19 14 25 15 41 18 20 19 26 12 1 49 2 28 3 35 5 11 6 32 7 35 8 47 9 19 12 38 17 26 18 33 20 11
8 8 2 47 6 16 7 22 12 27 13 24 14 50 17 43 20 14 5 2 35 6 20 11 15 18 48 20 38 7 1 19 2 27 5 16 10 28 14 19 16 36 17 30 9 2 11 3 11 4 38 5 20 7 29 13 39 14 35 15 34 20 10 8 3 34 5 34 7 48 8 24 15 41 16 40 18 40 20 21 7 6 14 9 21 10 44 12 41 13 50 16 36 20 16 5 4 27 5 47 6 49 14 45 17 39 10 1 45 3 17 5 21 7 39 10 32 12 35 17 15 18 10 19 28 20 12
5 11 5 14 7 11 9 34 11 20 12 27 13 39 14 14 16 34 17 32 18 35 20 49 6 1 31 3 26 6 17 11 32 14 18 18 42 3 14 29 16 39 17 40 3 4 18 13 11 14 19 6 1 33 5 25 7 45 13 14 16 23 20 40
7 11 2 20 4 47 5 11 6 29 7 33 11 44 13 46 15 36 17 24 19 45 20 32 12 1 35 2 34 5 36 6 10 10 33 11 45 12 42 13 12 14 47 15 30 17 46 19 20 7 3 42 7 25 9 20 11 19 16 33 17 41 19 13 5 4 12 13 20 14 44 17 48 20 21 11 2 40 3 45 7 17 9 33 10 26 11 45 12 22 13 34 15 15 17 14 18 30 6 8 50 13 29 16 28 17 47 18 22 19 28 10 2 27 3 31 7 35 8 37 9 14 10 16 11 31 17 32 19 35 20 45
7 4 1 13 10 33 13 38 14 42 10 1 34 3 16 9 28 10 50 11 40 14 24 15 11 16 38 17 28 20 44 3 5 18 15 41 16 22 3 4 49 14 47 19 29 9 4 30 5 45 6 47 7 44 10 44 11 27 12 22 14 45 16 37 11 1 39 2 46 5 32 6 32 8 39 9 22 10 45 13 14 15 31 16 50 20 37 10 2 11 3 18 4 50 5 24 6 20 7 40 11 35 16 23 17 48 19 15
7 9 7 34 8 33 9 47 10 36 11 28 15 41 16 16 17 44 20 15 10 2 38 8 50 9 32 10 17 11 15 12 41 13 30 14 36 16 23 17 28 7 1 16 2 34 4 21 5 37 10 49 14 36 20 49 9 3 34 4 23 6 41 8 22 13 14 14 46 15 36 16 43 17 21 7 1 12 3 37 5 40 7 45 14 49 15 38 17 20 9 3 39 4 10 5 14 11 20 12 49 13 44 14 23 15 47 18 26 8 1 16 3 32 8 12 9 10 10 37 11 50 13 35 18 32
5 5 2 26 7 30 11 33 17 40 18 42 9 1 11 3 34 5 32 6 49 11 40 12 38 14 29 17 17 18 29 7 1 19 2 10 3 34 4 45 5 39 17 21 20 14 10 1 45 9 17 11 41 12 49 13 34 14 19 15 17 16 15 18 37 20 40 4 2 34 5 31 8 42 9 24
5 9 1 16 4 24 6 37 7 36 9 20 11 20 12 19 14 12 18 44 9 1 33 3 11 4 46 5 34 8 25 12 48 13 46 14 26 19 41 11 1 26 3 38 7 29 9 10 10 39 11 46 13 29 16 23 17 29 18 29 20 28 4 12 34 13 15 14 48 15 35 5 3 49 6 33 8 10 18 17 19 47
8 10 2 10 3 45 5 39 6 19 7 34 9 40 13 12 17 31 18 14 20 17 12 1 35 2 40 5 21 6 48 7 15 8 48 9 25 10 10 11 27 16 18 17 12 18 15 11 2 35 4 32 6 36 8 41 9 21 12 21 13 27 15 16 18 20 19 42 20 34 8 1 46 2 32 4 47 8 48 10 50 11 21 17 20 20 21 7 1 35 6 37 9 15 12 32 17 46 18 50 19 21 5 2 44 5 34 9 14 13 45 16 22 11 2 20 3 27 4 32 6 34 8 13 10 32 11 14 12 42 13 21 17 13 19 43 3 4 38 14 42 18 10
4 11 3 26 4 19 5 13 7 32 8 39 9 13 11 24 12 37 16 33 19 46 20 33 12 1 48 3 10 6 26 8 37 10 46 11 49 12 44 13 14 14 14 16 38 18 19 19 15 6 2 41 3 15 6 34 7 40 14 21 16 41 3 5 15 10 12 20 20
8 9 1 47 3 15 4 29 6 24 7 50 9 17 16 46 18 25 19 44 7 3 48 8 20 9 24 11 13 12 40 17 24 20 15 6 5 21 14 43 15 38 16 39 17 14 19 23 3 5 42 8 40 10 35 11 1 28 7 20 8 39 10 39 11 12 12 48 14 39 16 43 18 33 19 19 20 33 6 3 29 7 14 11 24 14 17 17 39 19 50 7 4 20 5 24 9 23 11 26 12 26 15 12 18 21 8 1 48 3 19 9 50 11 16 12 38 14 16 17 10 18 43
6 10 3 37 6 28 8 35 9 10 10 45 11 38 12 18 14 31 18 26 19 41 10 4 24 7 33 8 22 9 18 11 27 12 40 13 43 16 15 17 17 18 10 4 4 46 5 40 14 26 17 28 9 3 14 6 34 7 28 12 49 13 17 14 49 17 11 18 41 19 13 7 4 21 9 25 10 11 11 34 13 37 14 14 16 49 3 4 43 9 28 16 20
3 8 1 34 4 28 6 41 9 22 10 47 14 11 15 43 16 40 8 4 31 5 48 6 33 7 17 11 25 12 22 18 24 20 14 9 3 46 4 24 5 32 7 32 9 17 12 36 16 49 17 41 20 45
7 11 1 17 4 42 5 42 6 45 7 27 8 19 10 39 13 17 16 34 18 49 19 37 8 3 43 7 26 10 11 12 23 13 27 14 41 18 37 19 48 9 1 47 7 29 9 19 10 31 12 23 15 20 17 42 18 22 20 35 12 1 22 2 46 3 44 8 22 9 11 11 20 14 12 15 11 16 32 18 37 19 50 20 31 10 1 37 2 14 4 47 6 16 7 25 9 37 12 27 14 13 18 36 19 47 8 1 41 2 41 3 25 5 32 10 12 11 25 12 17 18 42 11 3 32 4 36 6 24 7 24 9 37 10 36 13 10 15 21 16 24 19 31 20 19
4 4 4 17 5 45 16 21 19 44 12 1 43 2 15 3 26 6 39 8 50 10 46 11 36 15 13 16 31 18 34 19 18 20 25 6 2 42 7 43 9 31 15 27 17 22 19 26 9 4 23 5 25 7 24 8 10 9 12 11 24 17 10 18 27 19 39
3 4 5 28 8 21 13 33 20 25 3 4 50 5 15 17 47 7 1 18 3 13 4 41 5 42 6 16 10 44 20 41
4 7 4 25 7 38 10 12 12 41 13 12 14 50 16 26 6 3 25 5 33 7 25 12 30 15 32 16 26 9 1 13 5 49 6 41 7 29 10 46 13 10 14 46 15 15 19 19 9 2 33 4 49 5 29 8 13 9 13 12 29 15 42 18 48 20 35
8 8 1 27 5 48 6 30 9 34 10 46 13 39 14 39 18 33 8 1 30 2 18 3 21 6 49 8 11 10 28 14 11 15 50 4 1 20 12 47 14 27 16 20 3 4 39 5 18 20 21 3 8 26 10 21 19 21 3 5 15 10 48 17 45 8 2 25 5 38 7 19 11 23 15 12 16 39 17 24 20 30 10 3 47 4 33 5 23 7 33 8 20 9 30 10 44 13 30 15 25 16 30
5 8 2 25 4 36 5 13 11 28 15 25 18 45 19 41 20 18 7 1 35 8 12 9 37 10 26 13 17 17 29 18 29 5 2 41 7 31 8 41 12 46 13 13 4 1 44 11 10 12 37 17 22 12 1 32 3 25 6 40 7 12 9 26 10 40 11 36 13 42 15 13 17 48 19 45 20 32
7 9 2 27 4 29 8 11 9 21 11 39 12 33 14 33 17 26 18 50 10 1 46 2 25 4 34 6 44 7 24 9 29 11 12 14 19 16 16 19 17 3 9 46 10 43 12 12 7 1 50 5 47 7 23 12 11 13 49 15 37 20 36 9 1 30 4 41 6 38 7 22 10 46 12 12 13 26 14 32 17 31 7 2 50 6 23 7 14 8 19 10 14 14 12 20 45 4 2 40 4 22 7 45 16 11
8 3 15 48 16 43 18 16 12 1 22 5 22 7 15 9 37 11 30 12 12 13 48 14 44 15 23 16 24 18 44 19 14 5 2 27 4 13 5 33 10 29 16 22 12 4 23 5 41 6 21 8 33 9 43 11 10 13 15 16 31 17 24 18 33 19 43 20 28 12 1 48 2 18 3 34 4 44 5 35 7 13 12 17 14 41 15 24 17 42 18 32 20 30 8 2 39 4 34 9 15 11 29 12 20 18 34 19 36 20 18 7 8 10 10 26 12 50 13 15 14 15 16 11 17 42 3 2 27 6 49 13 16
118 99 74 153 100 81 49 70 82 88 96 38 110 88 109 88 55 125 143 102 141 73 84 94 91 93 84 135 76 100 82 36 100 76 57 70 138 95 86 142
1 1 2 1 3 2 2 2 1 1 2 1 2 3 3 1 3 2 3 2
# Instance ID: 53
# Total operations: 231
# Actual flexibility: 0.381
# Generated: 2026-02-14 14:26:22
# Format: Extended Brandimarte for MOFJSP (Comparison Dataset)