100 30
3 10 1 11 2 10 3 14 7 49 13 43 17 11 20 32 23 39 24 29 29 45 8 5 18 7 25 9 47 13 38 14 21 21 49 23 29 26 16 17 1 39 2 40 5 16 6 21 7 23 8 13 12 42 13 40 14 10 18 26 19 27 20 12 21 27 22 12 23 25 25 48 29 23
6 11 2 28 4 11 12 23 15 19 16 20 17 23 18 16 21 43 23 37 25 43 28 37 8 3 33 7 33 8 17 16 19 22 41 25 29 27 13 30 11 13 3 12 4 41 7 42 9 12 13 36 14 29 18 26 19 36 21 13 22 23 24 25 27 31 28 43 13 1 28 2 26 4 39 9 47 12 17 14 16 16 14 17 24 24 48 25 38 26 26 29 21 30 40 18 1 26 2 36 3 21 5 21 8 41 11 48 13 43 14 27 15 43 16 29 18 41 19 49 20 29 21 39 25 31 26 11 28 23 29 10 11 2 23 5 33 10 11 11 23 13 50 15 21 18 25 20 24 22 28 23 37 28 31
7 14 1 42 3 17 8 11 10 25 11 32 13 32 15 17 16 50 17 28 19 39 20 47 22 48 24 14 26 17 12 1 41 6 21 10 42 14 48 16 15 18 32 20 19 21 27 22 10 24 12 25 26 26 12 9 1 50 3 31 5 26 8 43 9 17 15 14 16 40 21 18 27 23 9 5 37 8 49 15 42 17 19 18 36 19 13 21 14 22 28 27 44 13 2 11 5 21 6 36 12 18 13 12 14 37 16 29 21 35 23 13 25 16 28 38 29 39 30 13 8 3 50 11 29 12 36 16 40 17 11 18 47 22 16 29 21 18 1 24 5 40 7 36 9 15 12 28 14 20 15 35 16 42 17 38 20 10 22 12 23 41 25 28 26 23 27 21 28 33 29 10 30 19
5 17 1 46 2 17 5 34 6 49 7 10 10 34 12 14 13 21 17 49 19 23 20 10 21 21 22 11 24 49 25 43 26 28 29 28 15 1 45 2 49 4 35 5 49 9 26 10 26 11 41 15 33 18 16 19 14 21 46 22 36 25 39 29 46 30 24 17 2 35 6 39 7 33 8 13 12 14 13 41 14 38 15 44 16 31 17 20 19 13 20 12 24 20 26 18 27 49 29 43 30 23 6 7 27 8 23 16 42 24 18 26 27 30 28 18 2 26 5 10 6 26 10 45 11 32 13 41 15 32 16 28 17 24 19 21 20 39 21 37 22 25 23 17 25 32 26 23 28 10 30 39
3 13 3 40 5 21 7 28 8 45 9 38 10 50 12 22 17 38 19 41 21 31 22 22 23 37 27 42 8 2 42 7 36 12 45 14 41 22 20 26 14 27 12 28 31 15 1 39 2 23 3 35 8 26 9 27 11 33 12 15 14 39 17 21 20 13 21 47 22 41 24 11 26 42 29 47
6 4 5 16 11 28 18 49 24 17 15 1 26 2 21 3 42 7 35 8 28 9 37 11 48 15 29 16 41 22 12 23 44 25 32 26 28 27 15 28 24 17 2 34 4 48 6 13 9 41 10 41 11 28 13 37 14 36 19 34 21 44 23 24 24 43 25 46 26 13 27 34 28 28 30 36 7 6 27 12 46 16 24 20 13 21 15 29 19 30 43 15 1 42 6 34 7 22 8 23 10 20 12 14 13 50 14 24 15 37 17 43 20 23 22 24 24 26 25 26 30 23 14 3 42 7 39 8 23 9 13 11 23 12 35 13 16 15 23 19 15 25 37 26 48 27 46 28 19 30 48
5 14 3 42 6 36 9 48 10 46 14 47 17 25 18 23 20 34 22 21 24 36 25 46 28 49 29 41 30 19 16 5 17 6 49 7 30 11 30 13 17 15 36 16 44 17 31 18 19 19 46 20 36 24 33 26 22 28 35 29 31 30 21 6 7 32 9 36 10 42 17 19 22 32 25 34 15 3 14 6 32 10 26 11 11 12 46 13 39 14 43 18 25 19 40 21 13 23 46 24 46 25 10 28 40 29 10 18 2 31 3 39 4 16 5 17 6 48 7 24 8 38 9 36 11 44 12 46 13 10 14 37 17 10 18 29 27 32 28 37 29 28 30 22
4 7 1 13 5 18 11 48 15 44 24 38 27 11 28 30 16 2 16 4 14 6 35 10 18 11 19 12 14 13 14 15 30 16 11 17 24 18 50 19 35 23 13 25 25 27 21 30 50 10 1 19 2 12 3 42 4 47 6 44 11 21 17 39 21 45 23 32 30 29 5 3 14 11 39 13 33 20 26 25 48
4 9 2 42 4 41 5 30 6 48 7 26 12 18 13 26 16 36 27 32 11 1 50 2 42 3 10 19 18 22 13 23 28 24 22 25 46 26 48 27 22 30 15 18 1 17 3 14 4 18 8 31 12 34 13 29 14 13 15 27 16 13 18 49 19 41 20 45 22 38 24 39 25 50 26 24 29 44 30 11 10 5 19 6 44 7 16 8 48 9 27 15 48 16 35 19 12 23 21 29 23
5 14 2 49 7 20 9 48 13 39 15 17 20 16 21 50 22 19 23 40 24 10 26 11 27 25 28 49 30 39 8 6 20 7 21 11 30 13 22 17 44 18 12 20 40 22 10 5 2 32 4 32 12 44 14 42 22 17 7 3 38 4 48 13 43 15 16 18 17 20 10 28 35 4 9 31 18 16 23 35 27 42
3 7 4 35 5 39 19 14 20 29 23 48 24 37 28 34 4 4 33 17 45 26 24 30 33 18 1 22 2 29 3 48 4 38 5 32 6 31 8 19 13 11 14 46 15 24 16 11 17 18 19 34 21 27 24 16 26 30 27 35 29 11
4 14 1 47 6 11 9 49 15 33 16 21 17 46 20 12 21 12 22 35 23 27 24 10 25 27 29 46 30 44 6 4 46 6 37 9 41 11 45 16 49 22 25 14 1 43 2 48 5 30 7 11 8 31 10 44 14 34 15 38 19 13 20 23 22 31 23 13 25 19 29 47 17 1 45 4 34 6 11 7 27 10 20 11 23 12 43 14 45 17 48 19 33 20 21 21 41 23 49 24 10 28 13 29 44 30 17
7 14 1 11 2 27 4 44 10 18 11 33 12 22 15 28 16 25 17 19 18 11 21 48 23 34 28 31 29 30 6 21 37 24 44 25 49 26 15 27 45 29 18 18 1 36 6 12 7 45 8 22 9 33 11 31 12 38 13 43 14 20 15 14 16 12 18 11 20 48 22 27 23 36 26 15 28 22 29 11 9 6 16 12 50 13 38 14 43 15 15 24 20 26 44 27 29 29 43 11 4 28 6 39 7 25 9 32 13 19 15 47 17 37 19 50 20 19 23 22 29 16 6 11 47 17 34 19 37 20 25 23 47 28 30 7 5 14 9 27 11 16 12 20 13 47 14 20 16 44
8 8 4 27 6 34 7 17 10 14 13 17 15 45 19 33 21 36 6 3 22 4 36 6 50 19 10 22 40 28 25 16 1 27 2 34 3 46 5 30 6 30 8 44 9 27 12 20 13 39 16 40 20 25 21 41 24 32 26 36 27 30 29 39 17 1 32 2 27 3 49 6 27 8 10 10 16 11 36 16 33 19 27 20 47 22 26 23 10 24 40 25 43 26 20 27 35 28 13 12 2 24 4 34 7 21 8 41 9 10 11 19 14 37 17 23 26 49 28 14 29 46 30 47 6 1 13 5 32 10 22 15 28 23 31 26 20 5 1 16 4 24 6 28 13 31 19 40 11 1 46 2 29 8 13 10 27 12 26 15 33 16 11 18 32 20 49 22 15 30 44
5 8 7 48 8 46 11 20 13 21 15 32 22 32 27 14 30 25 7 4 21 7 13 8 14 11 40 17 41 20 28 26 11 14 3 50 5 16 6 49 8 48 9 44 10 29 15 37 18 42 23 43 24 40 25 13 26 16 29 15 30 49 6 2 16 3 49 4 10 12 25 14 37 29 32 6 11 23 13 28 15 31 21 21 23 15 26 42
5 5 2 42 8 21 16 30 19 30 25 29 4 2 37 5 37 6 20 7 29 10 4 45 11 47 14 48 15 23 17 36 20 30 26 48 28 25 29 11 30 35 12 2 12 3 33 4 30 5 38 10 32 12 13 16 42 17 29 26 50 27 42 29 13 30 45 4 4 12 16 37 18 45 28 18
4 14 1 43 3 40 5 12 6 49 11 24 14 20 15 21 16 34 20 26 21 19 26 25 27 21 29 30 30 28 8 1 50 2 33 12 18 13 45 15 22 17 34 19 34 28 41 17 2 41 4 34 5 14 7 49 8 11 11 23 12 13 13 46 14 24 18 50 21 21 22 14 23 37 25 22 27 33 28 17 30 31 9 8 14 10 20 11 36 13 20 16 13 17 23 23 26 25 23 30 43
3 17 1 28 2 24 3 27 7 28 8 45 9 17 12 16 14 20 20 38 21 32 23 20 25 32 26 10 27 25 28 46 29 27 30 19 8 6 38 9 20 10 21 11 19 21 39 23 40 25 14 30 22 8 5 43 9 16 15 48 19 22 21 15 22 16 26 20 29 30
7 11 1 26 4 33 7 42 8 21 11 12 12 45 13 16 14 10 18 42 21 40 24 46 15 1 18 4 42 5 36 9 27 11 48 12 26 13 49 14 25 15 15 20 27 22 13 23 16 24 28 27 43 28 18 16 1 25 3 43 4 18 5 23 7 13 9 39 10 36 11 19 12 15 13 46 14 17 15 19 21 50 22 38 23 36 30 28 4 1 25 10 39 13 44 17 32 8 1 49 5 49 6 40 8 21 13 32 22 21 24 18 30 14 9 3 21 6 46 11 48 13 44 15 45 18 36 19 30 20 35 22 36 6 1 13 17 18 20 43 24 28 29 26 30 12
3 6 4 37 7 36 9 35 11 32 14 25 30 18 8 1 20 2 49 8 39 11 45 12 47 14 22 25 20 26 18 8 3 25 4 18 9 15 14 40 16 26 20 17 24 47 25 45
6 13 1 50 9 41 10 19 13 12 15 49 16 45 18 33 19 29 20 26 22 12 25 19 27 20 30 48 11 6 15 7 25 9 13 10 21 12 46 13 44 18 41 20 43 21 23 29 11 30 36 13 3 33 4 11 9 48 10 41 12 34 17 34 18 15 19 36 23 34 25 19 28 50 29 30 30 15 15 4 50 7 14 11 13 12 20 16 43 18 24 19 23 20 37 21 46 22 38 23 17 24 31 27 20 28 25 29 47 5 9 36 19 10 21 47 25 49 29 35 8 1 24 2 15 6 15 8 10 10 16 12 33 18 45 21 11
6 15 6 42 7 26 8 18 10 42 12 44 14 40 15 17 16 35 17 49 18 50 19 44 21 23 24 45 27 39 28 17 4 4 45 9 16 16 18 30 14 11 1 26 2 43 3 10 6 42 9 49 13 27 18 20 19 26 27 12 28 19 29 21 6 3 19 10 49 18 27 27 38 28 36 30 16 8 1 50 10 43 12 21 13 45 23 17 28 24 29 11 30 11 7 2 27 3 31 9 18 13 10 14 11 18 24 24 47
8 5 2 38 16 25 22 25 24 41 29 37 4 5 18 12 50 16 38 26 26 7 2 36 8 38 9 35 11 12 12 27 19 38 25 43 10 6 40 8 19 13 48 16 46 19 20 21 46 22 27 24 33 27 48 29 49 6 19 25 21 30 22 47 24 42 26 25 29 18 5 4 43 6 12 8 26 17 18 26 23 4 2 36 23 34 27 20 29 22 15 6 25 7 25 9 43 13 39 14 47 15 49 16 12 19 36 20 42 23 15 24 32 25 35 26 20 27 17 30 48
4 9 5 35 8 19 10 20 11 33 13 20 22 17 26 47 28 22 30 39 10 2 25 6 23 7 45 12 26 18 49 22 18 24 24 26 17 28 45 29 27 15 2 32 5 28 7 27 10 44 11 40 12 31 13 38 18 29 19 47 20 15 21 48 22 17 23 13 24 11 29 31 14 1 18 2 36 3 31 5 10 8 50 10 37 11 42 15 21 16 50 17 36 21 48 22 40 23 15 24 24
4 18 2 13 3 17 4 33 5 32 6 16 7 29 8 42 10 26 11 25 15 46 16 36 17 38 18 39 19 34 22 18 26 19 28 32 30 32 9 1 10 2 22 7 32 10 38 11 47 14 29 15 18 16 42 19 26 11 3 14 14 43 15 47 18 24 19 18 20 45 22 29 25 44 26 48 29 38 30 50 7 1 42 4 10 6 26 12 46 18 17 25 20 28 17
4 18 2 45 3 27 4 21 5 44 6 39 7 23 8 31 11 32 12 39 13 33 15 33 16 26 18 16 19 39 21 10 23 41 24 43 27 13 14 2 24 3 39 4 29 6 12 7 39 13 22 14 13 15 30 16 33 17 46 18 22 23 34 26 29 27 42 7 1 22 7 41 11 12 13 12 21 22 22 23 26 39 6 13 22 16 22 21 21 27 17 29 32 30 35
8 6 5 26 13 48 14 38 18 32 20 25 21 33 6 3 34 5 24 7 16 10 34 20 39 22 37 16 1 13 2 13 4 34 6 19 7 37 9 27 11 13 12 19 14 20 15 26 16 12 18 33 20 42 24 25 29 31 30 20 12 1 35 3 32 4 39 6 49 7 39 9 45 15 29 20 10 21 36 23 10 24 50 28 47 14 3 46 9 34 11 31 12 34 15 50 18 26 19 28 20 41 22 31 23 46 24 31 25 25 27 20 29 23 17 5 50 8 23 9 31 10 16 13 40 14 47 15 42 16 27 17 32 18 41 19 15 21 49 24 18 26 19 27 39 28 41 30 19 17 1 12 2 26 4 30 6 42 7 28 8 32 9 48 12 18 15 23 16 19 17 26 19 46 20 30 21 11 23 20 25 13 30 27 14 2 14 4 27 5 45 7 42 8 43 9 38 11 32 12 21 15 22 16 30 17 19 20 25 25 45 28 44
6 5 2 26 5 44 6 49 22 35 28 34 4 18 43 21 20 28 19 29 20 12 1 22 4 38 5 47 8 20 9 32 14 47 15 27 18 46 21 40 25 37 29 45 30 40 15 1 39 2 21 4 39 7 45 10 11 14 44 15 10 17 50 20 37 21 18 24 49 26 10 27 49 28 32 30 32 18 3 17 4 46 5 31 7 20 8 23 10 50 11 41 13 15 14 44 16 18 17 23 18 22 21 13 22 27 23 18 24 35 25 12 27 47 7 3 16 5 29 6 14 15 17 18 17 22 24 30 17
3 12 1 39 5 32 10 20 11 18 14 45 16 37 18 15 25 48 26 49 28 44 29 31 30 50 15 2 28 3 16 4 38 9 14 12 12 13 44 15 23 16 33 18 39 19 26 21 10 22 19 23 35 28 17 30 38 7 2 15 8 15 9 18 23 15 25 32 26 25 29 31
8 13 3 19 6 49 9 14 11 32 12 13 13 47 14 21 15 35 17 40 18 14 20 11 24 28 29 29 12 6 39 10 18 11 23 12 18 19 47 21 10 22 37 24 44 25 15 26 50 27 11 30 43 17 4 27 6 42 7 49 8 32 9 14 10 48 13 34 16 26 17 16 18 16 20 31 21 19 23 18 24 34 25 23 26 35 27 39 5 1 31 8 39 11 28 18 19 25 42 9 4 20 8 28 11 10 12 37 14 23 15 33 17 41 20 25 25 11 8 1 23 4 44 9 20 10 22 15 48 16 50 19 43 27 43 10 1 46 3 31 6 36 7 24 8 23 11 47 12 35 20 13 26 49 27 17 16 3 48 4 36 5 20 6 10 7 43 8 50 9 14 12 17 13 25 14 31 22 36 23 17 24 11 25 24 26 41 29 11
8 14 2 24 3 45 4 31 5 27 6 23 7 21 8 30 14 50 15 11 18 24 20 17 26 10 27 31 30 39 12 1 25 4 29 6 12 7 44 11 34 12 23 14 43 15 50 20 50 21 17 22 20 25 34 9 1 16 7 42 10 15 11 11 15 27 16 11 17 18 25 40 30 29 10 3 18 6 43 8 25 14 18 17 38 20 33 22 20 23 11 26 50 28 10 7 2 19 8 39 17 25 20 28 27 41 28 44 29 18 6 1 49 2 50 8 17 10 37 18 31 29 44 12 3 41 4 16 5 13 10 22 14 50 17 45 19 21 20 12 24 47 25 35 29 22 30 14 8 2 50 11 47 16 18 17 29 19 16 21 48 29 21 30 10
3 10 3 14 5 31 8 49 13 20 15 29 16 33 24 43 26 38 28 50 29 37 11 1 11 7 27 11 34 13 48 17 36 20 30 21 41 23 15 25 40 27 13 28 17 8 8 33 9 37 10 10 12 42 16 27 25 43 28 46 30 42
4 10 2 27 3 20 5 29 9 45 11 30 15 29 19 45 20 49 22 46 28 19 13 7 38 8 49 9 32 11 41 13 35 14 16 16 46 18 15 19 49 20 28 23 14 28 16 29 41 10 3 13 4 25 5 37 8 18 14 17 15 40 22 24 24 23 27 28 30 41 5 3 30 4 25 10 17 16 15 30 13
7 5 7 34 10 10 16 38 17 25 21 13 17 1 35 2 29 6 32 7 42 9 44 10 25 11 31 13 44 14 43 16 42 18 20 19 44 21 38 24 39 25 13 26 12 28 23 16 2 13 5 36 9 44 10 17 12 11 14 22 18 16 19 18 20 31 21 29 23 21 24 22 25 49 26 27 27 35 28 40 17 1 50 3 19 4 45 5 21 7 44 8 40 14 13 17 16 18 33 22 39 23 34 24 23 26 21 27 50 28 33 29 46 30 38 8 2 47 3 37 6 31 7 25 11 44 14 19 25 44 30 48 7 2 40 7 18 14 34 18 14 20 36 21 47 28 11 10 3 43 5 31 6 28 7 12 8 47 9 47 19 13 20 34 23 38 28 45
3 14 2 22 4 35 5 15 7 50 9 32 11 46 12 26 14 44 16 11 17 45 19 41 25 46 29 18 30 19 18 1 31 4 23 5 50 6 25 9 31 10 31 11 31 12 42 13 41 16 33 17 45 18 23 19 47 20 21 22 47 23 31 24 40 29 13 13 2 24 3 20 9 20 10 49 11 27 12 17 13 42 17 41 18 44 21 32 22 45 24 29 27 45
6 16 1 10 3 42 8 49 9 20 10 29 13 33 15 39 16 33 17 35 18 10 19 16 25 22 26 15 28 30 29 35 30 25 13 3 23 4 22 5 36 7 25 9 38 10 44 12 26 13 42 19 38 21 11 24 45 27 39 30 24 18 3 37 4 17 5 18 7 23 10 26 11 26 12 37 13 21 14 24 16 24 17 50 19 11 20 41 21 10 22 40 27 25 29 40 30 19 16 1 15 2 14 3 43 6 29 12 27 13 19 15 18 16 19 18 35 19 12 20 28 21 10 25 37 27 30 28 50 29 41 10 2 32 3 13 5 18 6 41 14 15 16 47 20 23 23 46 27 46 30 29 15 4 29 5 39 7 16 9 42 10 50 11 29 16 48 18 26 20 50 21 26 23 42 24 37 25 12 28 45 30 45
5 11 3 27 4 39 7 24 8 49 9 14 18 44 19 44 20 14 21 31 24 22 29 12 4 8 19 9 27 12 10 14 32 8 4 16 5 48 7 25 10 28 12 45 14 21 18 49 27 19 18 2 32 4 25 5 37 6 43 7 17 9 49 13 39 14 20 15 28 17 47 18 15 19 13 21 21 22 17 24 17 25 42 27 37 30 22 11 1 30 4 12 6 30 7 44 8 30 10 30 12 42 13 14 14 41 17 49 24 50
5 16 3 45 4 33 5 10 9 48 10 20 11 16 12 28 13 39 15 23 16 11 19 13 20 46 21 34 22 26 27 47 28 35 7 5 31 12 43 19 49 21 24 22 45 26 50 30 40 8 1 17 5 30 7 43 13 41 19 14 21 29 24 26 30 11 9 4 12 10 37 16 15 17 21 20 45 21 20 22 18 28 40 29 40 17 1 26 3 36 4 29 5 47 6 40 7 28 12 21 13 42 14 41 18 50 19 24 21 13 22 10 23 12 26 21 28 32 30 14
8 10 2 12 6 28 10 20 15 10 19 25 20 35 21 40 23 46 26 41 28 35 5 4 46 11 30 13 42 14 43 16 21 8 3 37 4 17 7 43 12 37 16 22 21 39 28 23 29 28 18 1 11 3 36 4 18 5 29 6 24 9 36 10 21 12 37 14 15 15 15 17 44 18 15 19 12 21 27 22 34 27 14 28 37 30 22 14 3 17 5 28 8 47 11 44 13 26 19 48 21 47 22 46 23 12 25 46 26 11 27 29 28 27 29 47 18 1 11 2 48 3 40 4 20 5 34 6 35 8 23 9 10 10 43 11 48 14 35 16 44 18 36 22 11 24 32 26 20 27 14 29 25 13 1 25 4 33 6 37 8 32 12 31 14 43 17 22 18 46 19 33 20 16 23 35 24 33 29 41 17 1 47 2 13 5 24 6 41 8 43 10 24 11 18 12 15 13 45 14 46 17 20 18 46 20 12 21 41 27 20 28 13 29 14
5 18 1 28 2 11 3 11 5 22 6 39 7 43 8 28 10 45 11 17 15 35 17 43 18 49 19 50 20 24 22 13 25 20 29 29 30 15 8 1 15 3 42 16 32 19 11 22 34 25 29 27 40 30 31 10 8 43 11 41 13 25 16 40 17 12 18 28 23 38 25 26 26 41 27 25 13 1 17 2 32 4 19 6 46 9 15 11 24 14 18 18 41 19 15 20 25 24 38 26 49 29 39 13 2 29 3 41 6 10 7 28 12 33 14 11 18 42 19 48 20 41 26 27 27 35 28 45 30 11
7 17 2 23 5 50 6 23 7 30 9 31 10 43 11 42 13 40 17 39 18 43 21 28 22 14 26 48 27 12 28 18 29 18 30 30 13 4 11 6 17 8 17 11 17 14 39 15 29 17 16 18 15 19 43 20 17 26 18 27 14 28 27 9 1 19 4 33 11 13 14 42 15 41 16 27 21 25 25 18 26 14 5 8 45 9 40 13 10 20 25 23 46 18 3 18 4 29 7 16 9 33 10 44 12 48 13 49 14 18 15 17 17 42 20 34 22 37 23 41 24 37 25 14 26 36 27 30 30 22 15 3 44 4 36 5 35 6 21 7 10 9 38 11 47 12 34 13 30 18 23 19 46 22 40 24 28 28 19 30 46 5 9 14 11 27 13 41 16 36 17 48
4 5 3 47 9 10 13 48 15 38 24 24 6 3 36 12 39 18 30 22 21 24 29 27 29 18 1 36 2 14 8 14 9 47 11 36 12 30 15 30 16 42 17 20 18 44 19 44 20 41 21 48 22 43 23 33 24 12 25 20 30 31 14 1 24 2 44 3 49 10 46 13 39 14 45 15 36 16 15 19 45 21 12 24 25 26 13 28 18 29 17
6 9 1 17 2 17 12 21 16 38 18 25 23 34 24 16 25 21 27 20 18 2 49 3 37 4 16 8 48 9 23 10 12 11 21 12 28 14 49 15 35 17 16 18 47 19 12 20 38 21 35 24 33 26 39 29 43 12 1 31 5 36 6 48 8 13 10 47 15 17 19 24 21 48 22 20 23 12 24 13 30 10 11 1 37 8 23 10 12 11 43 13 15 16 24 18 12 21 45 23 28 24 47 25 44 7 2 28 5 14 6 14 7 33 21 46 26 14 27 47 9 3 41 4 30 6 21 14 27 16 34 21 34 22 16 24 36 25 33
7 9 5 16 6 14 12 30 17 48 20 13 22 37 25 37 28 40 29 27 12 2 14 3 23 6 35 7 20 10 43 11 35 23 48 24 15 25 17 26 14 29 47 30 46 13 1 49 3 46 9 47 10 26 11 46 15 40 16 41 17 23 18 26 24 17 27 20 28 34 30 12 17 1 14 2 24 4 49 6 19 7 24 10 13 12 44 13 40 14 33 15 20 19 16 20 16 23 44 24 40 25 23 26 48 27 15 18 1 31 2 27 5 15 7 44 9 50 11 45 12 19 15 48 17 20 18 16 20 47 21 31 22 47 24 11 25 31 26 25 28 28 30 12 4 9 15 12 36 26 23 29 48 15 1 16 8 12 12 42 13 37 14 39 15 33 17 18 20 10 21 25 22 36 23 35 27 27 28 48 29 41 30 11
6 8 2 47 4 14 5 26 7 39 9 32 11 21 16 26 30 15 15 8 49 9 42 11 42 13 45 14 50 15 48 16 37 17 13 18 29 19 30 21 24 23 14 25 50 26 38 30 28 18 1 33 2 36 3 17 4 33 8 42 9 20 11 45 14 21 15 42 16 12 19 17 21 29 23 46 26 30 27 32 28 45 29 45 30 50 6 3 37 6 38 12 13 18 27 22 17 29 30 15 3 21 4 17 5 46 6 44 8 26 9 21 11 50 12 27 15 35 20 48 23 17 24 19 25 16 27 30 29 13 14 1 15 2 21 4 17 12 23 13 39 15 29 19 42 23 27 24 39 25 21 26 44 28 22 29 50 30 12
6 18 1 29 3 12 5 20 9 50 10 10 11 21 13 32 14 23 17 42 18 22 19 24 20 22 22 18 24 26 26 15 27 13 28 34 30 30 13 2 23 3 36 4 27 5 47 7 24 12 40 15 34 17 46 18 28 21 42 25 41 26 42 28 40 15 6 12 8 46 9 21 11 39 12 19 14 38 15 34 17 23 19 38 22 30 26 17 27 34 28 29 29 49 30 30 14 1 42 5 25 6 31 7 19 9 17 11 37 17 13 21 49 22 38 24 45 26 33 27 19 28 13 30 22 7 3 27 7 18 9 20 16 49 23 38 25 20 26 29 11 1 48 2 15 5 23 6 33 8 21 12 23 24 28 25 47 26 16 27 29 29 48
4 18 3 11 4 37 5 18 6 11 7 37 8 49 9 12 10 41 11 31 12 35 14 47 15 31 18 30 19 45 20 36 23 37 24 50 29 42 6 3 34 5 46 6 32 12 48 13 23 30 44 13 1 25 2 13 7 47 8 33 9 50 11 39 12 35 16 26 17 32 21 35 24 44 29 16 30 12 17 6 37 7 38 8 24 9 14 11 15 12 26 15 26 17 25 19 29 20 36 21 13 22 20 24 12 25 40 27 41 28 30 29 25
8 11 4 31 7 20 10 31 11 18 21 45 22 33 25 41 26 39 27 39 28 31 30 28 16 1 24 2 30 3 19 4 24 8 46 9 26 11 40 18 11 20 46 21 46 22 40 24 17 25 21 27 30 28 16 30 32 17 2 13 4 35 5 26 7 14 9 32 14 19 15 34 17 30 21 11 22 48 23 50 24 22 25 21 26 23 28 29 29 24 30 32 12 3 37 4 28 5 13 10 36 12 32 14 47 16 38 17 43 21 44 22 13 29 34 30 45 18 1 43 3 13 4 28 6 19 7 11 8 16 10 49 11 20 13 39 14 48 18 17 19 36 21 41 22 45 24 43 25 13 26 39 29 40 6 2 30 5 11 7 44 11 13 20 43 25 25 14 4 31 5 34 7 25 11 20 12 38 17 22 18 23 19 24 20 13 24 18 25 10 27 49 29 44 30 31 10 4 23 5 33 12 12 20 41 21 46 23 44 24 31 26 49 27 30 30 28
5 5 1 47 7 13 23 38 26 50 28 28 15 1 35 3 40 4 49 6 13 7 22 8 34 9 20 10 16 11 13 12 26 13 32 14 10 20 37 24 49 30 37 9 2 43 4 22 12 12 17 14 19 29 21 14 22 10 24 37 29 32 18 2 29 3 13 4 18 9 34 10 31 11 40 12 37 13 26 14 50 17 36 18 16 19 48 21 47 22 18 24 27 26 41 28 38 29 50 15 1 17 3 20 7 24 10 40 11 10 12 15 15 39 17 20 19 10 20 39 23 15 26 50 27 32 28 35 30 32
4 16 1 27 2 29 5 13 7 47 8 24 10 39 15 27 17 33 18 32 19 49 20 47 21 25 22 42 25 13 26 17 30 30 5 12 40 15 23 22 33 23 45 24 16 7 7 21 15 45 17 11 18 10 20 44 27 33 28 39 7 9 34 13 12 21 25 23 10 25 10 26 15 28 15
7 17 1 27 3 47 4 20 6 47 8 44 10 37 12 49 16 32 17 21 18 10 19 22 21 22 22 16 23 22 26 26 27 35 30 18 10 1 39 4 28 7 17 9 39 13 20 15 33 17 21 18 22 22 41 30 22 5 1 30 9 26 13 15 20 20 30 14 18 1 13 2 31 4 41 5 31 6 38 7 10 9 47 12 20 15 23 16 13 18 35 20 18 21 35 22 37 23 42 24 15 25 15 29 16 11 1 42 2 45 4 41 5 28 9 28 11 33 15 34 17 19 21 10 23 35 24 18 10 1 30 4 11 7 29 10 28 14 40 19 43 20 20 22 14 24 41 28 35 7 4 50 9 28 12 13 21 10 23 14 28 46 29 11
8 10 3 14 4 27 6 31 16 26 19 21 23 10 24 14 25 27 29 41 30 31 17 1 27 4 14 6 26 7 30 9 22 11 44 12 36 13 33 14 47 15 17 16 37 21 21 23 18 24 21 25 45 27 29 30 17 6 1 10 4 35 7 19 17 43 21 36 30 26 6 1 43 3 46 7 19 13 14 15 22 17 14 5 1 24 5 37 9 48 12 41 29 24 6 6 36 17 13 19 16 22 33 28 43 30 29 13 1 39 3 49 4 38 5 25 6 20 8 46 9 23 11 17 13 48 18 30 23 26 24 32 27 46 12 2 21 4 11 5 41 6 26 10 46 12 48 16 38 17 38 22 28 23 40 27 18 29 44
7 9 3 15 4 14 8 35 9 14 12 12 19 15 21 20 22 43 27 31 13 1 10 2 29 7 20 9 39 12 50 13 48 14 42 17 25 18 25 21 42 24 47 25 37 27 40 18 1 16 3 16 10 18 11 18 12 48 14 14 15 39 16 28 17 26 18 45 19 15 22 11 23 44 25 20 26 46 27 23 28 14 30 36 4 2 45 12 28 13 49 18 18 8 3 50 14 40 21 42 23 43 24 48 26 16 27 17 28 19 7 3 16 10 48 19 47 20 11 22 23 24 10 25 32 7 3 18 7 44 9 29 13 50 14 47 20 16 24 38
8 10 2 17 3 35 5 38 9 46 11 16 13 25 17 13 18 25 21 18 29 11 6 5 33 7 20 16 50 25 25 26 12 27 11 14 2 18 4 10 5 14 7 46 10 15 11 11 12 17 14 30 16 49 20 36 21 33 22 21 23 37 29 35 4 2 30 6 10 7 34 24 22 15 2 22 3 45 4 42 9 17 11 15 12 27 14 19 15 14 21 40 23 11 26 37 27 18 28 17 29 28 30 39 14 3 48 5 32 6 14 11 11 18 37 21 29 22 10 23 49 24 47 26 38 27 30 28 47 29 36 30 34 8 7 12 12 22 15 17 16 13 19 18 24 22 27 28 28 46 10 2 37 12 35 13 17 16 29 19 15 20 36 22 31 24 24 27 20 28 16
7 16 1 21 2 25 3 46 4 48 10 15 12 48 13 38 14 13 15 23 16 21 17 13 18 41 19 44 20 23 27 19 28 49 7 5 25 7 24 14 13 16 11 20 25 22 21 24 30 8 2 46 5 23 9 40 13 35 18 38 23 25 27 45 29 34 10 2 32 7 31 11 13 12 19 14 16 21 42 22 37 23 28 25 22 30 48 4 3 28 6 23 12 31 23 14 18 1 19 3 37 6 35 8 46 9 41 11 23 13 16 14 33 17 40 18 15 22 34 23 39 24 12 25 50 26 46 27 43 28 27 29 39 18 2 20 3 50 4 41 5 41 6 41 7 41 9 32 10 33 11 29 13 44 14 37 17 18 19 14 22 42 24 11 25 30 27 42 29 40
4 16 3 41 5 41 7 31 10 11 11 38 12 33 13 26 14 42 17 49 18 30 19 10 22 20 23 36 26 15 29 35 30 33 5 9 42 14 48 15 50 23 12 24 17 16 2 39 4 31 9 40 10 23 13 35 14 45 16 11 18 20 19 13 20 45 21 35 22 46 24 46 25 44 27 43 28 10 8 6 13 8 37 10 16 11 34 13 22 15 36 16 35 30 23
8 5 20 12 22 28 25 28 26 34 29 41 10 1 23 4 36 5 32 9 29 13 14 16 25 19 28 22 27 25 19 29 14 7 2 15 3 18 17 11 19 44 22 21 23 13 25 22 9 1 11 2 35 7 15 8 44 9 16 16 14 23 33 27 26 30 33 18 3 45 4 36 5 11 6 23 7 32 8 35 9 45 10 47 14 40 15 13 16 32 17 45 18 22 19 50 21 15 23 26 24 22 30 11 5 10 13 13 41 18 34 20 29 22 11 12 1 10 3 30 10 12 11 38 15 15 17 19 21 16 22 26 24 33 26 44 29 21 30 36 6 6 42 9 10 13 20 19 41 25 43 30 26
8 16 3 39 5 26 8 20 10 10 14 27 18 33 19 46 20 34 23 18 24 17 25 12 26 30 27 48 28 41 29 23 30 20 12 2 42 6 43 7 17 12 13 17 10 18 10 19 12 21 49 22 21 24 10 25 42 29 46 15 1 32 2 27 3 48 5 20 6 19 7 20 8 45 10 48 12 32 19 37 20 45 22 50 23 21 25 12 27 40 11 5 34 8 42 9 14 11 39 16 41 17 16 19 38 21 33 23 40 24 18 30 47 6 1 33 3 39 10 18 11 17 19 14 28 45 18 1 36 3 39 4 33 5 48 7 42 8 50 9 50 10 37 13 24 14 36 15 21 17 15 18 27 19 38 21 39 22 21 25 13 27 38 16 1 40 3 27 4 17 8 36 11 41 13 32 16 44 17 14 18 38 19 47 20 47 21 41 22 19 23 21 24 30 27 18 14 2 23 3 42 5 37 7 49 8 44 9 32 12 44 13 41 19 47 23 49 25 31 26 26 27 28 29 24
6 18 1 21 3 10 4 48 5 41 7 21 9 29 10 20 11 47 12 16 14 35 15 49 18 25 20 40 21 46 22 33 24 35 27 37 28 49 18 1 38 2 28 4 50 5 42 6 31 9 20 10 10 13 28 15 22 16 41 17 50 20 49 21 17 22 49 24 35 25 13 27 15 28 35 14 1 26 5 10 6 21 8 10 9 22 12 30 14 22 17 23 20 41 22 27 24 39 25 14 26 32 30 14 4 3 19 12 46 14 49 26 32 17 1 43 2 13 4 22 6 30 9 47 12 38 14 12 17 33 20 48 21 28 22 30 23 36 24 35 26 35 27 42 28 28 29 50 18 1 21 2 26 4 35 8 24 11 33 13 19 14 25 15 35 16 37 17 48 18 31 21 19 24 34 25 13 26 15 27 20 29 25 30 46
6 12 1 45 5 18 7 42 11 30 12 44 16 46 17 49 19 42 22 29 24 12 25 34 26 45 16 2 16 3 42 4 36 7 18 9 40 13 14 14 20 17 49 18 39 19 24 21 25 22 41 23 34 25 33 26 42 27 13 17 2 18 3 41 4 23 5 26 8 22 10 18 11 26 13 50 19 19 20 46 22 23 23 21 24 38 25 42 26 34 28 24 29 47 12 3 46 4 19 6 36 7 27 9 27 17 23 18 25 19 13 20 47 21 33 22 26 23 39 6 3 38 4 13 11 21 23 11 29 40 30 24 18 1 11 2 43 5 11 6 41 8 42 9 30 10 32 11 25 12 49 15 19 16 18 17 49 20 21 23 38 25 46 26 34 28 41 30 31
3 17 2 17 3 24 4 11 6 19 8 37 10 10 11 50 12 19 14 37 17 24 21 10 22 42 23 40 24 37 28 50 29 23 30 21 11 1 43 2 34 3 46 7 29 11 35 13 14 16 26 18 21 20 40 22 38 30 36 15 1 22 5 38 7 13 10 15 11 47 12 11 16 50 17 22 18 30 21 22 24 34 25 44 26 29 27 19 28 15
7 6 1 41 6 50 12 34 14 23 17 30 30 20 13 3 33 4 29 5 19 8 48 10 13 12 41 13 35 17 20 19 18 20 43 24 18 28 36 30 13 7 1 33 3 33 7 47 17 14 18 30 24 41 27 20 10 3 43 5 16 11 37 12 27 13 38 14 43 17 24 19 40 20 20 29 25 8 2 25 10 22 12 28 15 40 19 39 22 20 27 10 28 37 12 3 42 4 21 10 23 13 35 14 36 22 29 23 30 24 38 25 33 28 41 29 49 30 32 16 1 25 4 27 6 18 7 44 8 22 11 10 13 25 14 23 16 49 23 30 24 39 25 38 26 34 28 40 29 29 30 41
6 15 3 19 6 46 7 41 8 46 9 38 12 50 16 41 18 21 21 19 22 17 24 49 25 23 26 37 27 44 29 28 16 1 25 7 37 9 17 10 32 11 48 12 43 14 20 15 26 17 20 18 46 20 44 22 28 24 26 27 11 29 30 30 14 6 4 31 6 11 19 38 22 43 23 21 27 41 4 10 26 12 11 15 39 23 18 9 1 20 3 35 9 49 12 20 18 40 21 37 24 48 26 50 30 20 9 5 44 8 50 13 37 15 26 17 11 18 12 19 31 20 24 26 10
3 6 1 20 3 24 6 39 10 42 15 47 27 29 18 4 14 6 42 7 25 9 27 10 49 11 40 12 37 13 39 14 38 15 32 17 48 19 17 21 49 25 47 26 31 27 12 29 35 30 10 8 2 11 7 36 9 44 10 47 13 12 14 18 20 41 29 44
6 12 2 16 3 29 6 43 8 40 11 20 12 23 15 43 21 34 25 45 26 38 27 48 30 14 8 2 37 3 46 9 26 13 10 17 46 19 20 24 47 26 20 13 1 17 3 27 4 40 6 22 11 38 14 23 15 37 18 39 22 12 24 50 26 28 28 44 30 39 16 1 17 2 37 4 35 6 33 7 45 11 49 13 45 16 17 18 29 21 11 22 38 24 25 25 21 27 20 29 25 30 13 14 2 44 4 22 5 49 6 18 9 32 14 27 16 40 21 45 23 48 24 18 25 39 27 29 29 41 30 35 5 9 18 14 10 17 10 24 33 30 16
7 9 1 35 7 42 9 23 14 10 21 22 24 40 25 12 27 26 28 10 14 3 42 5 10 6 30 8 47 11 31 12 24 14 34 18 32 19 12 20 49 24 32 28 35 29 36 30 35 7 5 50 9 34 13 40 21 12 23 27 24 48 28 39 18 1 15 3 18 4 22 6 21 7 45 8 22 9 31 10 47 13 44 18 37 19 33 21 33 22 20 23 23 24 46 25 14 27 39 29 42 16 1 39 2 34 3 45 5 45 8 32 9 44 10 32 11 10 12 10 14 49 15 47 16 13 18 32 20 10 25 15 26 50 6 1 50 7 14 11 16 16 48 24 48 29 35 18 2 49 3 21 4 18 5 28 6 19 7 36 8 28 9 29 12 49 14 40 15 39 16 48 20 47 21 35 22 35 24 31 27 16 28 44
8 16 1 41 2 35 5 38 6 50 7 45 10 36 12 10 13 14 15 43 16 24 20 30 22 33 24 10 27 41 28 32 29 17 17 2 10 3 12 4 26 6 35 7 14 9 19 10 24 13 12 14 29 17 50 20 34 21 20 24 21 25 36 26 47 27 12 30 45 10 1 12 3 39 6 25 7 18 9 16 15 19 18 47 20 18 26 31 29 27 16 1 11 2 27 3 30 6 23 8 49 10 23 11 37 12 28 13 42 20 38 21 50 23 22 24 41 26 43 27 33 28 14 12 7 49 8 12 9 10 11 11 12 49 14 20 15 40 16 49 18 50 21 20 24 36 29 33 8 4 35 5 43 8 46 9 45 15 14 18 27 24 44 29 40 10 1 41 10 37 11 49 13 39 14 28 15 32 17 40 20 46 23 33 29 12 13 1 25 3 14 4 33 9 19 11 31 14 10 15 26 16 41 17 46 20 14 21 12 26 45 29 39
5 5 5 40 14 46 18 40 20 27 24 42 18 1 46 2 34 3 23 4 50 5 34 7 13 8 33 9 38 10 28 13 15 15 14 17 48 19 34 20 17 21 14 24 46 26 48 29 12 9 2 25 4 45 8 12 9 21 12 43 16 15 17 46 19 14 29 40 8 12 14 13 49 16 48 19 19 20 10 25 50 28 15 29 27 4 2 25 21 40 22 32 30 40
7 17 1 29 2 14 4 18 7 30 9 19 10 37 11 25 12 17 13 30 15 44 16 30 20 30 23 49 26 28 28 35 29 28 30 20 8 9 40 10 19 15 18 19 30 21 48 22 22 26 37 29 41 13 5 32 9 45 10 14 12 46 14 46 15 12 17 10 19 15 20 46 22 29 25 15 27 37 30 38 9 1 50 2 19 4 21 7 30 12 18 16 14 21 39 22 42 23 20 4 6 29 18 12 20 41 29 38 14 2 12 5 23 7 26 9 25 11 39 14 38 15 29 16 50 17 32 19 20 21 25 25 32 27 26 29 26 12 1 16 5 48 8 47 10 47 11 36 18 10 20 17 21 46 23 17 24 12 25 36 27 43
4 18 1 10 2 15 4 48 5 35 6 46 7 48 8 13 10 38 12 49 16 21 18 15 19 27 21 19 23 38 25 12 26 39 27 50 28 26 6 2 18 8 44 11 19 19 13 22 41 24 23 13 1 10 2 14 3 17 4 36 7 30 9 15 14 28 18 37 19 30 21 13 24 16 29 25 30 48 10 2 41 3 29 4 20 5 46 10 43 12 29 16 20 17 29 22 31 25 18
6 6 1 45 2 12 7 34 10 50 17 29 23 46 6 8 35 10 34 15 49 22 41 23 37 29 31 5 6 37 13 22 17 25 27 49 30 26 17 1 14 4 46 5 12 6 15 8 42 9 17 11 30 12 45 15 11 18 29 19 41 20 21 21 50 22 36 23 41 27 42 28 28 14 1 26 4 17 6 39 7 30 8 18 13 27 15 14 17 17 19 46 20 50 22 34 23 38 24 33 28 46 9 2 28 3 10 10 18 12 42 13 10 14 47 17 48 24 48 26 41
6 6 3 17 11 44 14 34 22 37 28 28 30 12 15 3 39 5 44 6 49 7 33 9 43 10 46 13 45 14 14 16 33 18 19 22 20 23 12 26 36 27 26 29 13 14 2 30 5 12 8 36 9 50 12 44 14 50 16 10 18 35 20 21 23 20 25 47 26 34 29 18 30 35 8 1 22 9 44 21 39 22 35 24 21 25 34 27 18 30 31 17 3 22 4 19 6 49 8 30 10 41 12 33 13 33 14 12 15 44 16 31 18 14 19 36 20 28 21 40 25 21 27 46 30 31 11 2 37 3 13 4 19 6 27 7 21 10 34 11 40 13 16 17 10 23 43 24 48
8 5 2 39 4 27 12 29 15 43 21 33 18 2 48 4 13 5 23 6 19 7 15 8 25 9 15 10 22 11 14 12 46 14 10 15 50 16 49 22 11 23 33 24 33 25 14 28 48 16 1 41 6 35 7 35 8 33 9 49 14 42 15 40 16 44 17 45 21 29 22 49 23 20 25 23 26 31 28 36 29 34 8 6 43 7 28 11 15 12 31 13 39 14 33 28 48 30 32 11 5 24 9 24 15 20 16 42 17 31 20 11 22 37 24 43 26 46 29 38 30 41 9 1 19 2 35 5 16 8 19 12 27 19 11 25 50 26 32 27 26 18 2 39 3 40 6 28 8 14 9 50 10 49 11 28 15 28 16 44 18 41 19 33 24 38 25 40 26 18 27 25 28 25 29 28 30 26 9 5 35 6 31 8 24 10 28 12 27 15 40 16 21 22 28 26 25
4 16 2 19 3 46 5 34 6 39 7 20 8 20 9 25 13 43 14 31 15 10 17 32 23 24 25 13 27 33 28 50 29 33 12 8 44 10 45 11 43 13 44 14 37 15 26 16 24 17 29 22 22 23 47 24 46 28 18 7 4 12 8 42 9 36 10 28 14 49 22 48 29 13 16 1 44 2 19 5 23 6 25 10 37 11 40 14 20 15 47 16 31 18 42 20 14 21 30 23 23 24 22 25 21 26 43
8 5 1 49 6 45 10 36 19 37 30 18 13 2 41 3 33 5 16 6 16 8 34 10 13 12 23 15 41 18 14 22 45 24 38 26 16 29 47 14 1 27 4 49 5 46 6 14 11 14 12 23 15 49 19 28 20 20 21 49 22 32 24 45 26 47 28 18 13 1 21 5 33 10 29 11 38 12 20 14 32 15 14 21 45 22 23 23 21 24 25 27 27 28 34 16 4 33 7 35 11 10 12 43 15 28 17 14 18 47 19 47 20 21 21 28 22 47 25 23 26 16 27 49 28 39 29 25 14 1 19 4 28 8 15 10 20 11 45 12 37 13 15 14 31 18 14 20 46 23 25 25 28 26 46 27 11 7 5 48 11 35 13 28 14 18 16 11 25 34 27 23 17 1 42 3 38 5 17 9 16 11 47 12 34 14 31 16 18 17 14 21 35 23 16 24 33 25 26 26 46 27 49 29 21 30 23
4 18 2 21 4 35 5 48 8 12 11 26 12 42 14 24 15 31 16 42 18 48 20 26 21 40 23 10 24 14 25 39 26 45 29 14 30 28 15 1 21 2 22 3 30 6 29 8 37 10 29 11 36 12 39 13 11 15 47 17 28 18 36 23 31 25 34 26 48 14 2 33 3 15 4 27 5 10 7 37 9 11 11 37 14 33 16 36 19 25 20 32 25 28 27 17 29 48 12 5 48 6 12 7 31 8 14 11 45 16 38 18 35 22 17 24 27 25 16 26 26 27 28
5 8 9 30 11 37 13 16 16 33 17 34 19 24 24 26 27 41 4 16 34 24 12 27 20 30 40 13 1 14 3 35 7 36 8 48 9 39 12 15 16 27 18 39 19 40 20 47 23 39 24 21 27 26 5 1 40 7 31 20 28 23 14 30 43 14 4 16 5 12 7 14 11 14 13 19 15 41 19 26 20 30 22 44 23 42 25 46 26 30 27 32 29 38
6 13 3 48 4 20 7 36 8 50 10 18 13 22 16 48 20 14 21 46 23 45 24 36 26 18 30 38 10 1 30 4 16 10 13 11 14 15 44 20 19 22 50 24 16 26 37 27 38 5 4 48 10 28 13 41 22 32 23 21 13 2 33 6 20 7 38 8 17 10 38 11 39 13 22 18 50 19 44 21 20 23 17 25 36 30 16 14 2 18 4 34 8 32 9 41 14 43 16 44 18 15 19 28 20 39 21 29 22 12 26 34 27 35 28 12 10 2 13 7 10 14 33 18 20 21 22 22 13 25 50 28 50 29 37 30 40
6 11 9 24 10 29 14 47 16 17 17 18 19 23 20 26 23 33 28 17 29 45 30 16 4 15 40 17 16 18 44 28 37 13 1 47 3 21 4 43 6 33 10 38 12 41 13 43 19 15 21 27 22 27 24 12 29 22 30 34 18 1 41 2 17 4 20 5 22 6 41 7 14 8 42 9 16 10 10 12 40 16 31 17 33 19 11 20 46 21 33 25 20 26 36 30 35 18 2 30 3 40 4 14 5 18 6 26 7 17 10 32 11 49 12 30 16 18 17 44 18 34 20 39 21 13 26 28 27 15 28 16 29 37 11 1 18 2 26 5 29 8 12 9 48 10 25 13 26 16 43 21 11 23 42 28 38
5 18 4 42 7 27 9 45 10 29 11 40 14 46 16 46 17 32 18 44 20 14 21 15 22 13 23 40 24 33 26 18 27 10 28 35 30 24 10 2 27 5 35 7 38 8 41 14 43 16 22 17 11 18 38 22 43 30 19 10 3 50 6 20 9 49 10 39 12 36 15 45 17 16 19 17 20 48 23 50 12 1 21 3 32 6 20 9 42 16 18 19 47 20 41 21 42 25 21 26 50 28 37 29 23 4 2 24 22 32 23 15 24 45
3 9 2 42 4 23 10 11 11 38 16 45 19 39 21 26 22 16 27 14 17 5 33 7 34 8 34 9 18 12 24 14 29 16 36 17 29 18 32 19 17 22 39 23 22 24 16 26 35 27 29 28 25 30 50 16 1 28 2 37 4 13 5 36 6 11 13 16 14 13 15 20 16 50 18 25 19 32 21 47 23 20 26 43 28 28 30 33
8 15 3 17 4 29 5 12 7 19 8 50 13 34 14 36 15 22 18 49 19 39 21 35 26 41 28 14 29 36 30 49 11 1 26 5 15 10 16 13 35 14 38 16 48 19 19 23 10 26 22 28 30 30 41 6 3 42 7 27 16 20 21 31 26 49 29 32 8 1 40 3 19 6 49 10 42 11 12 16 49 18 16 21 23 15 4 30 5 24 7 43 8 23 12 19 14 12 15 40 19 45 20 49 22 20 23 41 24 36 27 24 29 33 30 25 14 1 37 4 31 5 46 7 12 13 36 14 49 18 29 19 38 20 14 22 45 23 44 27 34 28 17 30 24 6 5 31 9 35 18 46 20 21 21 17 27 39 8 1 15 9 39 10 40 11 41 23 18 24 16 25 36 28 48
5 12 1 14 4 13 8 41 10 21 11 40 14 30 18 11 20 43 24 19 26 37 28 18 29 50 12 3 11 4 47 6 25 12 46 14 50 16 48 20 32 21 43 23 29 25 40 26 44 30 36 5 6 31 8 20 9 12 20 12 27 42 13 4 29 5 14 6 45 7 41 9 23 13 31 15 29 23 41 25 12 26 35 28 17 29 36 30 47 18 3 50 4 16 5 22 6 18 7 19 8 32 10 14 13 32 14 40 15 30 16 30 17 31 18 50 19 28 20 34 24 30 27 41 29 31
8 17 1 36 2 50 3 35 6 31 10 11 11 40 12 11 13 26 15 45 16 47 17 14 18 28 21 46 24 49 26 24 28 50 30 20 8 1 10 9 10 17 10 18 40 21 46 25 37 29 19 30 29 9 1 33 2 25 9 26 10 27 13 13 19 17 20 28 24 44 27 40 13 2 20 6 40 11 45 12 24 13 19 14 31 15 40 16 14 18 32 22 22 23 14 24 30 30 10 13 1 47 3 13 4 22 5 11 7 26 8 48 9 30 15 19 18 50 19 10 22 45 26 35 29 15 17 1 34 3 43 4 49 5 19 7 34 10 23 11 39 12 22 13 38 15 12 17 26 19 27 20 12 21 48 25 20 26 34 27 34 6 2 49 3 12 7 40 11 26 22 33 26 45 9 9 42 10 17 11 45 18 30 21 18 22 27 26 20 28 20 29 37
7 11 1 38 3 25 4 16 5 47 8 18 14 21 20 15 25 31 26 24 27 44 28 25 4 17 29 23 24 26 15 27 43 4 1 31 3 18 27 44 30 16 11 2 37 3 15 5 32 9 17 11 47 12 11 22 19 24 29 27 23 29 23 30 22 17 1 27 2 21 3 23 5 19 8 44 11 42 13 50 14 20 15 40 16 25 18 26 19 12 25 12 26 30 27 43 29 29 30 25 4 5 14 6 36 10 44 30 41 12 3 35 5 13 6 31 7 19 10 50 11 45 13 27 14 23 20 31 21 40 22 47 24 48
6 11 3 21 5 35 6 17 12 48 13 15 15 23 16 21 17 21 22 35 26 35 29 46 12 4 49 5 45 7 49 9 34 10 15 11 15 12 41 15 26 16 40 21 26 23 35 30 35 9 4 25 11 25 13 35 15 50 19 20 22 48 23 31 26 43 28 38 5 2 45 5 48 8 12 16 44 18 11 12 1 42 3 29 4 20 8 29 12 18 14 45 18 48 23 23 26 34 28 36 29 24 30 38 15 3 15 5 39 6 12 8 22 10 33 11 27 14 25 15 32 17 14 19 39 22 23 23 17 25 42 26 16 30 15
8 11 2 30 9 18 10 41 12 29 13 19 15 16 16 28 19 36 22 20 25 35 29 25 7 2 50 8 16 10 34 12 30 15 11 21 44 23 32 10 3 30 5 28 6 43 7 44 8 46 18 14 20 29 24 40 25 16 30 27 13 2 17 4 23 5 45 8 11 12 46 13 27 18 40 22 43 24 39 25 12 26 45 28 49 29 29 12 1 27 2 26 5 13 9 41 11 14 15 50 20 33 23 28 27 34 28 35 29 40 30 25 11 4 27 9 48 10 19 11 17 12 20 15 12 19 36 22 39 24 10 25 35 29 46 9 3 33 10 48 11 33 14 26 18 32 19 17 22 31 23 15 29 32 10 5 50 7 44 11 48 16 26 18 16 19 13 24 34 25 50 26 26 27 17
4 4 2 10 20 22 23 42 26 16 16 1 36 2 35 8 25 9 15 10 23 11 40 12 38 15 50 17 49 19 22 20 27 21 45 22 36 24 37 28 37 30 22 17 3 40 5 34 7 16 8 26 9 44 10 14 12 38 13 29 16 15 17 19 20 50 21 11 23 49 25 21 26 19 27 27 30 12 18 2 27 3 24 4 39 5 30 10 14 11 32 12 40 15 29 16 11 17 31 18 29 19 17 21 44 22 19 23 47 28 16 29 43 30 30
8 18 3 32 5 42 7 13 9 47 10 10 11 24 15 34 16 28 17 20 19 24 21 15 22 46 25 49 26 19 27 23 28 10 29 26 30 37 5 2 45 3 32 9 45 16 40 18 25 14 1 34 4 24 5 19 6 11 7 34 9 12 12 10 14 17 17 47 18 49 21 32 23 25 27 47 29 21 12 3 11 4 20 7 29 8 49 10 44 14 41 19 39 20 44 23 30 24 46 26 20 29 17 6 8 43 19 12 21 14 23 22 24 37 28 41 8 2 35 3 30 14 11 16 33 20 27 21 23 22 28 26 42 13 2 45 6 50 10 20 11 33 13 42 14 37 16 19 19 33 24 29 25 27 26 49 27 34 29 22 4 1 10 11 17 20 43 25 41
7 18 1 20 2 15 3 44 6 37 8 42 9 36 10 39 12 17 14 44 18 16 19 33 21 20 24 37 26 44 27 45 28 31 29 19 30 20 9 7 44 15 49 16 48 18 14 20 10 22 27 24 39 25 16 28 18 10 2 45 3 30 4 18 7 26 8 15 9 34 11 32 13 43 24 26 30 14 12 2 41 4 16 7 12 8 28 15 38 17 19 18 37 19 40 23 41 24 27 27 44 30 47 8 5 41 12 31 17 47 18 36 19 12 22 36 26 15 29 15 7 7 36 12 41 16 28 17 47 19 48 21 39 30 22 7 2 29 7 11 10 12 23 33 24 33 25 21 27 11
6 18 2 31 4 28 5 11 6 34 8 32 11 21 12 25 13 25 14 45 15 16 16 25 18 31 20 47 22 46 24 12 27 17 29 14 30 46 13 2 23 3 45 5 33 6 22 12 26 13 17 14 43 15 14 16 44 17 29 20 41 24 17 30 14 8 1 50 2 22 6 46 11 10 12 38 14 29 22 27 24 34 7 7 31 9 22 10 45 11 17 17 45 19 22 26 31 6 8 21 9 29 16 47 21 46 26 47 27 11 16 3 19 4 26 5 28 11 28 15 13 16 31 17 23 18 48 19 20 20 18 22 19 24 38 25 48 26 36 28 12 30 17
5 8 1 11 3 49 6 38 10 49 17 42 21 17 23 46 25 17 10 2 15 4 21 7 21 8 28 12 20 15 47 18 33 22 24 23 40 30 50 7 8 37 9 39 13 27 16 35 18 17 19 37 22 23 16 1 42 3 15 4 10 5 13 6 37 7 39 10 29 14 15 15 11 16 28 17 49 18 24 22 25 26 11 28 22 29 16 4 12 24 19 41 24 25 27 30
7 12 1 11 2 44 4 44 6 34 8 44 9 14 11 16 15 19 16 12 22 30 26 30 27 27 5 6 45 11 19 15 36 17 20 29 14 13 5 33 6 16 8 38 9 20 11 47 12 19 13 50 18 19 19 50 24 28 25 19 27 49 29 36 13 1 45 2 38 3 37 4 42 7 45 8 19 13 19 14 28 15 11 17 20 19 41 25 43 30 33 16 1 12 2 33 4 20 5 35 6 33 7 31 8 22 9 28 11 11 12 40 13 42 16 15 17 38 22 43 24 22 27 50 12 2 31 4 41 8 11 9 41 12 21 14 14 15 39 17 41 19 15 21 26 23 16 25 10 16 1 31 2 24 4 14 7 16 8 45 9 34 13 34 14 34 15 29 17 11 20 18 23 47 24 20 25 12 26 29 28 27
6 7 5 13 6 29 7 27 10 47 12 39 16 40 20 45 6 5 11 9 31 13 31 18 35 27 22 29 47 11 1 36 3 40 6 20 9 36 10 30 11 26 12 12 15 14 16 29 20 26 24 41 17 3 43 4 34 6 38 7 47 10 28 14 32 15 18 16 15 17 43 18 17 19 31 20 50 22 35 25 17 26 23 28 33 29 10 8 3 29 6 48 7 10 17 14 18 13 21 31 27 22 30 14 8 3 28 4 27 5 19 11 10 15 23 20 41 21 43 29 36
8 4 12 33 13 21 23 33 27 14 12 3 10 8 45 9 11 13 37 17 16 18 23 22 16 23 31 24 26 25 25 28 45 30 45 9 8 13 10 11 13 49 14 16 20 41 21 48 22 48 24 25 25 19 12 2 16 3 16 6 12 8 44 14 33 15 20 16 27 20 24 21 22 23 46 27 27 28 35 11 5 20 13 24 15 26 16 12 17 21 18 15 19 27 23 47 24 26 28 28 29 26 7 7 13 13 38 16 50 18 26 20 50 28 20 30 33 12 2 20 4 42 6 34 9 43 12 31 14 29 15 31 18 23 19 43 22 22 25 29 29 12 18 4 21 5 45 7 35 8 11 10 26 11 50 13 21 14 33 15 26 16 35 17 41 19 13 22 46 23 47 25 18 26 10 27 20 29 48
3 13 2 50 4 24 9 33 12 26 13 45 14 28 15 38 17 20 19 42 20 29 24 34 27 13 29 13 12 1 19 2 10 10 48 11 49 12 14 14 11 16 48 18 17 23 12 24 39 29 27 30 10 16 3 44 4 50 6 27 7 47 8 18 10 17 11 25 17 26 19 14 21 18 22 31 23 18 26 15 27 46 28 28 29 17
3 13 3 30 5 19 6 39 7 27 12 42 15 12 17 41 19 41 21 24 24 50 25 23 27 48 30 34 8 6 44 12 24 13 32 16 45 20 26 24 37 25 50 27 48 15 2 47 5 44 7 32 8 44 9 40 12 25 13 12 14 17 18 26 21 43 24 12 25 12 28 20 29 19 30 38
4 10 3 50 5 20 6 21 7 37 10 39 12 37 14 49 19 32 26 41 30 41 14 3 49 8 43 11 21 12 28 15 30 16 31 18 48 19 30 21 42 22 15 24 15 26 40 29 47 30 50 18 1 23 2 50 4 27 5 20 6 42 8 20 10 27 11 12 12 12 14 37 15 17 20 21 21 41 22 19 23 50 25 27 27 48 28 14 8 6 47 9 17 10 20 12 41 18 30 23 14 26 21 29 27
6 9 2 36 4 23 8 24 16 16 18 24 19 31 20 35 22 43 28 35 8 2 34 3 30 9 11 15 38 17 35 18 26 20 41 28 36 17 1 39 2 47 4 41 5 24 6 38 8 44 9 38 13 36 15 49 17 48 18 31 19 46 22 39 23 25 24 11 25 34 29 42 12 2 35 4 48 6 28 8 25 11 35 14 49 18 10 24 30 25 48 27 32 28 38 30 38 6 3 36 11 41 19 29 23 21 25 29 29 46 17 1 39 2 48 3 38 6 16 9 25 10 31 11 47 12 30 16 15 17 31 20 45 21 34 23 17 25 12 27 25 29 39 30 18
3 10 7 35 10 42 11 15 12 13 13 15 16 38 17 19 19 44 27 30 28 35 4 9 48 14 34 23 12 25 34 15 3 23 4 17 5 12 6 17 7 26 10 46 12 33 16 15 19 24 20 16 21 11 22 32 26 34 28 24 29 39
37 116 100 84 48 72 90 51 78 83 40 73 104 147 98 62 67 39 116 50 112 115 102 56 60 73 136 90 38 159 158 50 74 120 40 79 99 84 143 87 125 64 117 121 91 88 62 107 91 57 130 123 115 121 124 55 121 158 86 83 59 129 78 59 79 115 112 68 98 73 72 79 151 63 96 51 75 89 111 95 38 136 66 144 84 93 112 68 118 89 105 65 86 82 127 41 44 59 81 39
2 1 3 2 2 1 3 1 3 1 2 2 3 1 2 1 2 3 2 3 3 2 3 3 2 2 1 2 2 3
# Instance ID: 83
# Total operations: 563
# Actual flexibility: 0.373
# Generated: 2026-02-14 14:26:23
# Format: Extended Brandimarte for MOFJSP (Comparison Dataset)