40 20
8 5 5 36 9 30 12 35 15 45 17 35 9 1 46 2 32 6 23 9 44 11 17 12 30 17 40 18 33 19 13 4 8 39 9 44 11 16 20 45 3 9 49 15 16 16 28 11 2 31 4 26 5 17 7 39 10 15 11 12 12 10 14 36 16 33 17 36 19 19 9 6 31 10 25 11 50 12 35 13 24 14 41 18 41 19 37 20 37 8 2 18 5 24 6 45 8 16 12 37 13 21 15 21 20 34 9 2 45 3 43 4 24 5 35 7 23 9 31 10 44 13 13 17 33
7 6 2 22 3 32 7 37 12 17 19 16 20 38 3 6 28 16 40 17 22 7 3 24 6 49 7 17 10 40 12 34 15 14 19 49 9 5 22 6 17 9 23 11 50 12 30 15 41 16 29 18 10 19 43 10 1 50 3 36 4 16 8 41 9 32 10 36 14 31 15 38 19 41 20 47 12 2 42 3 12 4 48 5 30 6 26 8 31 10 30 12 14 13 47 14 18 17 28 20 16 8 1 14 5 37 8 15 9 38 10 13 14 34 17 26 20 48
8 4 7 25 10 41 11 32 20 21 3 4 49 12 16 13 27 9 3 40 4 37 8 43 10 27 12 10 13 49 15 15 19 22 20 27 4 1 49 3 10 16 41 17 17 12 2 30 4 44 5 22 6 44 10 41 12 23 14 34 15 45 16 12 17 39 19 21 20 48 9 2 34 3 44 4 29 9 43 14 18 16 39 17 20 18 22 20 11 12 1 11 2 10 4 34 5 10 6 26 7 32 10 17 12 49 13 49 15 13 17 42 20 15 11 1 39 2 21 3 20 4 23 7 41 8 24 11 37 15 49 16 30 18 13 19 26
8 6 2 39 5 24 11 32 13 23 18 30 20 19 5 2 32 7 23 9 46 12 39 14 22 7 3 36 4 13 5 50 7 34 12 13 14 11 20 49 11 1 25 2 17 5 34 6 28 9 15 12 14 15 48 17 49 18 15 19 22 20 37 8 2 37 3 12 5 12 6 36 10 18 12 44 14 46 15 21 5 7 39 9 48 12 49 17 22 20 44 12 2 30 3 21 5 48 6 27 8 49 10 38 11 39 12 32 16 35 17 33 19 30 20 16 5 7 44 11 22 14 37 17 41 20 36
6 9 1 18 2 50 3 14 7 25 12 24 15 43 16 41 18 32 20 23 7 3 31 6 28 7 31 10 39 13 28 14 46 18 42 11 1 49 3 22 4 31 5 25 6 31 7 21 8 14 14 32 15 14 16 41 17 22 7 1 40 5 16 12 32 13 40 14 30 16 36 19 16 3 2 12 3 23 18 11 5 4 33 5 16 6 21 7 16 11 36
8 12 2 36 3 24 5 50 6 18 7 36 8 18 9 17 10 28 13 26 16 30 17 22 18 40 4 2 17 9 49 11 35 20 41 11 2 48 6 16 11 23 13 21 14 37 15 44 16 29 17 21 18 22 19 21 20 35 6 2 22 4 34 9 46 11 22 12 15 14 12 8 3 16 4 32 6 28 8 31 9 31 12 18 15 39 20 45 10 1 11 4 47 5 24 6 10 7 49 13 49 14 49 15 44 16 37 19 42 12 1 43 3 16 4 46 7 17 8 50 10 46 11 28 12 45 14 39 16 27 17 34 19 17 5 1 28 2 15 3 33 5 31 8 17
5 10 3 40 4 12 6 18 7 42 11 47 13 48 15 35 16 36 17 37 18 42 9 2 14 3 13 7 35 9 32 12 15 15 29 16 49 18 26 20 39 6 2 11 7 31 10 32 12 38 13 41 20 14 3 2 39 5 31 7 46 9 2 31 4 43 8 29 10 23 11 26 13 20 15 22 18 16 19 26
8 12 1 10 3 49 4 42 6 16 7 45 9 12 11 27 12 13 14 46 16 49 18 47 20 17 8 1 45 4 32 6 10 10 15 13 25 16 27 19 40 20 50 7 2 20 3 36 6 29 8 38 9 18 13 30 14 27 6 6 35 7 10 10 28 11 18 18 26 19 11 11 3 31 4 50 5 21 6 38 7 37 9 42 10 21 11 11 15 46 17 16 18 45 11 1 48 2 41 3 10 4 20 5 10 6 48 7 39 9 47 10 10 13 48 18 37 6 3 31 4 23 8 25 11 17 12 38 17 13 5 7 10 8 44 12 34 16 13 17 29
8 6 6 33 12 22 13 39 15 15 16 41 20 18 3 4 25 8 24 11 11 3 6 34 7 46 11 36 7 2 32 3 15 7 48 8 36 9 42 15 24 20 49 7 5 22 6 15 7 33 10 29 11 23 14 11 18 47 12 1 37 2 41 4 15 6 23 7 35 8 29 10 36 11 22 13 31 14 15 17 29 19 30 5 5 30 6 23 7 29 17 42 18 30 5 7 32 9 38 14 39 15 30 20 45
8 6 1 34 4 28 6 10 8 37 12 28 16 15 5 2 19 3 29 7 26 9 39 11 42 6 1 22 4 19 7 41 11 50 15 11 20 22 7 1 18 4 34 6 48 9 50 11 35 19 22 20 36 7 3 35 5 26 6 30 14 28 15 22 19 34 20 41 9 3 34 7 48 8 42 10 36 11 22 14 10 16 15 17 24 19 23 6 4 38 5 10 14 20 16 36 18 40 20 17 12 2 32 3 37 5 17 6 36 8 12 9 23 10 44 13 28 14 47 16 30 17 19 19 35
3 3 6 20 14 42 17 39 12 1 49 2 20 3 49 6 22 7 20 10 31 11 38 12 43 13 48 17 12 18 45 19 42 8 1 24 2 28 7 40 12 14 13 15 14 21 19 13 20 18
5 10 1 18 2 47 5 50 6 19 7 12 8 39 10 19 11 19 12 22 16 12 6 4 46 5 44 8 49 12 32 18 14 20 16 4 8 25 16 44 18 39 19 48 5 13 44 15 20 18 25 19 35 20 10 11 2 42 5 34 6 31 10 39 11 27 12 22 13 11 14 35 17 19 18 11 19 34
5 11 1 21 3 47 4 42 8 15 9 14 10 23 12 10 17 10 18 43 19 27 20 25 6 3 14 4 50 10 38 13 47 19 36 20 25 6 1 31 9 13 10 28 11 28 15 25 20 20 10 1 17 4 36 5 15 6 34 9 47 11 23 12 36 13 21 16 27 19 13 11 2 10 3 30 4 40 8 28 9 14 11 12 14 25 16 40 17 36 18 20 20 21
7 9 4 43 5 32 6 15 9 37 11 24 13 30 18 41 19 43 20 14 4 9 36 10 42 14 27 20 40 4 2 13 4 21 6 48 7 16 8 2 13 4 16 9 28 11 34 12 12 14 18 17 22 18 33 6 6 47 9 10 11 16 13 27 17 13 19 44 4 5 24 8 15 11 35 14 41 9 2 39 3 43 4 50 5 45 7 45 9 27 10 39 13 42 15 39
6 4 3 29 7 41 8 38 18 12 8 1 11 3 21 8 43 9 20 11 16 16 23 18 17 19 15 7 3 11 4 27 6 28 10 29 12 34 17 46 18 39 11 1 47 2 38 4 36 5 43 10 48 11 24 12 25 14 27 18 33 19 10 20 13 7 1 23 3 11 4 38 7 34 11 34 12 14 18 40 3 4 35 13 45 20 27
8 9 1 14 3 42 5 16 9 44 10 34 14 46 16 35 18 48 19 18 6 2 38 6 19 9 29 11 41 19 39 20 20 4 7 35 8 19 14 11 19 47 4 1 17 9 40 10 20 14 22 4 1 13 3 34 15 37 20 43 9 4 32 5 42 8 26 9 13 10 29 12 40 13 12 15 33 17 39 4 6 32 11 34 13 27 14 16 9 2 15 6 17 8 18 11 12 13 41 14 11 15 16 16 43 19 11
4 8 7 21 8 36 10 21 11 33 12 31 14 18 17 32 19 39 9 1 42 3 26 6 44 7 13 8 43 10 36 11 14 12 42 14 37 11 1 44 3 33 7 23 8 18 9 17 10 10 11 14 13 25 15 24 18 47 20 44 12 1 46 4 11 5 16 6 29 7 12 8 31 9 37 16 31 17 10 18 19 19 32 20 38
6 11 2 10 3 27 8 35 10 22 11 35 12 48 14 14 16 48 17 46 18 17 19 43 6 7 18 9 36 14 47 16 36 17 15 20 36 6 3 39 13 30 15 21 16 48 18 36 19 46 7 4 50 6 49 9 39 12 44 13 44 16 15 17 50 7 4 40 5 12 6 33 8 12 9 44 11 40 13 31 8 2 15 5 44 6 44 9 44 11 34 14 38 16 43 18 47
6 8 1 38 4 27 7 15 8 29 9 20 18 11 19 16 20 25 7 6 14 7 29 9 11 10 28 11 34 18 21 20 29 10 3 20 4 40 7 24 12 24 13 13 14 42 15 46 16 10 18 25 20 29 8 4 21 10 14 13 12 15 48 17 30 18 28 19 48 20 34 11 1 49 4 14 7 46 8 49 10 50 12 42 13 27 14 35 15 38 16 36 17 14 10 1 35 3 20 4 30 6 40 12 35 13 18 17 14 18 13 19 50 20 48
5 3 1 32 5 39 17 47 8 1 32 2 37 5 34 9 25 12 12 15 33 17 38 19 20 10 1 46 2 21 3 45 5 23 6 46 8 11 9 30 12 22 14 39 17 11 4 1 39 8 21 13 10 16 23 5 5 39 7 40 8 33 9 36 17 41
6 10 2 28 3 42 4 28 5 19 9 36 11 45 13 48 14 42 18 45 20 12 10 6 38 9 45 10 33 11 35 12 29 13 33 14 15 15 47 16 21 18 27 5 8 44 9 18 13 49 15 45 19 33 4 5 43 6 41 12 23 13 30 4 3 43 15 35 16 25 18 26 4 9 41 10 38 16 29 18 38
8 9 1 38 2 21 3 41 4 41 7 46 9 36 13 13 15 36 19 44 11 1 40 6 44 10 28 11 35 12 21 13 19 14 14 15 35 16 23 17 26 18 36 8 2 18 3 14 4 28 6 14 11 24 13 43 16 18 18 50 12 2 13 5 16 6 41 7 10 10 32 11 46 13 25 14 49 16 36 17 39 18 12 20 16 8 2 26 3 34 6 33 10 31 12 19 13 48 19 33 20 41 11 1 39 3 17 4 15 7 23 9 15 11 42 13 13 15 13 16 19 17 15 18 27 12 2 28 4 23 6 19 8 45 9 21 11 24 13 48 14 14 15 22 16 18 17 14 19 45 6 6 47 8 42 9 10 13 43 14 27 17 34
8 12 3 40 5 16 6 22 7 39 9 13 14 50 15 19 16 26 17 29 18 35 19 49 20 43 7 1 11 2 46 7 29 12 39 15 43 18 22 19 13 9 5 45 9 41 10 21 11 27 13 27 14 29 15 34 17 25 18 15 5 2 39 5 29 6 47 9 25 17 46 3 3 15 17 19 19 18 3 3 16 6 18 11 42 8 1 16 3 34 5 31 6 20 7 24 9 41 13 10 17 10 11 1 20 3 37 4 11 10 40 12 25 13 28 14 39 15 42 16 28 18 25 19 20
3 9 2 13 4 23 5 18 9 23 10 24 11 44 14 32 15 26 18 25 10 2 49 3 37 6 27 8 31 9 48 12 49 14 36 15 44 16 19 17 18 7 3 42 5 42 6 49 7 43 15 22 18 49 19 20
8 6 1 18 2 31 4 39 9 11 16 36 18 38 3 6 29 15 26 16 31 7 3 17 4 33 11 36 14 43 15 41 16 23 20 17 3 5 34 6 28 10 30 12 1 22 2 32 4 45 6 32 8 42 9 40 10 18 12 34 14 22 16 21 18 40 20 32 3 3 48 6 19 16 34 7 1 38 4 20 6 43 8 45 9 11 13 41 20 25 9 2 49 6 10 10 50 11 17 13 46 14 35 16 50 19 27 20 24
8 6 5 11 7 21 11 14 12 14 13 17 14 42 10 1 18 2 20 3 12 4 44 5 47 6 25 15 46 18 32 19 34 20 13 11 1 28 2 40 7 44 8 21 10 26 12 39 14 32 16 46 17 49 18 16 19 17 10 1 43 2 50 6 42 7 33 9 39 12 37 13 12 14 21 19 39 20 22 4 1 13 8 19 12 29 14 31 3 5 39 7 13 13 32 5 3 37 9 29 11 34 14 44 20 36 9 3 29 4 10 5 11 9 10 12 10 13 17 14 23 15 38 18 26
5 6 1 40 4 25 9 42 15 21 16 22 17 21 5 8 37 11 20 16 19 18 23 19 25 7 2 41 4 35 8 33 9 39 11 44 19 36 20 37 4 1 32 2 48 19 15 20 17 11 4 46 5 15 6 28 8 13 9 18 10 35 11 47 13 34 14 24 16 15 18 30
8 8 1 31 2 39 6 31 8 16 12 23 13 17 16 42 17 24 11 2 11 5 16 6 22 7 50 9 44 11 15 15 25 16 42 18 33 19 29 20 16 11 1 40 2 38 5 25 6 24 8 41 10 12 12 14 13 13 17 37 18 33 19 22 9 2 15 3 50 4 12 8 44 10 19 12 34 16 20 17 40 18 39 8 1 49 2 34 7 10 9 49 10 33 14 34 19 35 20 16 4 5 15 6 11 18 40 20 30 11 1 34 4 22 6 17 8 26 10 47 11 18 12 42 14 50 16 47 18 36 19 47 4 4 30 13 35 16 44 17 37
3 6 9 20 11 21 13 11 18 36 19 46 20 46 5 2 10 8 22 11 32 17 44 20 13 11 1 43 2 32 5 24 8 28 9 45 10 44 12 25 13 15 15 48 16 21 19 38
4 5 7 13 10 41 15 47 17 50 20 22 5 3 40 13 15 17 41 18 38 19 16 4 1 21 2 13 8 41 10 24 9 2 50 3 49 5 14 8 42 10 27 11 50 13 43 15 10 16 11
5 3 1 24 3 25 20 13 5 1 10 4 15 9 15 18 25 19 46 5 3 39 4 41 5 19 12 27 18 28 6 2 43 10 29 11 37 13 45 14 46 15 16 8 7 29 8 41 10 12 11 50 13 47 17 16 18 28 19 42
4 10 1 32 3 37 4 17 6 46 7 40 8 44 9 50 12 47 17 34 20 44 4 5 49 13 47 14 17 19 34 12 1 39 6 28 7 44 9 37 11 33 12 48 14 38 15 38 17 30 18 48 19 39 20 41 9 1 36 2 43 6 18 7 22 8 25 15 40 16 25 17 24 18 46
5 6 3 41 6 45 7 42 9 35 10 31 15 38 3 8 33 15 26 18 35 3 3 39 5 23 12 18 4 1 42 7 38 8 45 11 47 5 1 47 6 32 17 31 19 41 20 35
7 12 1 48 2 10 7 36 8 18 10 22 11 15 14 32 15 28 17 24 18 29 19 28 20 49 4 10 10 15 50 16 44 19 28 11 3 50 4 30 5 47 9 34 10 25 13 26 15 22 16 37 18 33 19 13 20 49 7 3 10 4 42 5 48 13 34 14 20 15 45 18 41 3 3 16 5 33 8 35 9 1 27 2 31 3 49 8 46 15 48 16 20 18 12 19 40 20 15 11 1 12 2 30 4 12 5 22 6 29 7 34 9 16 10 50 15 15 18 40 20 25
6 7 3 32 7 33 9 29 14 30 16 15 18 21 20 25 6 3 49 10 15 11 32 12 36 14 35 19 22 3 7 24 13 42 20 36 7 1 26 2 23 5 30 8 21 11 30 13 10 17 14 12 1 50 3 40 5 41 7 42 8 50 10 16 11 23 12 26 13 14 14 29 17 31 18 19 7 3 30 9 23 11 32 14 11 18 46 19 11 20 26
7 6 2 34 3 23 9 48 12 19 15 48 17 26 9 1 49 2 47 4 16 5 21 7 37 12 27 14 25 15 43 17 26 10 1 23 2 25 4 46 6 19 7 25 10 35 16 18 17 30 18 47 20 24 5 4 17 12 48 14 20 16 28 18 46 4 1 11 5 37 7 21 17 25 11 2 41 4 38 6 35 7 17 8 46 9 37 10 10 14 41 17 49 18 15 19 16 10 2 33 4 23 5 15 8 33 10 25 11 32 12 37 13 20 18 44 20 39
8 5 1 46 9 26 10 16 12 27 18 38 10 2 28 3 34 5 45 6 20 9 16 11 35 14 22 17 34 18 18 20 48 10 1 38 7 24 10 19 11 20 12 23 13 18 14 18 15 26 17 20 18 37 6 3 31 7 26 13 16 15 28 16 31 18 18 11 1 15 5 38 8 37 9 29 10 23 12 27 13 27 16 14 17 10 18 32 20 39 12 2 27 3 29 4 27 6 44 10 24 11 27 12 33 13 17 15 46 16 47 18 33 20 30 3 15 30 16 26 18 41 5 1 37 4 37 11 21 15 32 18 10
4 4 1 29 6 22 14 38 19 38 4 9 20 10 28 16 43 18 26 12 1 30 4 37 5 45 6 18 9 13 11 45 12 13 13 42 14 21 15 11 17 40 18 42 3 17 21 19 20 20 12
8 12 1 50 3 32 4 26 5 41 6 46 10 15 11 23 12 13 13 20 17 41 19 47 20 18 12 1 48 3 45 6 18 8 33 11 39 12 46 13 46 15 42 16 43 17 25 19 31 20 49 7 2 20 3 29 6 13 7 45 8 10 14 39 18 40 3 1 44 8 16 16 41 4 2 19 11 28 12 34 13 10 11 2 18 3 42 6 36 9 34 12 12 13 11 14 46 16 47 17 49 18 39 20 28 12 1 41 4 25 5 40 6 18 7 32 9 49 10 11 15 16 16 19 18 30 19 48 20 46 9 3 46 4 38 7 44 9 37 12 50 13 41 17 14 19 31 20 29
6 5 3 47 11 29 16 38 19 41 20 13 3 3 13 15 24 19 33 6 2 50 5 40 8 21 12 22 13 27 20 10 8 2 27 3 24 4 44 11 39 12 13 14 34 16 17 17 14 8 4 17 5 49 10 19 11 34 15 30 18 47 19 31 20 17 10 2 15 4 23 5 38 7 26 8 11 9 10 13 15 14 46 15 44 18 13
147 85 103 104 92 146 79 154 145 115 42 86 66 89 111 133 52 103 108 65 95 108 136 49 146 156 91 96 57 65 63 56 99 97 97 127 96 57 109 81
3 3 1 2 2 1 3 1 2 3 3 2 3 1 2 2 2 2 2 2
# Instance ID: 51
# Total operations: 250
# Actual flexibility: 0.368
# Generated: 2026-02-14 14:26:22
# Format: Extended Brandimarte for MOFJSP (Comparison Dataset)