30 20
7 11 1 41 2 37 4 32 5 29 6 36 7 16 13 26 15 16 18 16 19 47 20 16 3 4 24 10 46 15 15 5 8 28 9 45 11 10 17 16 19 18 10 2 42 3 31 5 22 6 48 7 10 11 47 12 16 15 38 16 28 20 27 10 1 20 4 20 9 46 10 50 11 12 16 35 17 26 18 16 19 48 20 49 9 2 36 4 26 5 30 8 18 10 36 11 50 12 30 18 45 19 38 5 1 30 6 36 8 21 13 36 17 12
3 3 1 47 12 44 18 11 4 1 10 17 25 18 10 20 10 8 5 40 7 50 9 20 12 50 13 19 14 13 15 22 18 10
6 10 2 47 3 39 4 34 10 35 12 20 13 17 14 33 17 27 18 14 20 32 4 2 10 15 18 18 39 19 18 12 3 34 4 22 5 45 6 47 7 50 9 44 10 41 13 27 14 49 18 30 19 32 20 48 4 2 33 5 33 8 43 18 42 8 4 43 5 48 7 16 8 37 9 15 11 48 15 11 17 32 8 1 47 3 36 7 15 11 27 12 47 16 48 18 13 20 49
4 7 1 21 3 39 6 48 11 42 14 49 15 16 17 27 8 3 42 4 27 8 31 9 43 11 29 17 44 18 40 19 27 12 2 11 3 41 6 21 7 11 9 13 12 45 13 50 14 11 16 32 17 39 19 11 20 15 12 3 32 6 33 7 50 10 36 11 42 13 11 14 45 15 27 16 37 17 48 19 10 20 10
8 4 4 23 5 34 11 19 18 27 5 1 18 2 32 10 17 16 46 20 12 9 1 41 5 20 6 28 8 44 9 40 10 41 14 28 15 39 18 34 6 2 44 3 48 7 11 11 49 15 16 18 13 3 8 39 9 29 14 50 4 1 12 5 19 9 20 17 22 3 11 32 16 39 19 25 6 6 32 7 38 14 33 16 32 17 32 18 18
4 8 6 11 9 37 11 34 13 27 14 42 15 40 17 43 18 20 9 1 31 3 32 4 26 8 35 10 26 14 31 15 25 16 25 17 28 10 5 39 9 10 11 28 12 17 15 29 16 33 17 12 18 31 19 34 20 23 6 2 14 4 43 11 16 14 47 16 35 18 17
3 6 10 27 11 20 12 21 15 46 18 43 20 16 6 3 39 5 15 8 15 10 43 14 10 15 16 9 1 49 5 10 7 47 9 43 10 31 13 48 14 19 15 38 20 16
8 7 4 50 8 29 9 40 10 34 14 43 16 44 18 47 6 3 43 12 40 13 39 14 34 17 29 18 30 11 2 14 3 38 6 46 7 12 10 50 11 11 13 30 16 22 17 14 18 18 19 36 3 11 29 12 13 16 18 11 2 36 3 43 6 15 10 24 11 12 12 41 14 43 15 25 16 38 17 23 20 16 11 4 47 5 21 6 22 8 21 10 33 12 43 13 13 15 21 16 28 17 32 19 30 10 2 28 3 48 4 18 5 42 6 36 13 22 15 18 17 41 18 13 19 19 6 2 14 4 12 5 34 9 10 15 50 18 41
4 9 1 21 5 34 7 23 8 25 9 33 10 35 11 27 16 14 17 35 5 2 31 6 19 16 16 18 33 19 15 7 4 34 5 42 8 33 11 12 12 26 16 29 18 44 8 2 40 5 19 6 20 8 26 11 12 13 30 17 33 20 25
7 3 3 24 4 49 13 11 3 9 48 12 18 17 40 8 1 36 2 45 6 24 7 24 9 31 13 33 16 32 20 35 6 3 26 5 23 9 49 12 46 17 38 18 29 11 2 22 4 43 6 10 8 39 12 49 13 18 14 35 15 50 17 34 18 10 19 46 7 1 39 2 30 9 10 10 31 12 36 15 35 20 32 8 2 18 8 20 10 22 11 20 13 28 14 21 17 12 18 26
5 6 1 16 2 12 3 37 8 46 10 40 13 16 6 3 29 8 19 11 13 13 19 14 45 17 35 4 5 45 6 36 7 17 20 27 3 5 29 10 18 11 19 7 1 24 3 18 5 13 6 10 8 11 10 16 20 22
3 5 6 25 9 31 15 13 17 47 18 41 12 2 21 4 47 6 27 7 43 8 27 10 36 11 41 13 34 16 28 17 13 18 44 19 48 10 1 10 2 39 4 12 5 48 7 13 9 35 12 25 13 25 15 34 19 13
4 5 4 40 7 20 11 36 14 14 16 41 6 5 48 6 44 10 46 11 40 13 38 14 39 6 2 27 5 37 6 20 7 48 10 20 18 20 5 3 22 6 42 7 30 8 21 17 20
3 6 1 11 5 47 11 28 13 12 16 16 20 27 7 3 19 6 26 10 33 11 34 18 38 19 11 20 43 12 2 39 3 27 4 17 5 32 7 22 8 31 10 45 11 24 12 23 17 43 19 38 20 42
3 12 1 40 3 33 5 46 6 32 8 13 9 42 10 21 11 32 12 40 13 18 17 24 18 21 6 1 14 14 45 16 37 18 48 19 29 20 42 7 3 49 10 16 12 27 13 45 15 25 16 33 19 34
8 8 2 10 5 21 8 31 11 18 13 33 14 50 17 26 18 50 4 2 36 4 21 12 29 18 14 5 1 46 14 26 15 13 19 30 20 46 9 2 28 3 30 5 22 7 19 8 11 10 37 14 30 16 27 19 24 5 3 13 8 23 10 40 14 14 18 32 5 2 31 3 36 4 44 7 25 9 11 12 3 28 5 38 6 45 7 39 8 13 10 37 12 38 16 50 17 34 18 28 19 28 20 20 11 1 12 2 16 8 18 9 28 12 28 13 43 14 10 15 33 16 35 18 48 19 50
8 7 4 47 5 11 12 11 16 27 17 26 19 47 20 14 3 2 22 6 14 15 28 12 1 14 2 13 3 39 5 12 6 27 7 23 10 14 12 11 13 32 16 33 17 10 19 23 4 12 45 15 30 17 12 19 34 9 1 24 2 32 4 14 5 31 9 35 12 11 14 46 15 32 18 17 7 2 24 5 44 6 34 15 17 16 16 17 31 20 17 4 3 16 6 26 14 23 16 33 12 1 21 2 30 4 32 5 23 6 17 7 12 8 41 9 22 11 41 13 14 17 21 20 19
5 3 5 12 11 44 15 29 8 1 49 6 37 10 47 12 18 13 30 14 24 17 25 18 36 3 1 14 4 47 8 16 7 1 49 2 38 4 17 6 47 12 18 14 21 17 43 11 3 29 4 31 5 12 6 19 9 35 10 37 11 26 13 21 15 40 18 25 19 44
7 9 1 14 2 20 3 46 6 50 9 18 13 39 14 19 15 27 20 22 3 14 41 16 49 19 43 6 1 41 3 10 13 42 15 18 17 26 19 13 11 2 46 3 21 4 13 6 45 8 21 12 25 13 37 16 34 18 15 19 34 20 20 3 3 47 5 30 15 17 5 2 17 13 15 14 11 17 45 20 27 3 1 40 6 35 8 40
3 6 1 23 8 23 14 47 15 48 17 32 20 12 9 1 11 6 43 12 11 13 12 14 31 15 13 16 48 19 13 20 45 6 2 47 6 42 12 12 14 32 17 33 20 37
4 7 3 36 4 14 5 35 10 13 16 33 19 10 20 21 12 2 49 3 44 5 23 9 36 10 41 11 43 13 26 14 49 15 10 17 25 19 18 20 15 10 1 12 3 27 4 22 6 41 7 31 8 22 9 16 13 31 15 38 16 32 5 2 12 6 22 8 47 11 13 13 23
6 9 6 33 7 23 8 30 10 14 14 30 15 25 16 26 17 41 18 28 6 1 13 3 39 4 44 5 12 16 11 20 23 10 1 19 3 25 4 26 9 16 11 35 16 10 17 48 18 49 19 11 20 46 10 2 11 4 41 7 35 10 26 12 29 14 27 15 48 16 13 17 27 20 24 12 3 16 5 11 7 31 8 27 10 12 12 20 13 34 14 11 15 21 17 43 18 29 19 36 8 3 35 5 26 7 49 9 46 11 23 14 22 19 47 20 38
3 7 2 28 3 45 4 38 6 36 7 15 9 50 12 29 7 7 12 8 49 9 13 13 42 15 31 18 38 19 31 6 2 43 7 23 10 26 13 21 15 46 20 11
3 3 6 41 10 44 20 31 5 3 14 7 20 10 17 11 37 13 41 9 1 42 2 49 3 38 6 42 7 20 14 29 17 18 18 33 20 36
5 8 1 50 5 29 7 28 9 50 11 31 12 11 17 24 18 46 11 1 26 2 28 7 48 9 43 10 35 13 12 15 18 16 48 17 35 18 31 19 24 5 3 11 7 40 8 11 12 39 18 48 4 2 41 10 43 17 37 20 11 4 2 25 8 27 12 30 17 14
7 5 5 27 9 15 12 42 17 23 20 22 10 3 11 4 39 5 29 6 24 10 43 12 18 13 12 16 22 17 48 18 32 3 2 37 15 38 17 38 8 1 50 2 50 6 34 7 13 8 24 11 35 12 38 20 23 6 3 27 6 15 8 32 9 15 13 37 18 24 5 3 27 11 42 14 20 18 26 20 25 9 3 33 8 41 9 40 10 22 11 13 12 34 15 14 17 26 18 35
6 3 3 15 9 48 16 34 7 1 42 2 22 5 31 7 48 11 37 16 18 19 38 11 1 29 3 40 4 17 5 28 6 32 7 17 8 22 16 38 17 27 18 10 19 18 11 3 33 4 34 6 21 7 39 8 33 10 26 11 31 12 26 14 10 16 24 19 29 12 3 21 4 13 5 47 6 26 7 38 8 12 10 31 12 26 14 26 15 41 17 35 19 32 11 1 27 3 25 7 42 8 44 10 31 12 19 13 43 15 38 16 14 18 32 19 43
8 6 1 47 5 49 8 39 9 25 14 45 20 30 7 2 26 5 44 6 10 9 29 10 37 13 42 20 43 9 2 21 4 41 5 20 11 29 13 38 14 39 15 16 18 17 20 32 10 2 14 3 41 6 23 7 34 14 40 15 15 16 25 17 43 18 41 20 22 4 1 46 3 17 7 35 10 37 9 4 46 6 37 9 40 10 35 12 21 13 14 14 42 16 18 17 21 7 5 45 6 37 7 38 8 12 9 39 15 16 19 35 10 3 33 6 21 8 22 9 30 10 19 12 48 15 42 17 13 19 11 20 49
8 6 3 31 5 27 8 18 10 28 15 40 18 16 4 6 21 11 14 12 45 17 17 12 1 48 3 22 7 17 8 23 11 16 12 35 14 29 15 30 16 25 18 45 19 22 20 22 9 1 25 4 21 6 15 10 12 11 16 12 20 14 31 15 29 19 35 10 1 10 2 33 3 37 4 44 8 18 10 33 11 45 12 22 15 21 16 12 4 7 33 9 34 10 22 11 35 10 4 29 7 29 8 29 9 47 11 42 14 17 16 11 17 35 19 22 20 18 9 1 27 5 18 7 47 12 28 13 19 14 49 15 49 16 18 17 14
4 4 6 26 9 23 15 50 20 31 3 14 20 16 13 18 46 12 1 22 2 47 3 48 4 12 5 16 7 33 9 10 11 33 14 49 16 32 17 29 18 41 9 1 29 2 11 3 10 4 30 9 27 13 36 14 43 18 11 19 15
123 56 72 48 147 62 52 141 78 111 76 48 64 38 49 111 107 77 111 54 54 101 48 51 94 91 84 104 148 73
3 3 1 3 1 3 2 3 2 1 1 3 1 3 1 1 2 2 2 2
# Instance ID: 48
# Total operations: 157
# Actual flexibility: 0.361
# Generated: 2026-02-14 14:26:22
# Format: Extended Brandimarte for MOFJSP (Comparison Dataset)