40 20
4 4 4 32 5 38 6 27 13 42 12 1 30 6 14 7 46 8 27 9 24 10 26 12 18 13 31 14 27 16 42 18 19 19 50 8 1 46 3 26 5 38 6 33 12 10 13 28 17 37 18 33 6 3 42 5 45 6 11 9 24 10 19 11 36
7 3 6 28 16 45 19 11 8 4 32 7 20 13 12 14 16 15 43 17 45 18 48 20 39 9 1 37 2 37 3 32 4 25 9 33 14 45 15 14 19 45 20 47 11 2 20 4 50 5 25 6 45 7 32 9 32 11 17 12 32 13 16 15 11 19 47 6 1 42 8 44 9 10 13 26 14 44 15 10 11 1 17 2 15 3 33 5 37 6 36 7 25 12 50 15 17 16 14 17 11 18 42 7 7 24 10 43 11 16 12 19 14 26 15 11 18 16
3 7 5 37 9 15 13 31 16 49 18 16 19 11 20 17 7 4 10 6 27 11 22 15 16 17 14 18 22 20 42 10 1 24 2 31 3 32 7 49 8 49 11 41 12 17 15 40 18 40 19 38
3 5 2 15 4 34 10 21 13 30 14 46 8 7 18 8 44 9 11 10 42 12 48 13 22 15 41 19 19 8 4 45 9 22 10 41 12 30 13 11 14 16 19 29 20 45
5 4 1 25 2 35 6 27 16 35 8 2 21 3 22 8 41 12 32 13 29 14 22 16 30 18 29 10 1 28 2 44 3 34 4 46 7 49 8 23 11 31 16 42 18 43 20 22 12 2 28 4 29 6 26 7 32 9 11 10 24 11 21 12 22 13 17 15 19 16 26 18 50 11 3 16 4 33 5 48 6 34 9 30 10 29 11 31 16 44 17 19 18 40 19 23
5 10 1 27 4 20 6 27 9 17 10 43 13 30 14 11 16 28 17 43 18 47 3 1 35 13 41 20 10 11 1 11 3 46 4 21 5 40 9 23 12 24 13 43 15 30 16 19 17 45 20 48 5 1 41 5 20 11 14 13 44 16 20 8 2 40 3 31 4 25 12 35 15 24 16 48 18 38 20 44
7 9 2 25 4 49 5 36 8 44 9 20 13 20 14 47 15 42 20 22 6 2 40 3 45 11 23 14 10 15 13 19 22 3 10 26 12 15 13 30 11 3 44 6 23 8 22 9 16 10 44 11 25 13 49 15 11 16 18 18 15 20 30 10 1 19 2 42 3 40 5 47 7 28 8 40 12 24 14 15 15 14 17 10 12 2 45 3 45 4 33 5 40 7 13 10 16 12 33 14 44 15 48 16 36 17 40 18 16 12 1 49 3 43 6 12 7 23 8 18 10 38 11 23 12 46 14 46 17 36 19 37 20 34
8 5 1 28 3 14 7 20 15 44 19 23 12 1 18 3 10 4 27 6 41 9 24 11 11 12 16 13 47 15 18 16 26 17 46 20 11 10 2 23 4 32 6 36 9 39 11 19 14 11 16 40 17 14 19 47 20 11 4 8 18 9 39 16 21 20 21 3 12 44 17 10 19 49 3 3 39 4 28 12 44 12 1 25 4 50 5 44 7 48 8 27 9 14 13 33 14 20 15 25 17 32 18 47 20 43 5 2 35 3 33 5 16 13 33 20 14
3 10 4 35 5 50 6 36 7 28 8 38 9 49 11 43 15 28 16 50 18 37 8 1 13 5 16 7 30 8 18 9 38 12 35 19 32 20 12 12 2 48 6 22 7 49 8 36 9 24 12 18 13 21 14 47 15 49 16 17 19 48 20 26
7 8 4 47 7 41 8 14 9 21 10 25 13 36 14 24 16 12 9 2 40 4 44 7 13 8 15 9 45 10 39 15 14 16 36 18 34 12 2 18 3 38 5 27 6 18 7 12 8 50 9 38 14 42 15 28 17 21 19 50 20 39 4 3 31 7 35 15 29 20 45 9 4 34 5 15 8 39 9 30 10 48 14 10 15 42 18 42 19 50 10 1 17 2 35 3 12 4 20 5 30 9 25 12 25 13 26 14 28 15 14 4 1 14 2 24 6 46 19 18
5 4 1 43 5 49 14 22 18 39 3 6 36 16 25 20 25 5 1 19 2 23 7 20 8 44 19 30 5 1 34 2 18 4 18 5 27 9 16 10 1 42 2 42 5 20 7 26 10 39 11 37 13 48 17 11 18 50 20 20
5 12 1 11 3 50 5 20 6 37 9 49 13 18 14 39 15 45 16 20 17 49 19 41 20 20 8 4 38 5 27 6 13 7 14 16 21 17 34 19 44 20 27 12 1 17 2 19 3 26 4 43 6 25 7 44 10 21 11 38 12 48 14 13 15 34 18 50 8 8 31 9 27 10 17 11 23 12 18 15 24 16 37 19 34 4 6 24 12 12 14 45 19 14
3 12 1 27 3 19 5 13 6 32 7 20 9 36 10 41 13 22 14 43 15 42 19 49 20 10 10 4 49 7 31 8 28 11 12 12 11 13 20 15 18 16 10 17 20 19 37 10 1 41 3 11 4 20 6 40 8 22 12 50 14 11 17 24 18 43 20 21
6 3 1 23 2 47 20 10 4 2 13 4 46 18 21 19 45 5 1 42 4 16 7 31 16 17 17 28 4 6 33 14 28 15 13 17 15 9 4 13 5 46 6 40 8 47 9 15 10 30 12 29 17 20 20 21 3 7 18 12 43 18 24
4 10 3 23 5 21 7 26 10 19 11 28 12 35 13 35 15 13 16 29 17 41 5 5 21 9 11 17 49 19 11 20 10 4 2 14 4 37 8 13 10 48 10 1 16 2 49 3 23 4 32 5 12 9 42 12 10 14 33 15 27 20 21
5 6 3 17 6 45 8 17 10 25 12 26 16 21 11 1 30 3 24 4 39 8 47 9 50 10 47 12 46 14 16 17 32 18 31 19 41 5 4 43 10 16 13 37 16 18 18 45 5 4 26 5 24 7 50 13 28 20 17 12 1 30 3 27 5 50 6 34 7 25 8 18 10 15 11 45 12 21 13 38 15 11 20 10
8 9 1 29 4 40 5 36 9 12 14 50 17 41 18 41 19 48 20 42 12 4 48 5 43 6 31 8 19 9 30 10 45 12 42 13 13 14 29 17 46 18 35 19 20 8 1 30 2 24 6 48 8 31 11 23 12 14 13 22 19 14 6 3 40 5 31 10 14 11 38 12 27 16 25 4 5 15 6 47 14 38 20 25 4 6 37 10 33 12 29 15 21 8 1 26 4 35 10 16 11 17 12 37 13 10 14 44 17 17 3 10 20 11 32 16 29
8 11 1 11 2 22 4 10 6 35 9 17 11 32 12 28 13 40 14 15 17 13 18 30 10 2 47 4 29 8 50 12 18 13 39 15 14 16 12 18 13 19 22 20 36 9 1 49 5 43 7 45 8 14 9 32 12 47 14 27 18 31 20 37 3 11 30 13 47 19 46 4 6 40 9 30 11 13 19 48 3 4 31 13 22 20 50 9 1 25 3 10 4 11 8 29 9 32 13 20 16 12 17 43 20 20 6 1 15 2 28 8 47 11 35 13 22 17 42
5 9 2 17 3 48 5 14 9 40 11 13 14 34 16 19 17 19 18 50 4 5 36 10 10 16 22 18 19 3 1 20 7 49 20 17 8 4 47 5 45 9 16 10 17 12 19 13 17 19 12 20 31 12 1 19 3 30 4 36 5 41 6 25 7 21 9 20 11 48 12 17 16 38 18 16 19 20
6 6 1 49 2 22 6 27 10 24 11 34 18 42 11 1 46 2 22 4 11 6 11 7 50 9 48 12 12 13 25 14 42 18 40 19 30 8 3 18 5 24 8 22 9 27 13 27 14 25 15 11 17 26 10 1 22 2 48 3 32 5 28 6 16 10 28 12 46 13 17 16 37 18 17 4 3 19 5 30 9 36 17 15 12 2 39 3 40 4 19 5 40 6 35 7 48 8 10 9 32 12 33 13 32 19 48 20 10
6 11 1 27 4 23 5 13 7 38 10 28 13 48 14 42 17 21 18 13 19 48 20 40 9 1 21 2 19 3 35 5 49 11 46 13 32 15 15 17 48 20 13 9 1 12 3 37 4 31 5 41 6 16 10 19 16 45 19 41 20 32 6 1 22 2 37 7 13 10 29 17 46 18 28 10 4 21 5 39 6 16 9 45 12 47 13 45 16 11 17 28 19 30 20 39 9 6 29 9 40 12 50 14 11 16 40 17 19 18 17 19 40 20 37
7 12 1 29 2 13 4 35 5 25 8 49 12 33 13 49 15 13 17 40 18 10 19 12 20 49 10 2 11 4 47 6 10 8 47 10 22 15 23 16 15 17 43 19 36 20 42 6 3 34 9 49 11 25 12 35 17 34 19 34 6 2 17 3 42 10 10 17 40 18 24 19 50 5 4 14 9 49 12 41 17 23 20 27 11 2 11 3 41 5 50 6 33 8 35 12 42 13 37 14 45 15 11 18 28 20 41 10 2 46 3 38 6 44 7 39 9 14 12 47 13 15 15 25 19 49 20 21
8 4 2 47 4 28 11 34 16 34 12 3 48 4 27 7 43 9 15 10 24 11 25 13 33 14 18 15 47 16 32 18 27 19 50 3 1 31 10 24 12 11 7 3 36 4 32 5 17 7 45 8 47 10 47 12 49 7 1 44 2 15 3 37 7 42 9 41 10 45 13 50 6 1 11 4 24 6 44 7 31 13 42 19 49 7 2 21 4 16 5 47 6 43 11 22 12 36 16 19 6 1 35 3 11 5 40 12 37 15 15 18 18
7 7 2 44 3 18 5 13 6 40 7 19 9 40 10 48 12 2 46 9 21 10 34 11 37 12 21 13 46 15 24 16 34 17 38 18 26 19 13 20 42 9 1 31 2 41 3 11 6 24 10 29 12 47 14 22 19 32 20 33 6 2 48 4 43 8 41 9 35 13 40 16 48 12 1 28 3 41 4 38 5 39 7 26 8 16 9 32 10 29 12 37 14 22 17 50 18 23 7 1 21 2 47 3 14 4 29 6 22 9 46 10 26 5 2 14 9 31 15 33 17 48 20 39
8 5 2 20 5 39 11 15 12 48 13 18 9 1 39 2 10 7 42 10 25 11 23 12 43 15 43 18 43 19 10 9 5 49 7 50 8 49 9 15 11 38 15 19 18 22 19 31 20 21 11 3 41 4 16 7 11 9 11 10 21 12 23 13 47 14 40 16 38 18 11 19 27 6 2 36 3 23 7 43 10 42 12 42 17 25 5 2 39 4 30 12 26 15 49 17 44 4 1 49 3 45 4 15 18 36 9 1 40 2 16 3 27 4 25 5 45 9 28 17 12 18 16 19 15
4 8 1 13 7 13 10 39 11 12 15 31 17 30 18 23 20 11 12 3 13 4 17 5 38 7 41 9 37 10 21 12 35 14 13 15 49 16 26 17 49 20 19 10 7 45 8 20 10 35 11 13 12 35 13 48 15 19 16 45 19 11 20 29 4 7 12 12 25 15 24 18 31
4 3 1 34 7 35 15 12 3 6 30 11 13 17 23 11 1 39 2 25 3 37 4 38 8 19 9 25 10 15 11 13 14 17 15 11 20 49 7 1 16 4 20 12 10 15 41 16 24 19 11 20 44
3 4 7 17 10 15 13 11 17 31 3 5 31 6 38 15 39 5 3 34 8 17 10 20 11 41 14 22
7 8 4 19 5 19 9 43 10 10 12 42 17 31 18 38 20 34 5 3 36 6 16 7 25 8 31 13 10 5 6 31 10 35 11 42 18 38 19 50 3 2 35 17 23 18 32 10 2 39 4 21 5 44 6 21 13 49 16 16 17 21 18 38 19 15 20 35 7 1 36 2 43 4 26 8 14 11 14 13 37 18 12 5 2 18 3 32 4 44 5 29 6 41
5 5 8 42 10 46 15 24 17 36 19 46 11 1 45 2 15 4 23 5 40 6 27 8 21 10 16 11 29 16 15 17 30 18 40 3 5 17 12 13 19 27 9 1 29 2 28 6 41 11 36 13 16 15 28 18 46 19 27 20 22 7 1 36 2 42 3 16 8 48 12 29 13 33 14 39
7 8 6 48 8 39 9 18 11 47 12 30 13 33 18 10 20 32 8 1 15 3 30 4 29 5 10 8 49 9 46 11 20 19 21 12 3 32 4 27 5 33 6 48 7 47 8 30 9 39 10 21 13 37 14 23 16 29 19 43 8 1 48 2 39 5 20 8 48 11 34 13 39 19 44 20 20 11 1 12 3 36 5 18 6 13 9 46 10 50 13 29 15 24 16 28 17 17 20 10 5 1 17 2 14 4 25 7 18 8 34 6 8 36 10 37 14 36 16 43 18 35 19 40
5 6 4 46 8 15 9 21 12 20 15 15 17 48 3 7 12 9 30 13 36 12 2 29 5 18 7 14 8 14 9 10 10 36 11 38 12 10 13 49 14 49 15 50 17 12 8 2 15 6 31 7 16 8 50 11 45 13 39 14 16 15 12 7 1 35 9 24 10 44 13 46 14 45 15 47 18 19
6 5 2 26 3 50 10 49 17 41 19 46 3 8 30 11 42 16 13 8 4 20 8 38 9 32 10 12 12 10 14 36 19 46 20 20 4 1 30 7 11 11 36 18 40 7 2 24 4 12 7 25 11 47 15 25 17 40 18 32 11 1 28 2 47 4 30 5 39 7 14 8 44 10 14 12 23 16 26 18 17 20 13
7 5 1 46 4 16 13 44 14 31 20 23 9 1 40 2 10 3 21 7 30 8 43 10 49 14 17 16 18 18 40 4 6 35 8 44 16 30 20 41 11 2 24 3 14 5 42 7 32 9 33 10 18 11 30 12 36 14 39 18 34 19 41 11 1 15 2 15 4 32 7 23 10 28 11 11 13 50 15 30 17 19 18 29 20 18 9 7 10 9 13 10 39 13 45 14 21 15 42 18 17 19 35 20 10 7 1 28 4 46 8 40 9 12 11 23 14 45 16 25
6 7 1 32 2 41 3 50 4 40 6 13 8 14 20 44 6 1 21 9 26 10 32 16 34 17 10 20 49 7 1 18 3 22 4 46 5 50 7 25 8 32 18 27 3 8 15 12 24 15 22 11 2 30 3 50 6 40 7 24 9 33 10 15 14 30 15 28 16 46 19 34 20 13 9 2 27 3 23 5 28 8 35 14 45 15 24 17 26 19 43 20 30
4 7 4 48 8 43 11 12 14 11 15 30 18 42 19 24 5 8 13 13 37 14 24 16 13 19 14 10 2 45 3 25 5 24 6 21 8 44 10 31 15 49 17 34 19 45 20 24 7 1 34 3 32 4 15 11 30 12 16 14 23 18 42
4 5 5 34 6 31 7 42 14 45 20 24 7 1 29 2 44 5 44 11 19 12 30 13 19 20 34 10 2 28 3 12 6 49 7 29 9 42 10 39 12 14 17 43 18 43 20 18 12 1 43 2 10 3 50 5 37 6 16 7 43 11 38 14 13 15 11 16 15 18 23 20 36
3 8 1 38 3 35 4 48 5 16 6 25 7 35 18 29 20 38 5 11 44 12 27 13 21 18 16 19 20 5 7 26 11 16 17 26 18 25 20 12
7 4 6 39 9 24 13 35 19 22 5 3 12 4 26 8 24 11 11 12 44 3 8 15 10 12 11 12 5 2 28 10 40 11 37 12 48 15 15 10 3 16 4 40 5 19 7 42 8 29 9 40 10 15 11 19 12 38 17 17 12 2 25 4 24 5 23 6 13 8 37 9 33 10 32 12 49 13 38 16 35 18 14 20 25 8 1 49 3 37 5 16 8 41 11 39 15 11 18 12 19 15
6 5 2 14 11 38 12 21 18 47 20 27 11 2 25 4 33 7 29 8 12 9 33 10 18 13 30 14 35 18 26 19 11 20 34 3 10 23 11 18 13 48 3 2 49 17 31 18 10 12 1 19 3 48 4 44 6 21 7 20 11 31 12 10 15 32 16 25 17 42 18 35 20 30 6 3 26 5 19 7 13 9 46 11 26 16 15
56 138 51 43 97 98 92 122 52 84 94 78 48 92 78 97 121 114 86 108 115 86 127 96 137 69 67 53 134 63 114 83 87 88 107 71 79 36 99 81
2 1 3 3 1 3 1 3 1 3 2 3 2 2 3 3 3 3 3 3
# Instance ID: 59
# Total operations: 221
# Actual flexibility: 0.371
# Generated: 2026-02-14 14:26:22
# Format: Extended Brandimarte for MOFJSP (Comparison Dataset)