100 30
3 7 12 10 17 35 20 45 21 10 26 49 28 50 29 10 10 5 37 6 31 8 18 9 17 12 26 13 48 14 33 20 48 24 11 26 18 17 1 11 4 48 6 29 8 39 12 49 14 20 15 12 19 16 20 21 21 47 22 24 25 35 26 10 27 18 28 31 29 47 30 45
7 7 1 18 2 21 10 24 12 13 14 16 17 37 30 15 14 2 12 6 15 8 28 12 48 13 17 16 34 17 28 22 18 24 22 26 22 27 34 28 13 29 47 30 48 13 5 25 6 47 7 30 9 29 11 28 12 50 18 34 19 25 23 50 25 18 26 33 29 20 30 49 13 4 45 6 20 8 49 9 18 12 13 13 49 15 24 20 21 22 42 24 20 25 35 26 39 29 46 11 2 21 4 49 8 16 12 41 18 14 24 43 25 28 26 34 27 31 29 44 30 16 16 1 21 2 36 3 27 5 27 7 16 8 12 12 41 15 31 18 13 20 16 21 18 22 35 23 35 26 17 29 49 30 32 6 5 16 7 30 11 20 19 45 24 23 30 21
6 16 1 16 2 33 5 46 7 15 8 50 10 23 11 37 12 19 17 40 18 43 19 38 20 32 24 13 26 11 27 44 30 40 11 4 37 5 22 7 40 10 48 11 50 14 31 16 32 18 50 22 13 24 19 29 24 17 1 47 2 21 4 38 5 14 8 10 11 40 14 33 15 47 16 45 18 37 19 11 22 27 23 44 24 36 25 20 27 44 28 27 9 2 45 7 29 9 43 17 48 18 44 19 23 20 40 23 43 24 42 15 2 35 3 42 6 21 7 13 8 49 9 43 12 29 13 34 17 24 19 11 20 10 21 31 23 14 24 21 29 20 6 5 30 6 16 9 32 19 17 26 39 29 12
4 7 1 20 3 28 13 21 22 13 24 26 26 32 30 24 5 1 36 5 38 20 18 21 35 26 20 10 2 34 4 31 10 15 13 20 15 28 16 47 19 28 23 48 28 16 30 17 15 2 16 8 31 10 37 11 42 12 26 13 41 16 17 17 30 19 31 20 13 21 44 24 32 25 49 29 34 30 29
3 7 1 50 3 40 4 14 14 11 19 18 23 45 26 44 14 3 18 12 29 13 15 15 31 16 25 17 37 18 49 19 15 20 48 22 35 25 43 26 50 27 23 30 47 6 1 40 4 35 13 12 15 11 23 32 29 34
5 15 1 21 2 31 3 31 4 27 5 33 6 43 8 37 13 28 14 32 15 46 18 20 19 34 20 21 24 44 30 37 18 3 30 4 50 7 40 8 15 10 28 12 36 15 33 16 25 17 39 19 13 20 44 21 23 22 50 24 37 25 37 26 24 29 35 30 37 15 2 25 5 38 6 28 7 23 8 27 10 11 11 34 13 30 14 36 15 27 18 47 22 33 23 41 29 46 30 39 5 3 35 4 11 5 43 20 26 21 46 9 5 14 8 25 10 45 11 38 12 23 13 17 23 40 24 21 29 29
8 17 2 27 3 33 4 22 6 11 7 19 8 35 10 27 14 20 19 31 20 34 22 21 23 44 24 23 25 46 26 48 27 26 29 25 13 3 11 4 26 6 45 8 38 12 33 13 37 14 33 16 10 20 12 21 41 25 41 26 37 27 12 17 2 14 4 41 5 38 6 36 7 24 8 44 11 49 12 43 13 18 14 16 17 36 21 31 22 10 23 34 25 14 26 16 29 41 13 2 20 8 47 9 49 10 25 12 42 13 32 19 17 20 18 21 38 23 43 25 42 26 20 29 45 18 2 38 3 47 4 41 6 20 7 37 8 19 9 34 10 49 11 36 12 40 13 35 15 27 16 18 18 21 22 23 23 11 29 42 30 27 7 5 50 6 50 9 46 11 24 15 23 16 32 27 36 9 3 24 9 14 12 34 13 10 17 39 21 45 22 13 26 20 28 41 17 1 48 4 13 5 44 6 30 11 32 12 47 13 28 14 28 16 29 17 17 18 16 19 28 20 33 24 39 26 15 28 27 30 29
4 15 3 26 5 36 6 29 7 28 8 26 10 20 11 41 12 27 16 11 19 25 22 13 26 38 27 22 29 47 30 17 6 7 37 10 23 16 15 18 10 22 18 24 49 12 1 11 3 12 6 47 7 30 8 40 13 28 16 17 19 16 21 24 22 40 23 31 28 38 17 2 20 3 28 5 47 7 37 8 19 10 30 11 13 12 49 15 28 18 50 19 28 21 28 24 32 26 30 27 20 28 45 29 40
5 10 3 43 10 37 12 34 13 13 14 42 21 43 22 29 24 29 26 14 29 40 11 3 39 6 32 13 11 15 31 16 15 18 20 19 38 22 35 23 19 24 27 27 49 4 20 36 23 27 28 26 29 49 6 6 24 8 35 15 30 17 15 24 31 28 43 9 1 26 4 14 6 29 9 42 15 17 17 21 18 12 22 17 26 17
6 8 4 48 8 14 14 41 19 13 20 28 22 14 27 32 28 14 10 1 35 2 34 4 15 14 26 16 34 17 15 18 43 19 44 23 45 28 37 17 2 27 4 29 5 18 6 19 8 48 9 39 10 35 11 15 13 11 14 44 15 24 16 19 20 19 21 32 23 44 25 28 27 29 7 2 17 7 18 11 50 12 14 19 32 24 33 27 38 6 4 20 6 15 9 12 18 13 22 41 28 12 9 1 21 2 46 3 41 4 19 8 25 9 24 16 22 26 50 30 12
7 11 2 13 6 14 8 13 11 19 16 48 17 35 18 36 20 24 23 22 26 16 27 45 16 2 17 3 25 6 19 8 38 9 19 10 50 11 36 12 11 13 28 14 23 17 42 21 36 25 32 26 37 27 10 28 45 4 11 16 13 44 25 47 29 44 9 3 15 5 21 6 26 7 32 9 14 10 11 20 18 26 19 27 36 18 3 47 5 25 7 32 8 24 9 48 10 20 11 43 12 18 14 13 15 10 16 22 17 16 18 25 20 20 24 18 26 42 29 35 30 39 11 1 43 3 13 5 12 8 47 10 40 11 49 14 50 18 15 21 41 29 28 30 36 11 1 19 3 39 9 47 12 50 14 13 15 17 16 32 23 39 24 22 26 30 29 24
4 8 1 46 2 28 3 31 5 37 14 33 15 49 17 46 29 13 9 3 10 5 31 6 41 10 13 11 31 17 48 23 21 24 20 29 33 11 4 20 5 14 6 21 9 16 10 29 11 24 15 11 18 49 19 30 28 26 30 13 6 4 12 19 48 23 38 24 34 27 18 28 18
4 11 3 17 4 25 6 11 16 50 17 23 19 19 22 36 23 26 25 37 26 29 27 22 14 6 25 7 24 8 31 9 38 10 49 11 41 12 48 22 18 23 22 25 11 26 36 27 18 29 23 30 21 8 4 36 11 25 16 22 18 17 19 20 24 46 27 28 30 37 6 1 35 5 15 17 34 25 12 26 30 29 43
6 14 3 28 4 25 6 46 8 32 10 14 12 45 13 10 14 48 16 36 17 15 18 17 19 11 23 15 30 46 11 5 23 12 25 13 47 14 21 16 24 18 41 23 50 26 45 27 16 28 11 29 47 6 1 21 10 12 18 28 21 18 26 20 27 20 14 1 48 2 18 5 36 12 43 13 45 14 34 17 40 19 17 21 25 23 46 24 24 25 19 27 29 28 36 14 1 37 5 29 7 28 8 27 9 38 11 46 14 22 15 26 17 50 22 36 25 16 26 21 29 11 30 22 10 1 26 8 43 10 21 11 20 12 50 15 47 16 27 18 12 23 22 29 39
8 12 3 24 4 35 6 33 7 27 8 25 9 18 15 50 18 16 24 20 25 43 27 18 30 39 16 1 33 5 13 6 35 9 20 11 19 12 21 13 50 14 22 16 33 18 15 20 11 22 32 26 25 27 29 28 17 29 35 12 1 36 2 39 3 32 8 32 10 49 11 29 14 10 15 37 25 28 27 18 28 42 29 14 17 1 32 2 21 4 13 5 27 6 28 7 42 8 17 9 44 11 41 14 10 15 30 17 47 20 23 24 19 26 36 27 39 28 44 8 3 31 15 33 16 31 17 19 22 46 24 42 27 10 30 39 5 3 25 7 28 17 44 28 10 30 34 11 2 48 6 11 8 13 10 13 12 25 13 13 21 21 24 45 26 41 27 45 29 37 7 4 30 10 42 12 13 18 16 22 39 24 20 27 14
3 7 7 46 16 48 20 38 23 13 24 31 25 31 29 25 4 4 40 15 13 22 12 28 15 18 2 43 3 25 6 30 7 46 8 48 9 19 11 43 12 25 16 44 17 10 18 25 19 40 20 27 21 16 23 42 25 19 28 27 29 14
7 11 1 48 3 21 5 42 7 14 9 12 11 21 14 41 16 35 22 12 23 43 30 26 10 1 34 6 27 7 36 8 12 10 15 24 15 25 44 26 45 28 36 30 48 18 2 48 5 11 6 25 7 41 8 26 11 14 12 36 13 42 15 25 17 11 21 22 22 50 23 35 25 39 26 32 27 18 28 17 29 11 5 1 43 6 32 15 32 26 45 27 24 14 3 48 5 42 10 31 13 36 15 17 16 34 17 40 18 46 19 49 22 41 23 25 28 43 29 18 30 34 10 10 24 12 14 14 13 15 14 16 18 18 28 23 34 25 14 27 14 29 44 5 3 34 16 44 18 32 25 46 29 10
4 4 9 11 20 49 27 49 28 19 12 1 28 2 41 10 48 11 28 15 35 20 15 22 46 23 28 27 48 28 11 29 47 30 35 14 1 38 3 40 7 10 8 37 11 49 13 12 16 49 18 30 23 29 24 21 25 31 26 12 27 12 30 38 12 3 15 5 40 7 49 8 36 12 12 13 24 15 28 20 29 22 31 23 35 28 38 30 37
7 17 2 44 3 48 4 16 6 19 7 22 8 41 17 30 18 17 19 45 20 48 22 39 23 35 24 19 25 33 26 38 29 22 30 35 17 2 23 4 15 6 27 8 18 9 11 11 46 12 33 13 20 16 44 17 46 19 27 22 23 23 16 24 47 27 37 29 16 30 26 17 2 10 3 48 5 26 6 49 9 21 12 40 14 49 15 49 16 10 18 49 20 43 21 47 25 16 26 40 27 39 29 45 30 38 5 10 14 14 40 16 14 22 22 26 21 6 4 29 8 50 12 22 19 13 23 21 25 49 4 1 18 8 26 17 18 27 10 7 1 10 3 35 12 37 15 18 16 28 28 26 30 34
4 10 4 48 6 34 8 25 12 25 14 46 15 42 17 38 21 22 27 24 30 23 8 2 14 4 19 11 40 23 16 26 23 27 21 29 40 30 50 15 1 39 2 49 8 48 9 49 10 16 11 22 14 46 15 18 16 39 20 17 22 14 24 37 25 23 26 47 27 24 10 6 32 7 33 8 39 16 19 17 20 22 24 25 29 26 11 27 16 29 27
7 4 6 18 17 43 27 15 30 50 9 6 44 9 15 10 19 12 31 16 44 18 50 21 44 22 46 30 31 11 3 24 6 14 7 17 9 29 16 19 23 29 25 24 26 15 28 36 29 40 30 30 12 6 38 10 48 12 38 13 12 14 47 16 28 22 15 23 50 25 46 26 28 27 24 29 43 7 5 45 9 45 12 17 13 35 19 44 21 13 24 34 15 2 11 3 15 4 16 5 23 6 14 7 50 8 26 9 49 10 16 11 37 15 21 18 13 19 25 24 25 26 20 17 1 33 3 40 4 28 6 12 8 29 10 34 11 24 12 18 13 50 14 44 18 43 19 27 20 36 21 18 23 15 26 45 29 28
5 5 5 50 6 20 20 48 24 19 26 50 11 6 36 9 22 11 43 13 25 15 34 16 30 22 19 23 30 25 44 26 50 29 40 18 1 27 2 17 3 13 4 38 6 20 7 22 8 29 10 48 11 13 12 42 13 36 14 49 16 38 18 15 20 32 21 17 26 21 27 33 4 7 16 19 46 21 10 23 19 5 5 13 16 46 17 21 18 44 21 13
4 8 3 41 6 43 9 26 17 46 24 10 26 50 27 26 28 29 4 8 49 9 23 15 26 21 22 10 1 30 5 42 9 49 13 16 18 39 19 33 21 21 22 35 27 13 30 15 7 5 50 9 28 15 37 20 11 22 46 23 43 30 11
7 11 2 15 3 32 4 31 12 50 16 36 20 10 21 25 22 28 26 35 27 11 28 38 11 1 26 3 25 4 40 9 20 12 25 15 20 18 50 19 42 23 38 25 29 27 47 9 2 27 8 30 10 38 14 26 20 38 26 11 28 33 29 27 30 48 9 3 49 5 13 16 42 17 14 19 37 20 37 22 43 26 34 29 35 15 1 14 4 43 8 48 9 23 11 49 12 26 13 50 16 45 17 27 18 22 21 15 25 42 27 16 28 38 29 40 18 1 31 2 36 3 29 4 35 5 12 8 12 10 42 11 16 12 37 14 35 16 35 19 42 20 33 21 33 22 31 24 29 26 46 27 16 9 2 35 8 27 10 18 12 43 15 34 17 33 20 19 24 23 27 50
3 11 4 41 5 35 10 22 11 44 13 24 14 39 17 19 20 39 24 24 25 19 27 39 5 5 40 8 11 9 10 14 21 21 20 14 3 35 5 49 7 38 9 11 12 39 14 16 15 11 16 45 17 10 19 31 20 33 26 22 28 48 30 32
5 10 4 24 5 44 9 12 10 29 14 10 16 16 17 49 24 38 25 32 26 17 12 4 45 8 21 10 26 14 36 15 13 16 14 18 36 19 26 23 33 26 39 29 11 30 40 16 1 29 3 41 8 30 9 48 10 18 11 14 14 40 15 40 16 42 17 34 18 43 21 18 22 11 23 33 24 23 29 41 15 1 19 8 40 9 16 11 45 12 36 13 27 14 10 16 12 17 28 19 38 24 43 25 49 27 38 29 17 30 42 18 1 24 2 25 3 25 5 18 8 23 9 11 10 36 11 14 12 20 13 27 15 18 16 13 21 34 22 46 25 26 26 35 28 50 30 44
5 17 1 23 6 37 7 25 8 24 9 31 10 45 11 14 12 30 13 26 14 24 19 43 20 10 21 47 22 42 23 16 27 26 28 25 18 1 37 2 41 4 45 5 34 8 47 9 34 10 39 11 27 14 46 15 24 16 13 17 48 18 17 20 49 22 21 26 28 27 48 30 13 7 8 34 9 11 10 13 11 17 23 49 24 12 28 31 8 1 13 7 45 8 45 13 10 14 41 25 29 28 14 29 37 16 1 19 3 46 4 20 8 45 9 39 10 47 13 12 14 24 15 43 16 19 22 40 24 22 25 49 27 40 28 38 29 21
3 12 1 32 10 27 13 26 15 38 18 40 20 24 21 22 23 48 25 22 26 41 28 21 30 11 9 1 35 2 27 5 22 6 24 11 38 14 21 15 50 17 29 22 13 17 2 19 3 39 4 46 6 47 9 34 11 48 14 16 15 19 17 16 18 33 19 36 21 26 22 42 24 49 26 21 27 12 29 11
7 4 8 36 11 29 14 33 17 13 6 1 44 3 38 6 20 8 39 19 17 30 44 5 4 17 15 11 16 41 19 29 27 38 9 4 40 7 47 8 37 9 30 11 32 13 18 21 48 23 18 24 26 6 2 36 9 49 19 40 20 41 28 33 29 28 9 2 27 4 49 5 22 13 45 15 39 18 43 22 42 26 12 30 30 15 5 10 6 33 8 21 9 45 10 29 12 33 14 47 16 16 17 28 18 39 22 41 25 37 26 10 28 42 30 43
6 6 4 42 8 30 20 37 21 38 24 37 29 15 5 1 17 13 50 17 26 22 24 25 18 15 1 26 2 49 3 49 5 44 7 29 9 22 10 25 11 40 12 22 14 49 15 38 16 19 25 18 29 36 30 27 14 1 33 3 35 7 46 11 34 13 42 14 28 16 33 18 17 19 36 22 30 25 22 26 33 28 46 30 23 11 2 27 6 44 9 15 15 21 17 48 18 42 21 43 22 19 26 44 27 28 29 48 7 4 47 10 47 14 30 16 38 21 29 23 30 26 19
3 10 2 10 5 24 10 20 11 37 14 14 20 50 21 30 22 26 23 11 27 12 17 1 27 2 34 4 39 7 35 8 45 11 43 13 49 14 39 17 15 18 31 19 18 20 16 23 11 25 25 26 32 27 23 28 22 11 2 14 3 30 4 36 6 25 7 36 9 42 19 39 20 37 23 20 25 28 30 13
7 6 7 47 9 37 10 32 22 27 23 26 29 20 10 4 20 8 15 10 43 11 38 16 20 19 24 23 42 26 25 27 49 28 36 16 2 29 4 36 7 44 12 29 13 14 15 34 17 38 18 49 19 10 20 41 23 43 25 24 26 25 27 34 28 29 29 31 5 3 29 5 29 15 13 16 17 23 45 10 1 25 3 41 7 29 8 31 11 29 12 19 19 37 23 23 26 42 30 14 12 3 12 5 26 6 33 10 33 11 33 12 40 19 36 20 20 22 38 24 26 27 25 29 24 14 4 11 6 18 8 28 9 12 11 42 14 48 15 30 16 18 17 20 19 33 20 41 23 19 26 42 27 17
3 12 2 40 6 26 9 36 11 40 13 27 14 28 16 24 18 25 19 27 26 43 27 19 29 11 16 1 31 2 23 3 21 4 41 5 14 8 11 9 13 11 50 12 33 14 38 18 30 20 18 21 31 25 23 26 25 27 13 8 1 30 3 36 6 50 14 13 18 24 21 22 24 19 29 40
3 11 1 33 4 10 5 13 8 20 12 39 13 32 14 20 17 18 19 29 23 43 25 18 18 1 41 2 34 3 34 5 36 9 46 10 22 11 10 12 49 13 48 15 20 17 28 19 13 21 31 24 12 25 32 26 14 29 37 30 42 6 2 28 9 28 10 22 11 13 18 41 19 28
4 8 1 27 8 35 9 29 10 22 15 41 18 14 21 12 24 47 6 8 42 10 44 11 47 13 40 22 21 23 18 9 1 43 2 29 5 12 7 10 10 30 19 34 20 41 22 34 26 42 14 7 40 9 12 12 31 13 18 15 22 17 41 18 13 21 31 23 35 24 15 25 30 28 16 29 20 30 40
7 7 2 17 5 25 16 27 17 28 21 22 24 16 27 17 7 1 12 4 11 17 29 20 25 26 30 29 29 30 16 4 3 33 17 26 20 14 23 30 17 2 37 3 39 4 45 5 29 6 45 7 17 8 21 9 46 11 22 13 47 15 49 18 41 19 31 20 27 21 19 26 23 28 22 11 3 24 4 29 8 36 13 49 17 10 18 30 19 15 21 14 23 23 25 33 30 20 12 6 27 9 29 10 44 11 27 14 24 18 47 19 26 20 39 21 41 24 50 25 24 27 34 6 1 10 4 17 6 22 7 38 26 21 29 41
6 5 2 17 9 14 16 46 26 45 29 41 7 1 43 5 45 13 17 15 37 17 40 21 32 28 35 10 1 21 2 22 9 23 11 44 13 14 14 16 21 25 22 29 29 37 30 34 11 1 25 4 23 5 21 6 24 7 38 9 37 16 48 18 31 19 45 24 41 26 26 4 10 48 14 49 22 16 26 26 8 1 32 7 40 10 38 11 44 12 32 15 35 28 45 29 29
4 15 4 25 5 10 7 26 10 22 14 43 15 32 16 38 17 43 18 46 19 27 23 10 24 34 27 27 28 14 30 44 4 2 17 24 27 26 19 27 21 15 2 41 4 49 7 46 8 34 9 24 12 42 13 48 16 37 21 10 23 41 24 30 25 49 26 17 27 36 28 29 8 2 34 11 45 13 24 14 50 18 21 23 18 25 28 26 29
3 4 3 31 8 24 12 24 28 38 18 1 22 2 12 3 34 4 30 5 28 6 48 7 50 8 17 9 28 10 50 12 12 16 13 21 14 22 47 24 30 27 31 28 37 29 28 10 6 10 7 21 8 50 9 15 10 47 18 29 19 24 22 13 24 34 26 30
8 9 4 34 5 41 9 13 13 44 14 27 21 13 22 28 29 18 30 24 17 1 41 4 43 5 17 8 18 13 40 14 14 16 40 17 38 18 44 20 48 22 33 24 24 25 18 27 17 28 22 29 22 30 49 5 1 45 3 34 8 23 17 17 24 38 17 2 46 3 23 7 14 8 10 10 38 11 46 13 22 14 24 19 11 20 28 21 43 22 27 24 40 27 13 28 17 29 49 30 42 5 3 24 8 16 9 27 12 28 21 16 6 2 49 14 15 18 46 21 15 24 11 26 17 16 1 11 4 45 5 26 7 36 8 45 10 21 12 46 15 30 18 16 19 37 21 35 25 15 27 29 28 20 29 30 30 33 9 1 11 4 38 5 26 7 15 10 11 20 34 22 39 27 24 30 31
3 17 4 48 6 29 7 44 8 26 10 17 13 11 14 50 15 37 16 48 17 33 20 12 24 44 25 17 26 27 28 48 29 41 30 38 13 5 19 6 39 9 44 11 28 12 23 13 17 18 39 20 21 21 21 23 14 24 15 26 47 29 21 5 6 34 7 43 19 36 27 48 28 19
3 9 4 12 5 46 11 38 16 14 17 45 18 36 22 25 24 36 29 28 15 7 50 10 28 11 39 15 32 16 46 18 49 19 18 20 42 21 30 23 43 25 23 27 33 28 14 29 40 30 24 6 2 38 6 15 20 21 25 25 27 34 28 44
7 7 9 10 10 19 14 24 16 15 22 18 23 45 27 40 6 1 34 3 30 5 26 7 11 11 23 20 28 5 7 12 8 17 12 10 22 12 30 36 8 1 18 4 46 5 19 9 47 12 21 13 50 19 49 25 44 8 2 43 3 21 9 27 11 42 12 43 17 36 24 30 25 10 10 1 28 10 35 13 18 17 15 20 46 21 14 24 11 25 49 28 45 30 15 16 2 11 3 19 5 18 6 50 7 46 8 39 9 36 10 34 11 16 13 17 15 46 16 10 17 44 19 23 21 50 29 24
7 18 1 13 2 25 4 29 5 50 10 50 11 36 12 42 13 10 14 17 15 41 16 39 19 14 22 33 23 34 25 35 27 32 29 33 30 38 7 3 26 5 32 14 37 16 30 19 22 23 48 26 35 6 4 26 7 50 8 21 15 22 21 46 25 38 14 4 44 5 41 6 12 7 38 8 11 9 24 13 18 16 27 20 22 21 18 22 50 24 29 26 47 29 37 6 5 25 12 20 18 38 21 31 26 36 29 38 11 2 34 4 14 14 43 17 27 20 34 22 15 24 19 25 18 26 49 28 50 30 18 6 4 38 8 26 9 22 12 40 27 15 28 21
4 13 1 16 5 31 7 45 8 50 13 29 17 13 20 34 21 41 23 16 24 45 27 22 28 33 30 35 14 3 11 4 20 6 30 9 14 11 25 12 42 14 29 19 27 22 38 23 16 25 46 28 36 29 14 30 16 5 6 17 13 28 15 28 17 25 21 29 15 1 22 5 37 7 10 10 23 14 48 15 26 16 12 17 29 18 39 19 37 20 30 23 25 24 39 26 18 27 19
6 7 3 31 4 19 11 36 16 17 20 29 27 16 29 42 18 3 48 5 32 6 32 8 44 10 43 11 29 12 24 14 39 15 10 16 31 19 46 20 40 21 42 22 43 24 32 25 45 26 27 30 39 6 1 49 11 18 21 28 25 36 27 46 30 49 9 1 11 7 11 14 44 22 12 23 42 24 27 25 21 28 13 30 13 7 7 15 18 45 19 14 21 22 25 10 27 50 30 10 16 5 13 6 49 9 39 10 45 11 41 12 25 13 46 14 24 15 31 18 15 19 31 22 39 23 13 26 40 27 23 29 16
4 8 1 26 12 28 15 47 16 39 21 35 22 10 26 20 27 23 7 3 11 19 10 20 27 22 33 24 12 28 27 30 10 8 1 19 2 25 8 21 13 21 17 46 18 46 19 11 28 32 16 1 49 3 19 4 41 6 19 7 23 8 27 9 20 13 28 16 34 21 15 22 26 25 13 26 21 27 33 28 30 29 26
5 6 7 20 9 37 13 11 14 36 25 31 29 39 5 2 49 11 37 18 14 22 43 28 25 6 9 16 12 23 13 45 16 41 18 30 30 49 5 6 18 8 34 15 48 23 25 30 18 13 2 32 3 33 4 33 5 34 9 11 12 50 13 39 16 11 19 16 21 26 22 36 26 28 29 33
3 6 10 50 15 24 17 29 22 50 23 40 26 20 13 1 31 2 40 4 10 7 43 13 14 14 11 16 18 17 13 22 34 23 26 27 30 29 14 30 17 18 2 29 4 14 5 10 8 34 11 43 12 10 14 23 15 44 16 28 17 15 18 34 19 24 20 46 23 18 25 47 27 21 29 40 30 29
8 10 1 12 6 33 7 25 10 18 15 36 16 39 20 37 23 47 25 48 26 29 9 1 36 6 37 10 24 12 49 17 37 19 33 24 39 26 41 27 32 14 1 10 3 23 5 30 8 30 9 39 10 41 12 14 14 47 16 11 18 20 21 15 27 43 28 39 30 15 17 1 19 3 50 4 49 5 45 6 16 7 34 8 44 9 40 14 37 17 23 19 35 20 21 22 25 24 47 26 50 27 50 30 49 17 1 11 2 31 3 32 4 27 5 35 6 24 7 37 9 31 10 34 13 32 17 12 18 21 20 48 22 21 23 14 26 49 30 42 15 1 14 2 13 3 28 7 19 10 45 11 25 12 49 14 36 18 46 22 48 25 23 27 32 28 35 29 31 30 39 8 3 34 8 19 10 24 11 33 14 14 20 29 25 31 29 29 10 2 27 5 14 12 50 13 13 14 38 16 27 18 35 23 22 24 14 28 39
3 14 2 14 3 16 7 23 8 37 10 32 13 11 14 27 18 41 19 37 20 39 21 49 22 47 25 32 30 44 9 4 41 9 28 13 46 17 25 18 22 19 35 21 22 28 13 29 25 9 1 41 2 10 3 14 6 22 12 14 15 31 18 18 26 50 28 31
3 16 2 50 5 43 6 18 7 31 9 24 10 21 12 33 14 29 15 38 18 12 19 13 20 47 24 18 26 26 27 44 29 50 17 2 20 3 49 4 44 6 13 7 31 8 27 11 35 12 40 13 41 14 19 15 21 16 46 23 11 24 39 27 12 28 20 29 26 5 13 26 14 32 15 22 22 26 30 37
4 6 3 46 16 39 18 49 21 21 25 36 28 49 6 2 19 7 37 8 24 10 33 12 23 16 46 16 1 42 5 24 6 18 7 38 10 10 11 28 14 27 17 28 18 37 19 44 21 47 23 31 24 27 27 30 29 30 30 20 10 1 33 5 18 6 22 7 48 9 32 12 47 18 44 20 26 26 47 30 35
8 15 1 44 4 46 5 43 6 37 8 28 10 10 11 27 16 26 17 19 19 35 21 50 23 30 25 14 26 28 29 18 17 1 27 8 47 10 22 11 34 12 34 13 25 14 24 15 27 17 49 18 20 19 28 21 14 23 23 25 29 27 46 28 35 29 43 18 1 28 4 43 5 39 6 16 7 31 8 32 11 46 14 23 15 24 16 12 18 38 19 13 20 16 21 15 24 30 25 41 27 28 30 40 17 1 42 2 50 3 10 4 40 7 31 8 49 11 22 12 39 17 13 18 43 20 10 23 37 24 29 26 28 27 36 28 41 29 14 18 2 40 3 42 4 45 7 14 8 18 9 28 14 49 15 47 16 12 18 24 19 35 20 10 23 35 24 40 25 45 26 19 29 49 30 23 17 2 15 3 35 6 11 7 47 8 42 9 15 12 23 14 29 16 34 17 28 18 48 20 19 22 28 23 40 25 15 26 38 27 25 6 1 37 6 45 12 42 19 48 24 13 30 11 4 13 26 26 30 27 42 29 13
8 10 5 41 6 16 13 24 16 17 20 37 21 44 24 42 25 36 26 44 27 19 4 8 10 14 40 19 38 23 43 9 1 48 7 17 8 20 9 31 15 20 18 38 22 50 24 49 30 31 11 3 17 4 45 6 29 7 33 9 21 10 25 12 44 14 37 19 12 26 45 30 22 11 3 37 10 22 12 17 15 33 16 35 19 41 21 26 23 38 25 35 27 19 30 42 9 1 27 5 34 13 26 14 14 17 47 18 45 23 22 26 43 29 49 8 3 37 5 23 7 19 14 17 17 27 20 32 27 28 28 13 10 1 26 9 15 12 18 13 46 15 46 18 30 22 47 24 12 28 32 29 26
8 10 4 39 8 47 9 27 11 37 14 33 15 32 16 27 23 24 27 19 28 41 5 4 32 9 25 10 38 22 26 29 39 10 2 49 7 11 10 27 11 46 14 13 18 30 22 34 26 28 27 10 29 42 8 9 24 10 18 11 43 15 26 16 27 17 13 21 11 26 49 7 3 30 5 14 10 19 11 37 13 10 18 37 24 39 4 6 32 11 14 15 44 23 22 6 2 29 7 47 9 29 22 23 25 44 29 14 16 1 49 2 50 4 22 6 43 10 24 11 17 12 38 14 16 18 33 19 37 23 26 26 22 27 43 28 13 29 37 30 40
4 11 4 40 7 50 8 18 9 45 12 28 18 32 19 28 26 23 27 31 28 38 30 36 12 2 49 5 44 8 39 9 18 14 43 15 50 16 36 17 17 20 48 22 37 25 50 30 11 6 3 15 5 17 8 50 9 41 20 36 21 44 14 5 15 7 48 9 36 11 15 12 24 13 22 14 17 15 25 17 31 19 13 22 20 23 44 26 25 29 38
3 7 3 44 8 24 9 18 13 33 15 35 29 40 30 43 9 1 36 5 23 6 34 8 15 9 45 12 16 13 31 17 11 23 19 10 3 35 4 35 5 40 7 12 13 15 15 42 16 32 18 11 26 49 28 39
4 5 12 27 17 38 21 46 25 37 30 44 4 8 11 10 50 13 29 25 15 15 1 45 5 40 8 35 12 20 13 36 14 33 17 25 21 48 23 16 24 36 25 40 26 40 28 42 29 40 30 29 16 1 44 2 27 6 22 8 23 11 31 12 13 13 42 14 37 16 14 18 16 19 13 21 21 23 31 26 30 27 31 30 41
7 9 4 43 6 10 8 25 9 41 10 50 20 34 26 12 28 26 30 26 6 2 13 4 15 9 37 16 24 18 50 28 31 14 5 34 6 44 7 33 9 44 13 50 14 10 20 48 21 32 22 36 25 34 26 24 27 43 29 46 30 43 7 2 14 3 45 6 24 9 23 14 15 16 28 27 13 9 3 13 5 26 7 28 9 39 12 50 17 13 18 50 19 45 21 42 5 3 46 7 26 8 10 19 12 22 42 12 1 11 5 48 6 32 8 41 12 30 15 22 17 24 22 46 24 48 26 20 28 24 30 27
7 12 4 42 5 30 6 44 7 45 10 32 12 36 20 30 22 37 23 35 27 13 28 39 30 18 5 2 30 5 29 10 13 12 28 22 38 17 1 10 2 10 3 18 4 44 9 47 10 18 11 32 14 27 15 29 19 18 20 16 21 23 22 24 23 15 24 29 25 46 26 37 18 1 24 2 46 3 34 4 36 6 12 7 28 8 23 9 21 12 17 13 40 18 45 19 28 21 27 22 45 23 17 25 49 28 30 29 27 13 4 16 7 12 9 22 13 26 14 17 16 34 21 23 22 41 24 33 26 27 28 23 29 32 30 19 18 1 36 4 33 5 14 6 46 7 46 8 49 13 45 14 20 15 12 17 29 18 10 20 49 22 16 23 25 24 41 25 43 27 10 29 34 16 1 19 2 28 3 33 4 40 5 40 7 38 8 19 12 26 15 36 19 22 24 35 25 11 26 36 27 33 29 43 30 16
4 17 2 13 4 33 5 22 6 23 7 16 8 46 9 40 10 39 12 31 13 14 14 33 17 19 18 30 21 44 22 39 23 11 27 26 10 2 28 4 29 5 44 7 18 16 13 17 41 19 41 22 37 24 27 27 23 12 2 19 3 46 6 14 7 35 12 38 13 13 14 32 16 44 20 10 23 24 27 41 28 17 16 1 43 3 29 4 41 5 17 8 39 11 34 13 25 14 18 15 15 17 23 19 44 23 34 25 28 27 48 28 47 29 12
8 8 4 50 12 28 14 18 17 16 18 47 21 47 25 15 28 22 10 5 42 6 37 9 16 12 24 13 28 19 15 20 32 22 50 26 21 30 43 17 1 20 2 26 3 23 7 42 8 33 9 28 10 48 14 49 16 12 17 29 18 20 22 49 23 43 24 42 25 50 27 45 28 11 9 2 11 8 28 13 32 14 24 15 30 22 49 24 32 25 13 26 49 8 5 18 17 37 18 31 19 12 24 32 25 25 26 49 29 44 7 3 43 5 33 6 50 10 30 21 24 23 35 25 46 12 4 42 11 34 12 49 13 43 15 17 20 12 21 31 23 22 24 18 25 47 28 47 29 31 7 6 32 16 39 22 30 24 20 25 21 29 18 30 12
3 15 2 18 4 37 5 40 11 15 12 47 13 14 15 40 16 22 18 25 19 49 20 17 21 41 24 12 29 11 30 17 12 1 29 3 28 5 29 10 25 11 43 12 47 19 32 21 42 23 48 26 38 27 33 29 34 8 6 44 9 28 10 21 14 36 25 44 27 33 28 33 30 34
4 5 2 46 3 34 4 31 21 11 24 44 13 1 33 2 19 3 32 4 11 10 16 12 25 14 48 16 12 17 20 19 47 23 46 27 47 30 18 7 2 23 6 17 7 33 9 19 17 17 28 32 30 42 8 4 17 9 40 14 20 15 36 20 19 21 27 24 17 25 29
4 8 3 23 10 43 16 28 18 28 20 34 21 13 24 28 25 17 4 1 24 7 33 18 32 25 24 6 2 49 6 31 11 25 17 27 18 35 20 42 10 2 28 4 27 13 32 15 11 17 21 19 45 20 47 24 17 27 23 30 41
4 13 2 36 3 20 4 13 8 12 11 24 15 29 16 35 18 13 21 18 24 27 25 11 26 17 28 18 11 2 40 3 27 6 27 8 13 9 11 11 24 14 42 17 22 24 41 28 13 29 27 5 1 41 16 17 19 39 20 15 28 19 4 8 15 15 25 21 23 27 19
5 16 1 13 3 41 4 26 7 47 9 13 13 18 16 31 17 43 18 17 23 18 24 26 25 48 26 17 27 21 29 27 30 35 7 2 10 13 29 19 49 20 23 21 21 27 50 30 44 6 2 36 9 37 11 44 16 43 21 38 29 13 18 3 27 4 17 5 28 7 43 11 27 14 11 15 33 17 22 18 25 19 17 22 42 23 48 24 28 25 29 26 17 27 44 28 30 29 29 17 3 21 4 41 5 15 6 36 9 13 11 13 12 19 14 50 17 42 20 29 21 40 22 37 24 14 25 20 26 26 27 40 30 37
7 6 4 43 11 35 13 37 14 12 18 20 24 17 8 3 49 5 30 11 22 13 49 14 17 16 16 25 49 30 15 5 6 21 10 46 26 36 27 39 28 36 4 3 32 4 24 23 33 27 44 8 2 10 4 10 11 12 16 47 20 31 25 42 26 39 27 27 5 6 16 12 31 19 24 20 30 22 38 7 1 37 4 30 5 42 8 44 21 43 22 24 28 26
8 12 7 14 9 32 10 29 11 16 12 17 13 43 16 10 19 46 20 20 22 39 25 39 26 21 18 1 22 2 25 3 46 4 30 7 42 8 22 11 47 13 41 14 19 17 34 19 41 20 16 21 22 22 27 23 18 26 33 28 12 30 13 8 6 21 9 44 10 34 12 40 13 10 15 47 24 28 26 15 9 9 43 11 46 12 42 13 40 14 31 24 40 28 19 29 24 30 46 17 1 11 2 23 4 50 5 15 7 34 9 20 10 29 12 27 13 44 17 38 18 12 19 33 21 24 23 10 25 35 26 29 29 46 4 5 40 7 18 22 50 29 34 13 1 17 3 21 4 25 6 17 14 50 15 25 18 31 20 14 22 35 25 43 26 47 27 23 30 38 5 3 11 4 18 6 22 8 14 9 50
6 15 2 30 6 18 7 24 9 20 10 44 12 19 13 32 15 40 16 35 17 24 23 35 25 23 26 22 29 10 30 12 16 1 36 4 44 5 32 6 48 7 23 9 40 10 38 11 32 12 19 15 33 18 23 23 46 24 41 25 32 27 19 30 34 17 1 12 2 36 3 17 6 30 7 48 9 27 10 26 12 40 13 21 14 26 17 47 19 46 20 37 23 18 24 36 25 35 30 11 18 1 47 6 34 7 49 9 13 10 24 11 37 12 19 13 36 14 27 15 48 18 29 19 19 20 14 22 21 23 50 27 36 29 47 30 22 7 2 49 7 50 9 38 13 20 14 10 27 24 29 18 6 4 46 8 35 13 31 14 19 26 23 30 36
8 10 2 35 4 44 7 42 12 47 16 20 19 14 21 20 23 37 26 50 27 24 11 1 26 2 48 11 18 16 33 18 42 19 16 22 32 23 29 25 17 26 17 28 10 15 2 16 3 13 5 12 6 44 7 32 8 20 10 38 13 26 14 42 18 17 22 10 25 38 26 41 27 10 29 35 16 1 42 2 40 4 31 10 32 11 25 12 29 13 38 16 42 17 10 18 48 19 13 23 34 26 39 27 22 28 27 29 49 11 4 32 5 18 11 43 12 49 13 18 14 42 16 42 17 30 20 31 25 36 27 44 17 1 21 2 14 4 21 5 43 8 42 9 45 11 35 12 10 14 50 15 42 17 49 19 31 21 35 23 46 28 27 29 41 30 10 4 10 32 18 36 27 24 29 10 6 1 48 3 34 21 24 22 10 24 11 28 19
6 4 5 18 14 42 18 16 28 12 13 5 28 7 11 8 23 10 21 12 44 14 28 19 42 22 26 23 14 26 30 27 46 28 35 30 33 16 4 36 5 44 11 13 12 10 13 18 14 38 19 37 20 22 21 40 22 41 24 43 26 32 27 12 28 36 29 24 30 27 12 1 29 5 31 7 20 8 38 13 17 15 34 17 35 20 40 22 13 24 34 27 22 29 47 5 5 39 8 17 21 50 26 35 27 30 15 2 48 3 43 4 29 6 39 7 10 10 25 13 18 17 13 18 38 19 32 20 16 22 17 23 27 28 19 30 17
5 4 13 44 15 16 22 32 26 28 12 1 42 2 18 3 23 5 40 8 50 11 46 19 13 22 31 24 42 26 36 27 45 29 29 5 9 33 15 10 21 30 23 22 25 50 17 1 36 2 45 4 14 5 15 6 39 8 35 9 23 10 17 13 42 15 36 16 20 17 18 19 21 20 15 22 26 27 37 30 22 12 1 20 2 23 9 43 10 37 11 15 12 39 15 46 21 22 23 49 28 41 29 24 30 36
4 4 2 49 7 27 11 29 15 27 14 2 23 3 42 4 14 5 37 8 42 9 14 10 49 13 10 14 44 16 41 19 43 21 21 24 18 25 29 12 2 13 3 39 6 34 8 28 9 38 10 14 11 11 13 31 19 29 24 11 25 47 28 25 13 2 34 3 22 5 30 7 16 9 49 12 14 15 23 16 12 21 29 22 10 24 39 25 19 27 29
5 13 3 19 5 22 7 50 10 16 11 14 13 36 14 27 15 31 17 31 22 19 26 13 27 30 30 17 7 4 43 5 27 13 12 19 29 20 28 25 45 28 29 10 1 18 3 41 6 44 8 41 10 22 14 25 17 38 19 31 26 48 29 15 12 2 11 5 16 6 38 9 15 10 45 13 20 18 28 19 36 21 39 23 30 25 30 27 44 16 1 27 2 39 3 15 5 13 7 40 9 15 11 50 12 28 14 27 16 38 21 35 22 32 23 13 27 45 28 13 30 47
5 7 1 40 2 48 4 27 7 33 10 25 17 18 29 19 12 3 11 5 28 10 26 13 48 14 42 16 19 18 27 20 11 22 26 27 48 29 37 30 33 7 5 37 9 39 12 13 19 49 26 37 27 24 28 49 9 1 25 6 42 15 38 17 50 19 43 22 14 24 45 26 32 28 48 18 1 10 4 18 5 32 6 11 11 35 12 39 14 48 15 17 17 15 19 50 20 31 21 18 22 32 23 31 26 23 28 32 29 14 30 21
3 15 1 17 6 13 7 47 9 15 10 42 11 24 12 40 15 30 17 17 19 36 20 20 27 17 28 14 29 23 30 40 10 2 18 5 10 9 22 13 37 14 29 15 41 19 15 26 49 29 31 30 31 6 4 41 6 24 12 34 21 32 25 26 30 44
7 11 1 17 3 43 5 24 6 34 8 34 9 36 10 30 13 35 14 38 27 22 28 27 16 1 20 2 11 3 48 4 49 5 29 7 24 8 17 9 15 10 34 12 12 13 34 18 24 20 44 23 13 27 31 28 18 18 1 32 2 13 3 41 4 37 7 49 9 23 10 19 11 36 12 45 13 29 14 38 17 25 18 35 20 28 22 10 26 24 27 49 28 40 12 1 37 5 29 7 35 9 28 15 37 16 39 17 34 19 38 22 13 23 10 26 27 28 12 6 1 42 2 28 6 26 10 14 13 45 28 37 7 11 14 16 38 17 31 20 21 21 18 24 11 28 38 13 6 33 7 44 8 22 9 43 10 28 11 38 12 32 16 18 17 28 18 22 22 25 23 10 24 23
6 17 4 42 5 28 8 47 11 30 13 33 14 46 16 50 17 30 20 34 21 34 22 36 24 37 26 32 27 30 28 42 29 50 30 27 13 1 41 6 29 9 33 14 49 17 22 19 15 22 49 23 44 24 41 25 25 26 21 28 20 30 26 12 2 18 5 31 6 28 7 44 8 21 10 42 13 27 14 28 17 30 20 48 27 13 28 26 10 1 16 4 32 5 31 17 23 18 44 19 19 20 13 21 46 25 35 26 35 15 1 45 2 19 3 35 4 43 6 14 8 32 14 12 18 12 19 30 20 40 25 16 26 43 27 37 28 13 30 19 15 1 11 3 42 5 23 14 46 15 35 17 42 18 18 19 46 22 34 23 44 24 24 26 50 27 12 28 22 29 13
4 10 2 37 6 16 7 39 8 11 9 36 12 15 15 36 19 10 21 12 25 11 18 1 11 3 19 4 19 5 50 8 31 9 24 12 20 15 35 16 20 18 29 19 46 20 44 22 48 23 24 24 24 26 50 27 21 29 46 14 2 27 3 22 4 32 5 35 7 19 8 32 11 26 16 39 18 41 21 31 22 14 24 29 27 33 30 37 16 4 37 5 17 6 25 7 10 10 17 11 19 13 12 14 37 16 34 19 28 20 26 21 34 22 25 26 38 27 11 30 24
6 4 8 22 10 40 18 46 24 43 9 4 13 6 34 8 35 19 47 21 20 24 46 25 46 26 49 30 33 18 1 11 3 23 5 16 7 29 9 14 10 24 11 10 12 22 15 40 19 49 20 39 21 10 22 40 23 11 24 36 27 17 28 24 29 31 15 4 24 5 40 7 33 9 26 10 15 12 32 13 42 14 12 18 16 20 31 24 19 26 18 28 19 29 25 30 30 9 2 45 8 25 10 26 15 24 18 38 19 39 24 10 28 16 30 12 10 1 38 6 37 9 23 10 39 17 26 18 20 20 37 22 28 24 25 29 15
8 17 1 13 3 20 6 28 7 26 11 16 14 13 17 17 18 29 19 31 20 49 21 15 22 16 23 38 26 37 28 34 29 49 30 28 11 2 14 3 21 4 21 6 42 15 17 16 14 21 19 24 44 26 22 28 30 29 30 4 12 19 19 11 21 38 29 23 6 1 50 2 35 6 31 10 22 17 36 25 44 12 5 21 7 41 10 21 12 42 13 13 19 19 20 18 21 17 23 29 26 43 27 41 29 35 18 3 36 4 28 5 22 6 30 8 25 13 33 14 30 15 30 16 47 17 34 18 21 20 48 21 48 24 43 25 24 26 19 28 28 30 10 18 1 20 2 33 4 11 7 27 8 49 12 49 13 24 14 17 15 29 17 16 19 37 20 18 21 32 23 20 24 23 25 23 26 17 27 29 14 1 25 3 21 6 26 7 19 9 43 10 14 11 19 14 42 17 28 18 18 24 50 25 46 28 34 30 43
6 9 2 45 3 45 4 20 5 33 8 47 14 40 17 44 27 24 30 29 10 1 17 2 42 3 20 16 41 17 26 18 30 20 25 21 45 27 45 30 43 10 1 17 4 34 7 35 10 36 11 17 13 42 19 33 21 39 27 40 29 19 5 1 24 3 49 4 50 20 12 29 31 10 2 40 3 46 5 35 6 19 10 43 11 18 12 43 14 39 21 10 24 16 8 1 28 8 29 11 32 12 12 13 27 17 30 25 45 28 15
8 13 1 27 2 22 10 10 11 43 12 40 14 38 16 37 19 25 20 47 21 37 22 28 23 19 28 37 12 2 14 9 12 10 42 11 31 13 45 17 17 18 14 19 21 25 28 26 48 27 30 28 42 15 1 17 2 42 4 44 6 44 7 14 9 29 10 50 12 38 14 26 15 11 17 47 18 36 24 32 28 34 29 44 11 2 32 5 17 7 48 11 30 16 18 20 20 22 32 23 21 28 34 29 34 30 23 16 3 47 5 36 6 10 8 33 9 46 12 44 13 18 15 16 16 34 17 31 20 29 21 10 22 18 25 49 26 29 30 28 14 1 16 5 40 9 14 11 27 13 14 14 42 15 11 17 34 18 12 19 31 20 25 25 33 28 21 30 40 9 1 14 4 23 5 30 8 36 9 23 13 18 15 38 19 39 22 35 15 2 10 3 10 6 11 7 17 9 14 10 44 11 36 12 27 13 11 14 35 15 21 17 20 18 31 19 37 29 29
7 6 5 38 7 16 9 35 24 19 25 41 27 27 7 1 26 5 41 7 41 14 27 25 24 27 31 29 30 9 1 12 2 10 5 29 17 42 19 50 23 43 26 15 28 48 30 44 12 1 46 5 36 7 33 8 50 9 31 11 10 14 44 17 49 22 48 25 47 26 17 29 17 18 1 49 2 37 3 41 4 42 7 42 8 44 12 39 13 25 14 44 15 21 16 33 17 39 22 43 25 24 26 10 27 42 29 38 30 39 17 1 38 5 39 6 47 7 19 8 37 10 15 12 18 13 19 14 45 15 12 16 13 18 23 19 28 22 48 23 34 25 50 26 14 5 9 38 11 29 15 32 19 45 25 37
8 9 7 41 8 26 16 22 19 39 23 25 25 46 27 27 28 24 30 22 8 4 26 10 34 11 25 13 23 18 34 21 34 23 44 26 28 12 3 37 4 22 5 18 6 16 8 11 13 29 14 35 18 41 20 23 23 16 28 29 29 49 5 4 14 6 32 9 34 11 21 20 25 15 3 18 4 39 5 13 12 46 13 43 15 19 16 15 18 23 20 50 21 10 22 41 24 38 25 48 26 28 30 41 14 3 26 4 26 5 31 10 44 11 12 13 23 14 29 17 33 20 25 22 42 23 10 25 31 28 19 30 21 18 1 34 2 27 3 16 4 36 7 42 12 47 13 32 14 44 16 48 17 33 18 50 19 17 20 41 21 44 26 45 27 26 29 22 30 44 18 1 15 2 31 3 24 5 24 8 47 11 19 12 16 13 35 14 17 16 31 19 12 21 35 23 27 24 21 25 12 27 36 29 26 30 32
6 9 3 18 4 17 13 45 18 10 21 41 22 44 24 10 25 36 27 47 10 1 42 3 41 6 40 8 37 9 23 16 14 23 33 25 39 26 38 28 11 6 3 39 5 49 14 48 21 10 23 31 25 42 8 1 38 13 20 14 25 15 12 20 49 21 39 28 25 29 23 4 4 25 8 26 10 24 25 42 6 5 18 9 28 12 32 15 42 19 50 23 37
6 16 4 16 5 42 6 39 7 31 10 11 11 25 14 40 17 15 18 20 20 19 22 35 23 23 24 42 25 21 27 14 29 14 12 1 14 3 26 5 26 6 23 9 43 11 39 13 38 15 40 17 48 25 12 28 31 29 36 12 1 26 3 18 5 30 8 40 10 28 11 49 12 11 14 18 20 41 23 33 24 26 26 49 9 2 27 5 30 6 27 7 37 8 27 9 19 17 12 20 14 29 22 15 1 44 2 45 3 15 10 32 11 49 17 35 19 48 20 36 21 43 23 11 24 30 26 48 27 21 28 44 30 10 17 1 42 4 15 5 28 6 25 8 14 9 31 10 24 12 28 13 11 14 40 18 28 20 41 22 13 25 32 26 39 28 22 29 24
8 17 2 42 3 50 4 46 5 46 8 11 10 30 11 15 13 22 17 40 18 24 19 12 20 47 21 34 23 20 25 36 28 32 29 23 15 2 21 3 27 4 15 6 43 7 19 8 38 12 17 16 31 19 25 20 14 21 35 23 49 24 10 25 45 28 14 12 3 28 4 27 7 32 11 28 12 35 13 21 15 18 17 16 20 16 21 13 25 32 27 44 15 1 10 2 38 7 28 8 28 9 23 11 31 13 30 14 32 17 35 19 30 22 14 23 25 25 27 27 12 28 45 5 1 42 8 39 14 34 20 29 27 29 16 2 21 3 22 4 16 5 24 7 35 9 29 10 32 13 23 15 28 16 34 18 36 19 37 24 21 26 33 28 25 30 49 17 2 16 5 47 7 18 8 48 9 13 11 20 12 19 13 19 15 40 19 26 22 11 24 47 25 20 26 34 28 36 29 23 30 25 12 2 38 5 27 7 34 9 29 11 13 12 12 16 20 17 31 18 17 20 28 23 35 28 23
5 4 1 26 3 28 18 34 21 47 11 1 38 3 22 5 50 7 41 8 46 15 38 16 41 17 47 18 30 25 30 28 10 13 1 14 4 38 6 36 8 10 11 18 12 10 16 33 17 13 22 23 23 20 26 38 29 23 30 47 18 2 24 3 22 4 44 5 31 10 35 12 28 14 38 15 39 16 15 17 12 18 37 20 39 21 36 23 43 24 42 27 15 28 24 30 30 17 1 41 2 42 4 33 5 24 7 34 8 48 9 21 10 37 11 11 16 16 17 46 19 39 20 21 23 19 26 35 28 46 30 23
7 16 1 16 2 20 5 18 6 29 8 18 9 11 12 25 13 31 14 20 19 47 21 30 24 10 25 22 26 21 27 18 29 29 7 7 11 14 15 18 23 21 50 24 35 27 48 28 28 11 4 45 6 12 7 23 8 34 9 36 13 25 17 42 21 12 24 46 29 40 30 43 10 7 19 11 20 16 42 17 47 20 36 23 42 25 29 27 17 28 35 30 45 12 2 38 3 10 5 38 7 40 8 17 10 28 11 25 13 19 19 11 20 35 25 34 27 15 13 1 27 2 30 6 45 8 42 12 34 13 29 18 48 20 14 21 43 24 10 26 18 27 35 29 40 7 5 12 6 17 9 38 12 37 21 25 22 25 29 31
3 15 1 16 2 27 3 41 7 21 9 22 11 42 12 37 16 21 18 24 19 48 20 18 21 45 24 31 25 49 29 48 15 2 32 3 22 6 46 7 50 8 10 9 45 10 20 12 40 13 24 14 28 23 35 25 41 26 38 28 16 30 27 16 1 11 2 42 3 39 5 35 7 45 8 21 13 19 14 47 15 22 18 41 19 48 20 35 22 31 24 14 25 25 30 17
4 4 2 37 5 18 9 27 24 39 12 3 21 4 14 6 17 9 39 11 45 14 39 15 42 17 47 21 36 22 27 26 26 28 10 4 5 31 8 27 9 12 27 31 6 10 47 13 44 15 27 18 14 23 30 30 40
6 5 2 24 15 31 21 25 25 32 29 18 11 3 41 6 30 7 38 8 45 9 26 17 22 18 29 23 35 27 11 28 19 30 12 17 1 35 2 37 5 43 7 12 11 21 12 48 13 42 14 17 16 19 20 30 22 17 23 48 24 31 25 16 26 43 29 28 30 22 8 4 34 7 37 15 33 16 18 22 50 26 10 28 18 30 25 9 2 41 3 25 4 15 10 13 20 10 21 50 25 38 28 50 29 36 17 2 10 3 12 4 38 5 49 6 32 7 21 11 24 12 41 13 16 14 31 16 27 18 47 20 30 24 18 25 43 27 17 28 27
4 18 1 33 2 35 3 43 4 39 5 40 6 17 7 41 9 28 11 28 13 41 15 11 21 40 22 40 23 16 26 17 27 14 28 32 30 44 18 3 16 5 45 7 45 9 11 11 23 12 34 14 44 16 36 18 12 19 50 20 30 21 46 23 40 25 39 26 21 28 35 29 39 30 23 18 2 34 3 34 4 50 5 50 6 22 7 49 8 21 10 41 13 22 15 21 19 24 21 37 22 20 24 29 26 26 27 33 28 50 29 33 10 3 36 5 17 8 48 14 11 17 37 19 47 26 45 28 49 29 43 30 23
3 9 1 14 3 26 6 28 11 16 12 50 21 26 23 14 24 39 26 32 4 8 14 11 26 14 28 15 40 6 4 49 9 16 12 19 22 16 23 34 29 43
4 6 5 37 7 13 14 16 25 41 27 23 30 13 15 1 16 3 47 7 20 9 13 11 14 12 19 16 24 17 13 18 42 19 13 21 29 23 32 25 11 26 40 27 24 16 1 13 5 41 8 14 10 14 11 18 12 36 15 34 16 35 21 22 22 24 23 41 24 46 25 13 26 25 27 33 28 34 12 2 23 3 17 5 25 7 29 9 30 12 47 17 45 20 22 21 44 25 18 28 36 30 13
3 14 3 46 4 45 5 25 6 38 7 33 8 16 17 14 19 48 20 27 21 21 22 29 25 22 26 44 27 50 13 5 29 7 42 9 20 12 11 13 27 16 35 17 38 21 33 22 10 27 26 28 41 29 23 30 22 6 1 28 2 18 5 33 13 29 19 15 27 44
8 15 2 35 7 13 8 50 12 11 13 36 14 11 15 24 17 14 18 10 19 31 20 48 21 15 27 17 29 21 30 14 18 2 16 3 29 7 41 9 49 11 49 13 37 14 34 15 27 16 35 17 29 18 47 19 11 21 50 23 16 26 11 28 47 29 48 30 25 14 1 26 3 22 4 45 6 10 8 13 9 15 11 32 16 44 17 19 23 39 24 12 25 19 26 46 28 35 11 4 10 5 22 8 31 9 26 10 11 11 49 16 20 20 19 22 19 23 49 26 34 9 8 45 11 18 13 25 15 49 16 28 21 23 23 46 24 44 30 40 18 1 41 3 26 6 34 7 47 8 42 9 20 10 16 12 49 13 12 14 37 17 39 19 33 20 26 22 38 23 27 26 28 28 44 29 14 7 1 14 3 40 4 22 7 21 22 42 25 41 28 27 6 11 18 14 21 16 43 18 47 21 20 23 43
50 114 107 53 36 86 97 60 70 85 106 76 69 81 138 38 87 48 129 50 100 83 56 125 37 89 94 52 104 109 57 138 56 58 61 95 77 76 53 100 56 45 120 101 53 80 62 74 39 123 51 47 57 97 145 149 63 36 55 99 137 65 110 49 55 63 79 96 92 116 74 151 95 77 49 82 93 40 121 118 71 73 139 88 145 100 141 91 83 143 88 88 59 75 105 79 50 76 49 131
1 3 1 3 1 3 1 3 2 3 2 3 2 1 3 3 1 3 1 2 2 3 1 3 1 2 1 1 2 2
# Instance ID: 85
# Total operations: 530
# Actual flexibility: 0.361
# Generated: 2026-02-14 14:26:23
# Format: Extended Brandimarte for MOFJSP (Comparison Dataset)