40 20
5 3 1 31 12 46 15 46 12 1 38 2 49 4 34 7 33 8 16 9 11 10 30 12 48 14 20 15 11 17 44 20 34 8 6 44 7 22 9 48 10 22 12 15 15 43 16 33 19 37 9 2 36 3 43 8 45 9 42 11 17 13 10 15 40 17 50 19 50 11 1 41 2 50 3 43 4 17 6 39 8 37 10 18 11 25 13 21 19 30 20 31
6 11 2 16 3 44 4 11 6 38 7 42 8 27 12 29 14 18 16 26 18 34 19 39 9 1 41 2 15 5 21 6 31 7 26 8 29 9 32 10 44 12 29 10 1 26 2 11 3 47 5 11 10 31 12 29 13 29 14 29 18 46 19 37 5 4 25 5 45 12 49 14 39 20 23 12 2 10 3 25 5 16 6 30 8 40 11 47 12 47 13 41 15 10 16 35 17 32 18 45 4 4 13 5 40 9 38 12 45
3 6 2 42 8 13 11 16 12 46 14 18 20 19 10 4 21 6 36 7 10 10 15 11 39 14 50 17 38 18 21 19 36 20 31 8 2 26 3 18 4 38 5 10 6 15 7 45 14 18 17 23
6 6 2 24 5 12 6 27 11 35 14 40 19 29 3 4 33 15 24 18 24 4 3 42 10 24 11 30 13 36 5 4 42 7 26 11 44 15 25 18 25 9 3 36 4 26 5 33 10 43 12 39 14 14 16 34 19 34 20 22 12 1 10 2 16 5 42 6 19 7 15 8 31 9 31 12 41 13 26 18 15 19 18 20 33
3 4 4 22 6 28 7 10 18 14 10 3 47 6 34 7 19 8 32 9 22 10 36 11 38 12 16 16 16 19 41 4 2 33 5 40 8 27 10 17
6 10 1 21 3 18 5 24 6 38 7 15 11 35 12 34 13 29 15 24 19 23 6 2 14 3 30 6 18 12 49 15 20 19 38 3 7 13 19 36 20 40 9 2 14 3 12 4 14 5 12 8 49 9 17 12 11 13 26 17 35 3 2 12 6 29 11 47 8 1 45 2 48 4 32 12 23 13 40 14 50 18 21 20 18
3 10 1 27 3 43 4 44 5 44 6 11 8 41 13 36 16 48 17 37 18 32 10 3 46 6 16 7 26 9 37 10 25 11 14 13 20 15 28 16 31 17 25 7 1 42 3 26 9 39 12 44 13 17 15 45 18 20
4 5 6 27 7 39 9 29 10 44 18 29 11 2 39 3 18 5 49 6 47 10 15 11 26 12 18 13 34 15 13 18 40 20 14 6 3 44 7 18 8 38 9 35 15 28 19 35 4 5 26 7 33 11 50 12 19
8 8 1 39 4 38 6 50 7 23 14 13 15 49 18 39 19 45 3 7 35 8 45 9 35 5 2 48 4 15 7 50 11 47 16 22 11 1 49 3 42 4 29 6 44 7 50 8 30 12 31 15 10 17 33 19 12 20 35 11 3 50 4 36 6 20 7 14 8 40 9 35 12 20 15 39 16 21 17 29 20 24 11 2 48 4 38 5 31 6 23 9 12 10 14 12 28 14 26 15 34 16 23 19 25 11 1 18 2 14 3 49 9 43 10 42 11 29 12 45 13 16 16 23 18 15 19 18 3 2 45 8 46 12 43
8 12 1 37 2 36 3 47 5 38 6 12 8 35 12 43 15 22 16 45 18 20 19 45 20 20 9 1 40 2 41 10 24 11 30 14 28 15 47 16 36 18 21 19 33 12 1 20 2 31 4 24 5 26 6 22 12 37 13 26 14 34 15 37 17 47 18 24 19 39 3 11 37 14 29 16 28 3 3 42 7 21 9 21 4 3 21 9 11 11 32 16 33 8 4 30 6 10 8 19 11 34 13 48 14 28 15 33 19 10 8 2 42 3 28 7 47 9 46 13 22 15 47 16 19 17 44
7 11 1 21 2 43 6 32 7 28 11 29 12 22 13 12 14 30 16 21 17 23 18 37 4 4 38 8 11 9 39 14 50 5 1 50 2 32 5 13 9 21 16 49 7 1 42 8 15 9 13 12 26 15 42 16 33 19 47 4 1 20 9 28 12 45 20 38 11 1 43 2 39 4 41 5 46 8 32 9 14 10 30 11 35 18 49 19 47 20 20 5 2 50 4 14 7 35 15 45 19 43
8 7 1 49 4 47 8 29 10 40 13 48 16 16 20 29 4 6 29 11 18 17 39 19 34 10 4 34 5 38 7 45 8 31 9 36 11 23 13 38 14 16 15 34 18 28 6 3 43 4 33 13 47 16 33 18 18 20 29 4 4 41 14 29 16 41 17 45 5 7 21 8 30 9 15 11 10 14 17 4 1 22 6 17 17 27 18 46 4 2 15 3 18 9 12 19 15
5 10 2 47 3 27 7 18 8 22 9 42 10 13 11 21 15 14 16 21 20 26 8 1 41 5 12 9 47 12 21 16 39 17 43 18 33 20 38 7 3 29 5 39 6 13 7 21 10 34 11 49 14 16 8 1 40 5 21 10 46 13 39 14 19 15 18 17 25 19 17 11 1 24 4 47 5 38 6 33 8 12 12 45 13 21 14 46 15 11 17 22 18 42
6 8 1 38 2 43 3 22 5 36 10 18 13 34 17 45 19 27 12 2 41 4 50 5 48 6 20 8 35 10 50 12 11 15 37 16 11 17 44 19 18 20 25 11 1 45 5 18 6 50 7 27 8 37 9 30 10 50 14 30 17 22 18 10 19 49 5 4 42 5 45 6 16 19 35 20 49 3 7 23 11 21 18 19 6 5 18 6 27 8 14 10 35 16 13 18 43
7 6 3 20 9 20 16 23 17 22 18 18 19 21 11 1 35 2 22 4 19 9 17 10 25 12 24 13 38 14 30 15 21 16 15 18 26 8 1 13 3 26 5 43 8 49 9 50 10 49 12 41 15 26 7 1 41 4 26 6 42 7 33 11 13 15 43 20 23 10 1 25 2 10 5 50 7 39 8 41 9 25 11 37 14 34 17 40 20 33 11 2 24 6 24 8 24 12 31 13 24 14 42 15 23 16 41 17 47 19 12 20 21 6 2 48 7 28 10 39 11 34 18 16 19 49
5 5 2 39 4 48 5 50 15 35 17 19 7 2 18 5 39 6 30 11 37 12 17 17 38 18 25 10 1 31 2 31 3 35 5 39 6 39 8 28 11 40 15 25 16 33 19 17 3 10 29 14 26 15 48 12 2 13 4 25 7 11 8 20 9 28 10 46 11 18 12 24 13 10 16 10 17 45 19 23
5 6 4 30 10 30 13 11 16 22 18 49 19 50 6 1 33 2 27 7 23 8 16 13 25 17 38 6 1 42 4 50 5 44 9 16 12 49 16 44 10 3 40 5 43 8 12 10 49 11 47 12 19 14 43 15 25 19 46 20 44 9 1 39 2 45 3 36 4 22 5 12 7 24 14 44 19 14 20 34
3 12 1 26 3 27 7 27 8 47 9 14 10 17 11 44 12 32 13 15 16 12 18 16 19 31 7 6 24 8 10 11 16 15 42 17 12 19 43 20 41 5 6 11 8 18 10 20 11 40 17 21
8 10 3 25 4 14 6 17 8 27 11 24 12 28 13 14 17 34 19 34 20 24 11 3 39 6 17 8 46 10 42 11 27 12 36 13 11 14 32 15 22 17 29 18 35 8 2 44 5 37 8 50 10 48 11 42 12 41 13 16 15 37 7 3 22 5 34 6 11 8 30 13 25 16 48 20 10 11 1 17 2 43 3 20 4 36 8 23 9 40 12 50 14 26 15 14 18 47 20 44 10 1 22 2 24 6 49 7 19 9 20 10 40 11 26 12 28 18 33 20 26 8 6 48 8 21 9 28 10 28 12 38 15 39 16 14 20 39 7 1 46 10 26 13 18 14 10 15 34 17 17 18 23
4 10 2 48 3 23 6 11 7 44 9 41 14 43 15 41 17 46 18 11 19 48 4 3 15 6 20 17 35 20 23 8 1 34 2 20 3 20 4 30 12 16 14 48 16 22 18 22 8 4 21 5 44 8 21 10 42 11 26 14 11 17 16 18 20
4 8 1 14 2 44 3 20 5 42 8 17 9 19 10 28 19 40 12 1 13 2 49 3 49 4 23 5 40 7 32 8 15 10 23 13 41 14 36 15 44 19 26 11 2 14 4 49 5 19 6 10 9 42 10 27 13 49 15 37 16 32 19 25 20 42 8 2 28 3 32 7 50 9 47 12 23 15 26 18 13 19 16
7 3 6 45 12 38 15 48 12 1 21 3 31 5 49 6 25 11 17 12 20 13 21 14 40 16 20 17 33 19 27 20 28 12 1 37 3 40 5 38 6 19 8 25 9 49 10 34 11 38 12 41 13 43 17 22 18 46 3 3 36 11 22 15 44 3 6 35 13 40 14 49 7 1 18 2 20 7 49 8 17 12 41 15 34 19 27 11 1 11 3 21 5 48 6 15 7 49 10 33 11 34 13 31 14 11 15 30 18 43
4 7 3 44 6 24 9 30 10 35 13 12 18 18 20 18 12 3 49 4 25 5 44 7 12 8 32 9 44 11 26 12 35 13 12 16 40 18 10 19 26 6 2 38 4 20 7 37 11 14 12 12 16 44 7 3 47 7 35 8 16 9 21 11 36 13 31 20 13
6 11 4 44 8 42 10 15 11 37 12 36 13 42 14 50 16 12 17 49 18 35 19 31 4 4 45 17 38 18 28 19 29 10 3 39 5 28 6 40 7 39 9 11 13 35 14 12 15 43 16 50 19 31 8 5 24 7 20 10 39 12 33 14 29 17 15 18 14 20 30 9 2 34 5 20 6 34 11 35 12 49 15 46 16 44 17 15 18 44 3 5 47 12 19 15 11
4 3 9 35 11 25 18 16 9 2 20 4 25 5 41 9 31 10 31 11 44 13 23 14 42 17 43 6 3 19 8 32 9 28 11 42 19 30 20 46 5 1 37 6 30 13 23 14 26 17 41
7 12 1 23 2 20 3 36 9 35 10 36 11 15 14 39 15 45 16 10 17 42 18 42 19 35 7 3 41 5 36 8 32 10 10 12 19 13 48 19 28 5 2 46 3 17 5 33 12 22 17 33 6 3 39 6 35 10 35 11 17 15 34 16 20 7 1 13 2 40 5 12 7 17 14 38 17 39 19 28 7 1 26 7 46 8 17 9 41 10 30 13 10 18 39 11 2 48 4 41 5 34 6 21 7 16 8 41 11 28 14 14 18 50 19 11 20 50
4 6 4 27 7 45 10 36 12 34 15 43 18 46 11 1 28 3 49 5 36 6 23 7 33 8 33 9 32 14 11 15 14 17 19 19 14 12 1 15 3 46 4 34 5 33 6 27 9 46 10 41 12 13 13 31 14 49 15 28 19 26 8 2 10 3 18 4 12 9 50 11 23 13 42 19 44 20 40
6 3 3 50 8 37 15 11 7 1 36 3 44 4 41 5 48 16 40 18 32 20 19 4 2 45 10 37 17 30 20 29 5 11 19 12 21 13 20 14 49 17 13 8 1 41 3 23 4 48 6 19 7 49 9 23 10 36 15 46 3 1 26 13 43 15 41
3 5 7 15 8 39 11 33 17 50 19 18 3 10 11 15 12 16 29 11 1 44 3 20 4 39 5 29 6 23 7 45 8 24 12 19 13 35 14 20 15 18
7 8 2 18 4 24 7 10 8 14 10 26 12 36 14 26 18 37 10 1 15 2 44 5 30 6 20 8 13 10 23 12 47 13 41 17 16 20 12 4 1 23 7 12 9 33 19 12 12 1 40 2 35 7 42 8 28 9 43 10 35 11 33 12 30 15 43 17 29 18 19 19 20 8 6 37 8 28 12 29 13 19 14 47 15 21 19 41 20 41 8 1 38 3 29 5 49 7 27 12 18 16 21 18 21 19 15 9 2 48 5 45 6 38 7 14 9 28 12 21 13 11 19 24 20 30
3 10 1 43 4 34 5 23 6 34 8 19 10 24 15 14 16 41 17 31 19 50 8 7 37 8 23 10 13 14 37 15 30 18 44 19 32 20 42 5 10 49 12 47 13 14 14 32 15 50
3 11 1 16 6 27 8 29 9 50 12 18 13 46 15 43 16 22 18 36 19 44 20 39 9 1 32 2 32 4 33 6 16 7 12 11 41 13 29 15 48 19 50 11 2 48 4 11 6 14 9 41 11 14 13 42 14 38 15 18 17 47 18 39 19 10
3 4 6 17 7 32 14 35 17 20 7 2 16 6 35 11 49 12 40 13 36 17 49 19 10 8 5 18 8 14 9 48 11 29 13 38 15 15 16 47 20 10
5 5 2 40 4 25 6 18 8 31 16 38 8 1 22 4 29 5 42 6 49 8 46 13 50 15 13 20 30 9 1 27 2 35 3 23 5 14 7 14 9 43 12 34 13 39 15 11 4 7 32 16 11 18 30 19 29 7 2 32 3 28 4 38 7 10 8 46 12 47 18 41
8 6 1 31 4 27 8 10 9 38 12 36 15 26 10 2 22 4 15 5 28 7 31 9 24 12 49 13 28 16 45 18 10 20 39 5 1 43 9 27 12 31 15 44 18 29 3 5 38 6 40 20 34 3 4 13 5 37 18 37 10 5 27 6 32 7 17 11 47 12 12 13 35 14 38 15 41 17 29 20 19 4 1 36 7 23 18 27 20 28 6 1 31 3 38 4 32 9 27 16 21 17 24
5 10 3 49 5 42 7 22 8 20 9 20 11 31 13 24 15 31 17 11 18 21 5 1 22 9 24 13 43 15 26 20 41 4 1 43 8 41 11 41 16 31 5 2 12 3 29 6 10 19 50 20 19 6 2 44 5 40 7 50 8 23 9 45 11 29
8 8 2 36 5 25 6 44 7 22 11 35 12 34 17 36 18 46 7 7 29 10 49 11 14 12 48 13 46 14 40 17 44 8 4 20 6 48 8 34 10 41 11 41 12 22 18 41 20 30 12 2 35 3 36 5 35 7 24 9 25 10 29 11 21 13 42 14 12 15 48 17 15 18 16 8 4 39 5 39 6 10 9 32 10 26 13 46 17 17 18 14 7 2 16 6 21 7 37 9 40 12 50 14 27 16 48 3 8 32 12 16 15 22 11 4 30 5 37 6 31 8 16 9 31 10 44 12 19 13 19 14 23 15 13 17 48
3 7 2 33 7 37 8 15 11 20 13 27 14 46 16 45 6 4 41 7 47 8 34 9 47 10 23 19 42 12 3 49 4 13 5 43 6 24 8 15 10 15 11 35 12 42 13 36 16 38 17 26 18 26
7 10 1 15 2 16 3 35 7 49 8 26 9 26 14 17 15 45 17 19 20 35 12 2 27 3 11 4 32 6 27 8 14 9 46 10 14 12 47 15 47 16 47 17 29 20 48 11 2 38 3 29 4 11 5 28 7 32 10 15 11 20 15 20 16 43 19 31 20 42 12 1 15 2 45 4 46 5 17 6 12 7 11 8 29 11 47 12 21 14 26 15 35 17 12 4 5 46 9 46 12 50 18 39 5 2 42 4 14 8 10 11 45 13 37 9 2 11 5 23 8 30 9 27 10 12 11 34 12 27 14 19 15 43
8 5 8 35 9 49 12 15 16 44 17 36 7 3 28 4 46 6 34 10 12 16 32 17 48 18 23 10 2 23 3 34 4 15 5 17 6 25 7 43 13 44 15 40 16 13 18 30 10 4 41 5 12 6 13 8 46 9 37 12 26 14 36 16 17 17 27 18 34 12 1 31 2 45 7 36 8 39 9 38 11 43 12 48 15 31 16 24 17 18 19 29 20 49 10 2 46 7 23 8 18 10 34 11 11 12 25 17 44 18 35 19 17 20 50 8 4 43 5 10 7 23 8 38 9 15 10 39 13 14 15 45 9 1 19 2 12 5 26 7 36 11 31 13 29 15 30 18 34 19 30
73 87 59 100 44 113 45 65 146 153 134 113 84 84 137 68 98 42 113 64 67 87 78 91 58 118 50 97 41 136 59 40 45 83 144 75 120 36 135 140
2 1 2 3 2 3 2 3 1 2 3 3 3 1 1 1 3 1 1 2
# Instance ID: 52
# Total operations: 215
# Actual flexibility: 0.378
# Generated: 2026-02-14 14:26:22
# Format: Extended Brandimarte for MOFJSP (Comparison Dataset)