100 30
5 17 3 28 5 16 9 23 10 30 11 16 12 11 13 30 15 23 16 32 17 36 20 32 21 10 23 49 24 46 28 44 29 16 30 28 18 2 22 5 16 8 42 9 36 10 49 12 15 13 35 14 40 15 11 17 46 18 39 21 48 22 17 23 16 24 32 26 27 28 41 29 31 7 7 33 11 35 13 34 16 35 21 21 23 16 25 26 7 6 28 7 24 11 17 16 34 21 36 22 27 24 27 14 2 49 3 13 4 27 7 33 10 12 12 22 14 37 15 22 17 41 20 18 22 32 23 19 24 37 29 15
3 5 6 42 16 24 24 38 27 46 30 43 10 3 10 6 22 13 14 15 32 21 36 22 33 23 15 26 45 28 28 30 41 10 1 27 2 39 7 31 10 38 13 35 17 31 22 33 23 32 24 31 28 46
4 17 1 33 3 37 4 18 5 15 6 38 8 20 9 40 10 49 13 20 15 42 17 26 18 17 19 30 20 49 24 23 25 16 28 15 4 7 45 10 14 23 12 28 36 15 2 15 3 45 5 37 7 29 9 15 11 32 13 11 14 19 18 43 20 17 22 28 24 38 26 50 28 23 29 31 6 4 43 6 42 8 10 10 13 13 18 21 43
7 7 3 24 6 46 14 47 15 29 18 14 23 34 24 37 13 2 27 4 39 6 49 8 22 9 43 12 11 13 11 15 47 18 14 19 50 24 50 25 21 29 41 9 2 13 5 45 7 46 11 41 16 38 19 21 20 10 25 40 27 32 8 1 19 10 34 11 25 15 23 21 17 25 22 28 42 30 33 4 1 47 4 29 5 40 8 35 4 6 19 13 47 17 38 29 38 8 5 36 9 16 13 41 14 17 19 41 23 46 24 33 29 15
3 16 3 12 4 46 6 22 7 14 10 12 11 44 13 25 14 40 16 46 20 45 21 31 22 50 24 33 26 47 29 13 30 28 14 2 33 4 46 5 42 14 23 16 45 17 27 20 28 21 22 22 46 24 11 27 37 28 25 29 35 30 39 7 9 45 10 16 11 22 13 14 24 31 25 32 29 16
4 9 3 29 5 22 9 18 11 44 13 36 14 19 22 25 26 45 30 44 10 1 17 3 35 8 39 11 31 15 49 18 17 19 10 23 40 24 19 25 12 12 1 19 5 48 6 34 7 14 10 34 14 48 15 38 19 33 22 48 27 16 28 16 29 42 12 2 16 3 23 8 43 9 22 10 19 12 36 16 19 18 48 23 47 25 48 26 19 30 35
4 6 6 13 8 49 9 19 15 12 24 10 26 49 12 1 16 3 17 6 21 9 18 10 24 12 33 17 35 18 23 22 14 24 30 25 44 30 29 17 2 33 3 22 4 38 5 26 6 45 7 49 8 35 9 17 14 33 17 35 18 42 19 28 22 36 23 46 25 10 26 17 29 33 10 1 19 6 31 8 14 9 29 17 34 18 47 20 21 21 42 24 15 25 22
5 12 1 29 5 23 6 29 7 43 10 37 14 28 15 10 18 23 21 22 23 34 24 42 26 16 11 1 43 4 17 5 34 10 38 13 35 14 48 18 26 20 22 23 44 27 41 29 19 5 8 47 9 48 10 43 12 13 26 45 7 2 17 8 31 18 33 21 44 26 32 27 23 29 27 8 1 18 2 32 4 27 6 38 15 26 18 28 21 16 27 29
5 15 3 30 4 32 6 40 7 29 8 11 9 24 11 21 14 11 15 18 17 18 22 31 24 30 26 48 28 18 30 17 17 3 39 5 30 6 47 7 24 8 11 9 21 11 35 12 11 13 16 15 26 19 44 20 28 22 47 24 27 25 33 29 17 30 48 9 1 31 2 39 4 43 5 48 7 33 9 40 13 49 18 14 26 39 12 3 33 7 45 9 30 10 15 14 20 15 48 16 32 20 46 22 19 25 22 28 20 29 21 7 4 42 8 22 11 24 15 49 23 16 25 49 30 33
7 18 1 32 2 35 3 49 4 48 5 35 6 47 7 26 11 39 13 28 14 18 15 33 19 10 21 43 22 22 24 44 25 18 26 50 28 25 6 7 29 10 34 13 19 14 42 24 34 26 26 4 10 19 13 41 15 26 19 22 12 1 34 3 15 5 44 8 36 10 33 11 17 12 24 13 45 22 44 24 40 28 16 30 22 12 3 22 4 20 6 11 7 29 18 19 19 43 22 22 23 19 24 36 26 10 28 13 30 32 12 1 37 2 31 5 14 10 43 11 40 14 12 15 36 17 45 18 25 25 25 29 28 30 11 14 1 42 3 34 5 25 7 12 9 31 11 36 13 17 17 11 20 19 21 48 22 19 25 39 29 20 30 35
4 16 1 24 2 34 3 12 4 35 6 50 7 35 9 27 11 11 13 40 16 35 18 49 19 11 20 45 22 19 25 43 28 24 9 3 29 4 14 8 20 9 20 16 15 18 45 19 17 26 21 28 36 11 1 37 5 41 9 18 11 37 13 13 14 37 15 38 16 16 24 30 28 15 29 20 16 1 14 2 48 7 48 9 31 12 41 16 34 17 34 18 50 19 11 20 24 22 22 23 12 26 17 28 20 29 35 30 10
8 16 1 43 2 41 3 32 4 22 5 24 8 27 9 33 10 26 11 16 13 10 15 31 16 14 23 26 25 44 28 34 30 37 6 4 20 13 23 19 25 21 28 24 26 25 44 12 5 42 7 46 9 40 10 19 14 17 16 41 20 29 22 26 23 14 24 43 27 19 30 34 7 1 18 2 18 15 45 22 33 24 33 27 50 30 23 6 1 16 5 43 9 10 10 45 19 45 30 22 18 1 40 5 48 6 45 7 39 8 26 9 24 10 48 11 29 13 40 15 42 16 37 18 18 19 34 20 16 22 13 25 15 26 16 30 33 13 2 39 6 25 7 47 8 37 10 13 13 10 14 29 17 13 20 22 21 37 22 37 25 39 28 41 16 2 31 3 45 4 21 5 43 8 44 9 34 11 36 15 23 16 37 18 49 20 43 21 47 25 39 26 39 27 45 30 50
4 11 1 47 7 35 8 14 12 31 14 14 19 35 21 38 23 10 24 40 25 38 27 49 11 1 18 2 34 5 31 6 27 9 34 13 14 15 43 16 32 18 46 29 13 30 20 4 6 14 9 38 14 27 25 19 14 1 30 5 19 6 49 7 11 9 37 12 36 13 47 15 47 17 49 21 42 22 13 23 38 25 13 26 50
5 16 3 20 4 16 5 11 6 31 7 38 8 11 9 32 13 48 17 10 18 23 21 43 23 25 25 15 26 22 27 27 30 24 9 2 39 4 22 9 27 20 48 21 35 22 30 24 33 25 36 26 19 4 5 48 8 46 11 24 12 50 18 1 15 3 14 4 40 7 13 8 16 9 12 10 50 11 50 17 47 18 47 19 26 20 13 24 43 25 40 26 32 27 19 29 39 30 34 6 6 21 7 33 9 34 11 48 21 44 23 30
8 17 2 42 3 40 5 39 6 47 9 40 11 41 12 36 15 27 16 48 17 27 19 40 20 21 21 20 22 48 26 27 27 14 30 27 16 1 18 2 50 3 17 4 10 6 18 9 31 13 13 14 12 19 10 20 49 21 17 24 20 25 23 26 43 29 32 30 14 16 2 24 5 50 9 36 10 21 12 24 14 16 15 20 16 48 19 41 22 11 23 32 25 43 26 30 28 32 29 43 30 21 16 2 31 3 15 4 41 6 49 7 12 9 43 12 43 16 39 17 31 18 50 19 35 21 27 22 26 25 44 26 28 27 19 16 2 10 5 49 8 11 9 47 13 21 16 29 17 16 18 48 20 38 21 24 23 45 25 13 27 14 28 39 29 45 30 39 13 7 29 8 13 9 49 10 34 12 26 13 32 14 26 15 44 16 22 23 16 24 10 26 15 28 35 15 3 50 4 33 5 23 6 28 10 12 13 31 14 24 16 28 19 40 20 15 21 38 23 10 27 44 29 40 30 46 13 3 35 4 28 7 29 8 31 9 45 10 34 12 31 16 19 18 42 20 12 24 34 25 16 27 22
3 5 2 16 6 49 16 41 19 20 22 21 11 2 17 5 18 6 28 9 23 11 23 16 45 17 17 19 41 21 49 22 29 29 23 17 1 26 2 33 3 30 4 38 6 33 9 13 10 34 11 38 13 40 14 50 16 13 17 22 24 19 25 39 26 35 29 33 30 49
3 11 2 28 3 28 4 39 7 24 9 32 16 18 19 17 22 32 24 38 26 29 29 48 8 4 10 5 45 9 36 11 22 16 45 20 26 24 18 27 22 17 1 48 2 31 3 34 4 24 6 18 8 18 10 38 13 23 14 24 15 31 16 42 19 22 22 39 23 26 28 10 29 42 30 28
6 18 1 13 4 45 5 44 6 18 7 36 8 18 9 25 12 13 13 14 15 16 22 15 23 42 24 14 26 44 27 27 28 28 29 12 30 50 4 12 21 16 28 21 21 26 39 5 9 38 15 19 19 31 22 30 25 15 9 5 24 9 12 12 33 15 14 17 30 18 21 19 22 24 31 30 14 15 1 16 4 15 6 34 9 17 10 32 11 34 14 45 15 44 16 33 17 24 18 18 20 19 23 42 24 11 26 24 17 3 30 6 19 7 42 8 37 9 36 11 48 12 34 13 24 14 49 15 23 16 38 17 16 21 32 23 17 25 24 28 44 29 38
5 11 2 46 5 43 8 29 12 30 14 26 18 47 19 20 21 40 26 31 28 39 30 39 18 2 17 3 34 8 43 9 50 12 35 13 12 14 30 15 12 16 39 17 45 18 38 19 45 20 44 21 26 24 17 26 20 28 12 30 20 8 1 23 5 17 8 40 12 33 17 31 18 18 20 27 25 49 13 1 31 5 45 6 18 10 11 12 31 15 39 19 32 21 41 23 12 24 34 26 27 28 18 30 34 11 3 50 8 40 11 40 12 40 16 41 17 13 18 33 20 13 24 34 27 22 28 35
6 10 4 38 6 48 9 16 12 40 16 40 20 13 26 41 27 18 28 33 29 41 7 2 27 3 36 5 30 15 43 19 40 27 30 30 10 17 6 23 7 47 10 39 12 47 13 23 15 47 16 31 18 10 19 30 20 25 21 28 22 30 23 43 24 16 25 12 26 49 29 30 8 2 34 4 26 5 33 7 31 14 38 16 49 17 26 22 28 17 1 40 2 36 3 22 5 35 7 23 8 33 12 21 13 50 15 40 18 41 21 19 22 17 25 47 26 30 28 10 29 19 30 49 17 1 46 2 29 3 12 7 16 8 36 10 23 11 18 14 39 16 30 17 20 18 19 21 28 23 18 24 12 26 31 28 45 30 45
8 15 1 22 4 15 5 46 6 13 7 46 8 14 11 18 16 25 18 19 19 31 21 25 25 46 26 19 28 35 29 18 11 1 32 2 48 5 10 7 40 9 48 10 48 15 35 19 32 22 30 23 25 25 22 12 1 37 3 19 8 33 9 32 15 39 17 34 18 17 20 18 21 36 24 31 25 49 27 22 10 3 19 4 36 14 38 20 25 22 45 23 15 26 11 27 47 29 42 30 14 16 1 47 2 13 3 47 6 32 8 46 10 46 15 41 17 35 21 17 22 20 24 41 25 21 26 14 28 24 29 24 30 16 13 1 49 3 36 4 16 5 18 7 41 8 47 10 28 13 22 14 26 22 38 23 23 27 34 29 41 6 2 26 10 23 12 43 16 44 17 41 20 38 8 5 31 11 46 22 23 25 36 26 20 27 17 28 21 30 41
5 5 2 22 19 43 23 26 24 42 29 11 11 2 37 5 27 10 13 11 26 13 12 17 19 20 49 24 16 25 37 27 46 29 28 16 1 14 2 29 4 17 5 45 6 35 7 32 8 14 9 47 12 40 17 12 21 14 23 33 25 38 28 50 29 49 30 35 17 5 34 6 33 7 46 8 21 10 41 11 15 15 20 16 34 17 46 18 11 19 21 21 21 23 20 24 10 25 11 27 45 28 49 13 3 24 4 31 7 41 9 49 10 16 11 49 12 27 15 19 16 47 17 42 19 23 21 38 23 28
7 5 4 35 10 29 14 36 21 30 30 41 14 1 15 4 17 5 22 6 25 8 33 9 47 10 30 11 16 16 35 19 48 20 24 21 47 25 28 28 12 16 1 40 2 30 4 28 6 16 7 39 10 26 13 14 17 37 19 42 22 42 23 33 24 15 25 31 27 49 28 22 30 20 8 4 25 6 46 15 40 16 41 18 28 20 20 24 36 28 19 13 2 32 3 15 4 24 5 29 9 46 10 43 13 45 18 46 20 36 25 24 28 34 29 38 30 12 18 2 41 3 14 5 32 7 46 8 32 11 15 12 20 13 28 14 48 15 16 20 43 21 22 23 28 24 18 25 18 27 26 28 11 29 17 18 2 43 3 27 5 35 6 27 7 14 10 44 11 33 13 50 15 48 16 28 17 44 20 26 21 39 22 43 26 44 27 31 28 30 29 30
4 14 3 17 4 20 6 22 8 50 9 18 10 42 12 30 15 22 16 19 17 17 19 46 21 32 28 40 30 33 5 7 29 19 49 25 37 27 49 28 48 8 2 17 5 22 6 20 7 28 10 25 17 14 19 37 24 17 12 1 50 5 19 7 43 8 15 11 25 12 35 14 37 15 10 21 37 25 43 28 28 30 15
7 4 4 35 6 46 22 45 23 29 16 2 48 3 26 4 24 5 20 6 22 7 19 8 17 9 49 12 10 13 33 17 41 24 28 25 27 26 30 27 42 28 42 5 2 40 22 13 23 38 25 44 28 25 9 2 24 9 27 10 26 11 33 12 25 14 21 15 49 20 38 27 16 5 10 19 12 47 19 27 24 11 25 30 7 1 42 2 12 6 26 8 25 10 39 12 13 19 46 11 1 36 2 50 4 11 10 34 15 37 16 22 18 44 20 28 21 23 24 19 25 26
8 10 2 27 4 26 5 14 7 41 10 37 13 39 14 46 22 12 27 48 28 16 12 1 22 2 21 6 43 7 28 9 33 10 40 13 41 14 12 19 44 23 13 26 24 27 24 13 3 10 4 37 5 34 9 50 11 34 13 12 15 18 17 31 18 48 19 23 22 20 26 13 30 13 11 3 44 4 29 6 16 12 25 13 47 14 21 15 30 19 24 20 29 21 10 29 17 12 1 12 8 20 9 43 10 19 14 27 15 22 17 36 21 46 22 22 23 16 24 47 28 43 7 3 30 4 18 8 33 10 29 15 24 19 21 30 20 15 2 40 3 23 6 18 7 26 9 18 10 27 13 49 14 33 15 13 16 36 17 39 21 32 22 30 27 17 28 17 13 3 32 4 26 8 13 9 41 15 46 18 50 19 15 20 26 21 20 23 27 25 32 26 43 30 44
5 14 2 47 3 37 4 32 5 46 6 24 10 23 11 49 17 36 19 46 20 23 22 33 24 32 25 20 26 47 7 2 17 6 46 10 26 16 21 25 10 28 21 29 21 10 7 28 11 12 12 46 13 49 14 14 17 22 18 34 25 26 26 21 27 37 11 1 10 3 31 5 45 9 19 10 43 12 15 13 21 19 44 21 49 24 45 26 36 16 1 38 2 38 4 36 5 42 6 43 9 15 10 25 13 40 14 17 17 14 19 47 21 22 22 41 23 12 25 34 27 14
8 14 1 31 3 25 4 25 6 48 7 35 9 25 10 40 14 50 21 35 22 18 23 14 28 13 29 38 30 11 15 2 35 5 30 6 40 8 28 10 44 14 29 16 29 18 46 19 21 21 44 22 50 23 11 26 33 28 49 30 46 12 1 29 4 25 6 19 7 42 9 21 10 48 11 24 14 41 16 23 22 16 29 18 30 35 6 2 24 4 23 11 42 12 31 19 21 27 15 11 10 48 12 22 13 12 15 37 16 22 17 30 18 14 21 41 23 15 25 29 29 28 8 3 39 6 12 12 17 13 29 15 44 16 31 18 13 22 15 12 3 14 4 17 5 24 11 23 13 48 15 36 16 37 18 13 19 46 21 15 28 31 30 39 5 7 19 12 41 19 32 20 11 25 46
4 12 1 27 5 16 8 42 10 37 16 24 18 11 19 41 20 23 21 12 23 17 24 22 30 31 16 3 20 5 46 6 40 8 11 10 37 11 50 14 35 15 10 18 23 19 31 22 46 23 49 24 31 26 44 29 50 30 10 11 1 10 6 26 14 41 15 10 18 22 19 22 22 41 23 21 24 35 27 40 30 29 16 2 31 3 19 4 44 5 46 7 38 8 37 10 36 12 41 18 29 20 45 22 10 23 30 24 33 26 49 27 49 29 25
3 14 1 15 2 16 5 33 7 35 8 15 9 39 11 12 14 20 17 48 18 14 20 49 21 25 29 45 30 16 15 3 10 4 43 9 13 11 36 12 27 13 30 15 40 16 27 17 35 19 27 25 39 27 30 28 25 29 21 30 27 18 3 24 5 25 6 12 9 24 10 14 11 39 12 44 14 35 16 13 18 16 20 41 23 35 24 47 26 12 27 49 28 26 29 37 30 40
3 10 5 49 6 16 12 31 14 38 17 30 18 10 21 35 24 41 28 12 29 35 4 5 27 6 49 22 25 26 31 14 1 18 7 19 8 35 10 34 11 46 12 24 14 32 16 12 22 41 23 25 24 20 27 25 28 24 29 39
8 6 2 21 12 41 15 40 20 44 23 14 26 22 5 17 26 21 32 23 50 25 47 27 50 18 1 33 2 10 3 30 4 24 6 24 7 40 10 31 12 49 16 46 17 13 18 24 20 32 21 32 22 37 26 26 27 15 29 29 30 29 10 5 25 6 48 10 20 16 47 21 15 22 30 23 30 25 34 26 36 30 44 13 4 34 10 34 11 38 12 36 14 44 15 24 19 40 21 22 24 36 25 46 26 23 27 10 30 32 16 1 13 3 11 5 41 6 45 9 26 15 35 16 48 19 18 21 16 22 17 23 36 24 39 25 33 26 49 29 35 30 24 18 3 31 6 42 7 15 9 36 11 33 14 36 15 47 16 18 17 42 19 41 21 22 22 14 23 12 26 45 27 48 28 23 29 31 30 42 18 1 10 2 47 3 21 4 39 7 10 8 23 9 12 10 35 12 35 14 50 16 35 18 36 21 22 22 33 23 29 25 29 28 39 29 30
6 4 7 22 8 26 12 37 21 12 14 3 37 6 12 7 31 9 14 14 49 16 40 19 26 20 28 22 33 23 36 25 16 26 18 28 49 29 43 13 1 36 4 34 5 29 7 23 8 29 9 21 10 25 11 37 14 31 18 46 22 48 24 43 25 26 7 6 47 8 13 13 29 15 38 20 48 22 50 28 27 11 9 48 11 10 13 18 14 49 15 48 16 19 17 13 20 12 25 28 27 45 30 28 12 1 39 3 21 7 35 10 38 11 27 15 41 16 49 19 34 22 13 25 49 26 46 30 38
5 11 1 13 6 37 7 49 8 15 9 42 15 32 17 35 20 38 27 23 28 29 29 11 14 2 40 3 37 4 28 5 48 6 18 7 49 9 27 14 24 15 42 17 16 24 36 25 18 29 17 30 32 15 1 12 4 22 5 30 8 18 9 10 11 28 14 14 15 24 19 45 21 36 23 20 24 39 25 12 27 26 28 49 12 3 28 5 40 7 15 9 28 16 27 19 17 20 22 23 17 26 48 27 17 28 45 30 38 7 1 17 3 46 5 42 7 41 8 38 9 19 28 26
5 18 1 46 2 27 4 24 6 18 7 16 8 28 12 24 13 28 14 38 15 19 16 19 17 10 19 31 21 20 24 16 25 46 28 39 29 40 4 2 10 6 13 11 24 17 45 12 1 31 3 19 4 33 11 49 12 45 14 10 18 23 22 12 24 25 26 22 27 16 28 49 5 10 19 17 40 22 28 24 44 30 12 13 3 32 5 25 6 16 8 50 9 21 10 10 16 30 19 34 20 46 21 11 24 48 26 30 28 43
3 8 1 35 3 49 10 34 11 48 12 37 16 26 20 37 23 43 14 1 49 5 14 9 23 11 48 15 32 16 41 18 49 20 50 21 24 22 32 23 44 24 43 28 21 29 48 14 4 17 6 41 7 20 8 49 10 26 13 26 15 43 17 43 18 34 20 34 24 20 26 34 27 11 30 38
7 15 1 49 3 47 5 13 6 15 11 43 13 18 14 27 16 32 17 24 20 45 21 11 26 46 28 39 29 43 30 50 16 3 38 4 16 5 42 8 35 10 33 12 40 14 50 15 32 16 37 18 24 23 22 24 41 25 36 27 49 28 14 29 10 5 16 42 20 17 22 30 23 43 27 27 9 1 32 4 16 7 18 16 27 17 38 18 28 22 11 23 33 28 50 4 5 16 10 20 18 42 19 11 13 1 49 8 19 9 13 10 40 16 34 18 44 19 10 20 49 21 37 24 41 25 44 26 49 29 24 4 22 16 23 40 26 28 28 17
4 8 3 26 5 31 6 15 7 50 8 47 24 45 26 23 29 31 16 1 40 3 45 4 41 9 47 12 47 13 34 14 26 16 20 18 29 19 24 21 10 25 44 26 44 28 12 29 44 30 22 16 2 48 3 44 8 44 10 21 11 42 12 22 16 12 17 24 19 14 22 39 23 44 24 49 25 27 26 25 28 23 29 44 13 3 42 4 35 7 15 9 22 10 42 12 28 13 30 16 26 17 45 21 18 22 35 24 11 30 33
7 17 2 14 3 10 4 46 7 11 8 32 9 30 12 31 13 19 14 27 17 47 18 28 20 19 22 14 24 34 28 33 29 50 30 34 7 3 14 6 24 11 42 18 41 22 29 24 35 28 45 5 6 10 7 11 18 27 20 28 21 15 4 2 37 6 20 21 17 29 50 4 3 48 22 38 23 18 25 37 17 2 36 3 23 5 49 7 36 8 25 9 41 10 48 12 32 13 15 14 21 19 16 20 13 21 14 22 19 24 25 28 22 29 41 9 4 49 10 15 15 50 16 16 18 19 20 40 24 42 25 30 30 48
7 16 1 32 2 35 3 32 6 22 9 15 10 19 11 26 12 30 13 45 15 28 17 20 21 20 23 14 24 13 26 45 29 22 10 5 19 7 15 10 30 13 36 14 26 16 18 20 40 22 10 23 45 24 37 7 2 43 10 39 11 20 21 14 25 40 29 13 30 35 17 1 44 2 29 3 21 4 11 7 20 9 30 10 32 13 14 16 39 18 11 19 31 20 50 21 41 22 13 25 22 28 47 29 30 17 4 44 8 39 9 14 10 43 12 30 13 16 14 37 16 15 17 33 18 12 20 48 21 26 22 38 24 31 26 27 27 44 29 32 7 10 40 12 36 15 32 23 10 24 44 25 46 27 40 13 4 43 5 14 7 44 16 25 17 24 19 29 20 36 22 33 24 11 25 38 27 27 29 19 30 19
8 7 8 44 12 43 13 24 17 36 18 39 24 11 25 21 8 4 30 6 25 9 40 12 25 13 32 15 39 28 39 29 26 4 13 11 19 19 26 17 27 26 7 1 47 3 27 13 49 20 21 21 45 24 22 26 13 9 4 22 5 36 9 44 13 31 19 45 20 48 26 30 27 27 29 41 18 1 21 5 20 6 28 7 49 12 37 14 18 16 22 17 40 18 33 20 19 21 26 22 22 24 20 25 27 26 41 27 40 29 47 30 43 4 3 41 10 22 16 20 27 48 7 1 13 10 34 14 32 18 29 20 22 21 17 23 48
3 4 14 41 18 48 27 36 28 50 11 1 44 5 42 7 13 8 39 15 45 19 41 23 45 25 34 27 19 28 16 29 47 17 2 38 4 46 5 35 6 45 7 46 8 40 9 23 11 20 12 47 15 39 18 15 21 19 24 25 25 26 26 46 29 12 30 46
3 6 6 18 7 28 13 25 24 42 25 13 30 37 16 2 13 3 20 4 28 10 15 11 14 12 29 13 47 19 41 20 21 22 20 23 39 24 26 25 21 26 37 28 36 30 43 8 2 11 8 14 9 10 13 39 16 45 19 13 24 29 28 22
3 14 1 19 4 25 5 15 8 26 10 45 11 34 17 20 18 34 19 19 23 23 24 35 25 44 28 31 30 13 15 5 11 6 17 8 10 10 50 14 17 17 47 18 27 19 47 22 37 23 43 24 20 25 13 26 44 29 36 30 22 14 2 39 3 40 4 45 5 39 11 40 14 46 17 11 21 43 22 22 23 47 24 48 25 14 28 32 29 22
8 14 2 18 3 50 6 17 10 13 11 34 14 27 16 30 18 44 20 40 21 16 22 19 23 34 25 44 26 29 4 2 22 5 50 6 30 24 21 15 3 50 7 37 10 41 11 32 12 11 13 28 14 35 15 35 16 38 17 18 19 24 20 37 22 37 25 29 29 11 15 3 49 4 21 5 19 7 30 8 44 13 45 14 33 15 27 17 29 18 30 21 26 22 14 25 43 28 44 29 17 16 1 32 4 31 5 25 6 32 8 12 9 17 10 46 14 30 15 28 17 36 19 25 21 31 23 44 24 12 26 26 30 33 14 1 49 6 12 10 35 11 30 13 43 14 10 15 41 16 43 19 37 20 12 22 11 27 45 28 20 29 25 9 6 17 7 18 12 18 17 21 20 18 21 44 24 22 25 16 26 36 6 10 23 16 28 18 30 19 31 25 34 26 48
6 8 2 41 5 22 8 19 12 35 13 40 23 50 24 13 30 19 8 9 37 12 36 18 10 24 33 27 35 28 17 29 35 30 45 17 1 19 2 37 3 40 7 12 8 36 10 24 11 28 12 15 14 33 17 39 18 22 19 47 21 26 22 22 24 16 25 19 29 23 13 4 19 8 36 9 17 11 20 13 39 14 32 15 42 16 26 18 27 19 46 21 41 24 15 25 22 11 5 28 6 38 9 18 10 50 12 27 13 46 17 22 19 15 23 49 27 12 29 20 7 3 37 4 14 5 42 9 34 12 31 18 12 22 26
7 18 1 11 2 30 3 42 5 31 6 29 7 11 10 23 11 45 12 23 14 13 15 10 16 37 21 25 25 42 26 23 28 15 29 26 30 15 14 3 23 5 15 6 28 8 49 11 31 15 44 16 30 22 21 23 24 26 12 27 13 28 50 29 34 30 26 8 4 44 12 27 14 20 17 33 20 48 23 39 29 29 30 34 12 1 21 5 16 7 16 8 23 9 19 12 44 13 24 14 24 15 23 19 21 26 22 27 24 6 4 41 7 31 8 22 12 32 19 29 29 35 9 2 40 3 11 5 44 6 32 7 26 16 29 17 11 24 17 28 33 11 2 16 9 24 12 35 14 50 15 44 16 46 17 14 23 45 25 50 28 22 30 36
8 15 1 13 4 18 6 49 8 12 12 50 13 50 14 41 15 49 18 41 20 17 22 20 24 12 25 36 29 34 30 35 15 1 33 2 42 3 43 5 12 6 21 13 41 16 20 17 20 18 48 19 46 20 37 22 30 24 34 29 34 30 41 15 4 26 5 45 7 17 10 24 11 30 13 14 15 49 17 50 19 24 20 18 21 39 26 18 27 12 28 18 29 33 11 6 46 7 44 14 28 15 32 16 49 19 19 20 34 25 41 27 32 28 44 30 36 8 4 33 6 32 8 16 14 37 15 11 19 48 26 33 30 37 13 1 46 2 29 3 22 5 50 6 10 11 18 12 45 18 34 19 26 21 25 23 22 25 25 28 18 15 1 33 2 48 7 47 8 16 11 34 12 47 13 27 14 47 18 38 19 11 20 11 26 43 27 47 28 23 30 11 10 4 32 8 17 9 14 12 26 14 13 15 39 17 33 19 50 24 37 25 35
5 13 2 49 3 23 4 46 5 31 8 20 10 13 11 27 14 42 16 29 17 47 21 14 22 11 27 26 9 2 21 4 43 5 44 7 50 19 44 20 45 22 16 25 50 29 32 17 2 26 3 22 4 19 6 16 7 23 8 21 9 41 15 25 16 21 17 38 19 18 20 21 23 14 25 22 26 33 28 32 30 48 4 1 31 3 26 7 19 9 20 13 1 11 2 24 3 14 5 44 8 26 12 13 13 15 18 31 21 37 24 12 26 11 28 33 29 31
4 10 3 47 5 49 9 40 10 34 11 19 12 30 14 31 21 33 25 31 27 49 15 3 27 4 49 5 41 8 38 9 39 11 50 14 26 15 21 17 37 22 31 23 43 24 38 27 29 28 22 30 43 18 1 15 2 16 6 20 7 38 9 24 10 36 11 15 15 21 16 24 17 40 18 17 20 33 24 11 25 48 26 37 27 26 29 50 30 30 4 2 39 15 41 24 27 28 34
6 9 1 11 3 17 11 32 12 40 16 17 21 47 23 21 24 24 30 37 4 5 25 10 11 22 31 30 26 9 1 23 6 30 9 35 10 37 15 25 16 28 24 31 27 44 28 40 11 1 34 9 27 15 22 16 20 17 38 18 33 20 38 22 19 23 21 24 23 26 20 11 1 49 3 41 4 13 6 10 9 49 11 12 17 25 19 16 21 41 24 36 30 11 12 1 46 3 42 5 28 6 44 7 46 9 28 15 27 17 35 18 41 21 20 28 12 29 16
5 17 1 30 2 34 4 21 5 27 7 37 9 22 10 31 14 22 15 49 16 38 17 18 18 21 19 49 21 38 22 23 26 21 30 30 13 1 45 2 32 6 38 9 30 10 18 11 17 12 17 13 10 15 14 19 24 20 19 22 47 30 46 5 14 22 17 34 23 40 25 11 26 27 5 2 27 12 43 14 16 25 45 28 30 10 4 32 5 17 14 22 16 40 17 46 20 28 21 23 22 39 26 33 29 25
7 6 3 20 6 31 13 13 14 32 17 10 24 35 12 5 16 7 34 10 27 11 40 13 21 14 42 18 23 19 23 20 34 26 38 28 30 29 22 13 2 44 8 37 12 49 13 13 14 50 15 32 17 27 18 19 19 46 25 10 27 48 28 28 30 41 13 2 19 4 40 7 30 8 18 13 26 16 40 17 36 20 20 21 32 22 25 26 27 27 11 30 13 14 2 29 3 14 4 33 8 42 9 14 11 32 14 36 17 14 19 18 20 36 21 49 22 31 25 46 29 21 13 1 22 2 18 4 13 5 25 7 13 14 41 15 50 16 34 21 26 22 14 26 48 28 50 30 32 14 1 25 3 10 5 29 6 43 7 31 8 48 11 41 13 34 14 21 17 48 18 20 22 19 26 18 28 38
3 13 3 16 5 41 6 23 9 11 10 43 11 48 12 21 19 14 21 42 22 42 25 43 27 18 28 39 9 1 10 11 18 12 38 13 34 14 36 17 30 20 39 22 31 28 39 8 4 50 7 17 10 35 11 30 18 19 19 48 20 12 22 15
7 5 2 33 3 11 24 38 27 30 28 41 10 1 28 3 49 8 19 10 10 17 44 18 11 22 16 25 14 27 14 29 47 17 1 38 3 16 4 16 5 28 6 15 8 24 10 43 12 13 13 18 14 43 17 42 19 46 20 24 22 11 23 18 26 46 29 31 13 2 36 8 38 9 45 11 30 12 48 14 26 16 18 18 29 19 36 22 21 24 39 26 18 30 24 10 1 15 8 30 12 28 17 32 18 50 20 30 23 37 24 42 26 32 28 46 6 10 40 14 15 15 43 18 28 20 22 30 41 4 1 27 17 15 29 47 30 46
8 8 3 44 4 44 6 30 10 13 14 41 19 48 21 41 29 46 6 2 38 4 41 13 40 17 26 27 21 30 50 17 1 11 4 10 6 32 7 25 9 23 11 14 12 12 14 15 17 21 19 44 20 32 21 41 22 15 23 48 25 15 27 14 30 30 15 2 32 4 40 5 19 7 41 8 15 9 25 13 22 20 21 21 40 23 13 24 44 25 11 26 37 27 36 29 14 9 3 38 9 18 11 31 12 12 13 21 14 25 15 11 17 50 18 37 15 1 20 2 18 3 15 5 25 7 16 9 39 10 35 12 35 13 19 20 49 21 46 22 45 25 12 28 39 30 30 5 9 16 23 39 24 50 28 13 30 37 9 1 14 10 37 12 29 14 15 15 42 17 18 20 36 23 28 25 44
4 8 4 13 6 21 11 34 12 31 16 18 20 28 27 48 29 46 17 1 30 2 22 3 17 4 10 5 33 10 33 12 32 13 44 15 42 18 29 19 47 20 21 21 23 24 20 27 34 29 12 30 45 5 10 12 11 39 13 46 16 38 26 19 11 3 31 7 21 12 13 14 36 16 37 18 10 19 13 20 30 22 43 26 48 30 40
8 16 3 31 4 16 5 20 7 48 8 49 9 50 10 44 11 25 15 24 17 27 18 48 20 34 21 31 28 31 29 49 30 33 17 1 44 2 44 3 36 4 28 5 37 6 43 10 17 11 34 12 23 14 26 19 20 20 49 23 39 24 22 25 19 29 47 30 25 4 9 43 16 33 17 15 22 49 13 1 20 3 18 4 33 7 20 8 30 9 29 11 17 20 34 21 27 24 45 25 47 28 17 30 10 14 1 49 3 47 7 19 8 36 9 31 10 47 13 46 16 28 17 25 21 45 25 15 26 47 28 44 29 19 10 1 15 3 11 5 23 7 18 13 25 14 14 16 19 20 15 26 26 28 44 17 4 39 6 20 7 29 8 40 10 29 11 19 15 40 16 29 17 33 19 45 20 48 21 29 23 40 24 26 26 39 27 30 29 25 13 1 36 2 27 4 25 7 18 8 21 9 24 13 28 15 24 16 37 17 47 18 35 22 17 23 35
6 8 2 16 7 11 14 14 15 12 17 48 25 27 26 33 28 25 5 4 28 5 26 8 47 10 50 11 17 10 1 37 2 23 4 43 5 13 9 46 12 20 19 41 26 40 27 36 30 32 14 1 33 5 22 6 22 7 25 8 48 9 46 10 33 11 29 20 50 22 49 23 19 24 36 28 17 29 28 18 1 17 3 44 4 20 5 34 6 35 7 41 8 17 9 26 10 22 11 41 13 49 15 17 18 24 19 17 20 34 24 49 29 49 30 37 11 1 11 5 15 6 32 13 34 14 23 15 50 16 14 18 32 22 24 26 12 28 43
6 17 1 22 2 20 3 11 4 47 5 48 6 31 8 48 10 17 13 20 14 24 15 26 16 27 17 34 24 43 26 38 27 41 29 28 12 3 34 4 35 8 46 12 18 13 44 14 49 15 19 16 18 21 46 22 45 26 13 28 16 11 1 13 3 46 4 36 6 30 12 23 13 27 19 45 21 12 22 18 26 36 28 22 4 1 20 5 27 12 29 26 37 9 5 33 8 40 12 15 13 41 19 37 23 35 28 20 29 23 30 16 7 1 28 9 24 13 43 16 50 19 39 23 30 26 12
4 5 10 23 16 10 21 35 23 24 27 41 8 1 49 2 32 4 44 6 22 15 47 18 32 20 45 28 50 17 1 33 2 18 5 45 6 32 7 45 9 30 10 12 11 21 14 42 18 38 19 17 20 21 21 35 23 39 24 48 27 37 28 30 4 12 23 13 13 15 40 26 43
5 12 2 12 4 28 11 12 12 12 13 35 21 45 22 24 25 25 26 37 27 32 29 12 30 31 4 2 28 12 44 26 24 30 24 11 1 20 4 17 6 19 9 50 13 43 15 28 23 42 24 17 26 13 27 44 29 20 12 4 13 6 12 7 41 9 15 13 46 17 48 19 35 20 35 22 49 23 41 25 11 29 45 15 1 37 3 42 4 39 5 40 9 17 11 31 13 34 14 21 17 32 18 22 20 50 23 10 25 29 26 33 30 35
5 17 1 46 3 43 4 29 5 17 6 38 7 13 9 39 10 39 12 17 14 23 15 27 19 49 21 10 23 24 25 39 27 30 28 18 16 1 20 3 23 4 36 7 11 8 14 10 23 13 35 15 13 16 47 17 33 18 35 19 33 20 47 22 28 24 10 26 45 9 1 33 3 30 4 11 6 45 7 33 11 15 14 41 21 44 26 41 6 2 35 4 17 5 49 20 43 24 13 26 35 7 5 31 13 14 20 17 21 33 23 18 24 35 26 32
6 10 2 30 6 50 8 20 14 21 17 40 20 13 24 23 26 26 28 39 30 42 12 2 19 6 26 7 11 10 37 11 25 17 48 19 18 22 40 24 11 25 11 29 17 30 49 18 2 11 3 25 5 27 8 41 9 42 11 44 12 21 14 48 15 48 16 11 17 20 18 30 19 32 20 33 21 12 26 36 27 47 29 28 16 2 44 4 47 5 41 6 26 7 12 8 34 13 39 14 27 17 46 19 29 20 45 21 11 23 20 25 46 26 38 30 22 10 1 28 5 35 13 19 15 40 16 14 19 37 22 16 24 21 25 28 27 18 18 2 47 3 13 9 36 10 11 11 14 12 42 14 39 15 18 18 25 19 38 22 48 23 22 24 50 25 29 26 18 27 33 28 37 30 21
6 11 3 44 4 49 6 49 7 38 13 13 17 18 18 42 21 47 26 11 27 49 30 18 6 2 48 8 22 12 13 18 24 20 36 25 29 4 3 21 8 14 27 10 28 19 14 2 21 3 22 4 20 5 44 7 37 9 15 12 46 14 48 15 27 16 38 17 10 25 11 26 20 27 30 10 1 37 2 23 4 32 10 13 16 46 17 22 18 11 21 25 24 36 27 49 4 4 16 18 19 22 24 30 38
3 9 4 36 6 34 8 34 11 20 14 17 22 32 26 39 29 32 30 49 14 2 47 3 48 5 24 6 32 7 21 9 30 14 35 16 31 17 46 18 40 21 47 24 24 29 42 30 24 4 17 11 18 38 19 13 29 22
5 17 2 40 4 35 5 11 6 20 9 11 10 21 12 10 13 10 15 20 18 14 19 10 20 16 22 20 26 41 27 30 29 17 30 29 10 1 48 3 34 5 32 9 37 13 20 15 46 16 29 22 44 24 50 30 25 10 1 33 7 47 8 37 11 12 12 19 13 11 21 39 22 43 26 49 27 42 11 6 16 9 50 11 12 14 30 15 19 16 50 20 10 26 25 27 39 28 29 29 14 10 2 40 6 50 9 29 10 13 11 35 12 49 14 27 17 10 18 13 26 16
4 9 4 18 6 12 9 36 12 48 14 20 23 16 24 40 28 49 30 16 11 2 14 3 10 4 46 11 24 12 27 13 17 16 18 17 31 24 48 25 27 27 32 6 3 15 4 32 10 26 15 25 20 47 23 15 12 1 32 2 14 4 39 6 25 8 24 14 25 23 15 24 14 26 12 28 27 29 29 30 41
5 17 1 17 2 19 5 16 6 13 9 16 10 25 11 25 12 10 13 17 14 27 15 10 17 32 20 36 24 24 25 15 26 29 30 50 12 5 38 8 42 11 38 13 26 16 44 17 48 18 15 21 37 25 43 26 41 28 46 29 46 8 1 38 11 24 14 35 21 35 22 46 26 48 27 30 29 42 6 1 46 4 13 11 50 13 46 18 25 22 21 17 3 19 5 27 7 43 9 27 11 29 12 44 13 16 14 30 15 42 17 42 19 48 21 50 24 46 26 48 28 13 29 33 30 49
3 10 6 30 7 23 8 30 11 21 13 48 15 25 16 38 21 22 27 47 28 14 16 1 31 2 46 3 39 5 23 16 34 17 37 18 31 21 25 22 45 23 31 24 44 26 50 27 37 28 49 29 27 30 42 9 2 22 5 22 6 26 10 50 12 14 16 17 21 44 26 29 29 18
8 18 1 45 2 17 3 32 5 43 7 47 9 29 11 47 12 42 13 49 14 44 15 19 19 16 20 40 21 21 24 14 25 19 28 28 30 32 16 5 17 6 24 8 11 9 49 10 23 13 47 14 37 15 22 16 32 17 15 18 29 19 34 23 48 24 16 25 41 30 31 13 3 49 4 41 5 15 6 24 12 50 18 16 19 14 21 11 22 48 23 48 24 10 26 13 27 10 12 1 14 3 21 5 31 7 17 15 48 16 28 17 31 18 39 21 30 22 27 24 49 25 33 18 1 42 2 36 5 33 6 10 9 33 11 41 14 12 15 22 16 31 17 50 19 34 23 48 24 38 25 21 26 15 27 27 28 25 29 42 11 2 48 4 16 5 19 6 37 13 26 19 21 20 37 21 49 22 35 27 30 30 30 6 4 41 8 36 14 15 16 39 21 49 28 31 14 2 23 4 15 6 41 7 39 8 49 9 21 11 31 15 25 17 25 18 44 20 11 26 31 28 50 29 34
6 8 1 47 3 46 11 15 18 45 23 24 24 11 27 18 28 43 15 1 28 4 17 5 44 6 23 7 32 12 20 13 30 15 36 16 18 19 13 21 27 24 38 26 20 28 49 29 21 14 3 25 4 17 6 49 7 38 10 36 13 11 16 15 17 33 20 26 22 45 23 13 27 26 28 15 29 21 15 3 30 4 25 5 33 6 12 9 48 11 10 12 40 13 21 19 41 20 32 23 33 24 20 25 14 29 32 30 44 15 5 24 7 49 8 45 9 37 10 14 13 32 14 14 16 42 17 40 19 15 20 23 25 18 26 36 27 18 28 18 17 1 19 8 17 11 46 12 21 13 39 14 18 16 38 17 21 18 48 19 23 20 38 21 16 22 32 23 25 26 42 29 12 30 32
6 9 3 31 7 39 9 31 10 35 18 43 21 41 24 31 28 10 30 46 8 11 22 13 18 20 34 21 42 25 25 28 38 29 26 30 16 9 1 24 5 14 7 36 8 18 9 28 20 23 24 17 26 31 30 34 15 1 40 2 12 4 25 5 11 10 48 13 10 16 42 17 39 20 34 21 40 22 31 23 17 26 16 28 16 30 45 7 9 19 12 37 16 46 20 21 24 39 25 38 26 25 7 4 34 5 19 10 20 16 45 18 37 24 42 30 38
3 11 1 26 7 50 8 26 10 44 15 34 18 36 21 21 22 40 23 20 26 16 28 50 9 3 40 5 10 6 39 7 41 10 24 14 49 20 36 25 25 28 43 11 1 11 3 24 6 23 7 14 13 28 15 13 21 11 22 31 24 34 25 19 27 31
4 14 2 28 3 26 6 48 7 26 8 33 12 11 14 15 15 38 16 29 21 47 26 16 27 18 28 23 30 36 10 2 31 3 47 8 43 9 50 10 42 14 18 18 28 22 47 24 21 25 11 11 1 22 5 26 6 10 10 43 11 47 17 33 19 46 21 38 24 18 28 22 29 40 8 4 29 7 21 9 46 11 41 13 48 15 13 23 22 25 20
6 17 1 21 3 38 5 36 7 43 8 36 10 45 11 36 12 37 14 45 18 38 21 14 23 43 25 43 27 16 28 33 29 19 30 17 13 2 34 8 34 11 48 12 36 15 11 16 17 17 46 20 15 22 48 24 46 25 28 27 40 30 29 15 3 19 4 42 5 25 7 48 8 37 10 19 17 25 19 18 20 46 21 43 22 38 23 42 25 25 26 30 29 28 6 2 33 9 46 10 18 14 19 15 37 28 10 17 1 39 2 49 5 33 8 22 10 44 11 36 13 39 15 22 16 10 17 32 18 43 19 48 25 24 27 20 28 22 29 12 30 23 12 1 42 4 32 6 26 11 18 12 48 21 34 22 15 24 31 25 47 26 49 27 14 28 22
7 11 4 26 12 39 13 37 17 47 20 45 21 36 22 13 27 37 28 48 29 12 30 36 9 9 15 10 28 13 36 16 46 19 31 20 17 23 36 24 18 30 45 18 1 13 2 21 3 31 5 37 9 49 10 35 11 17 12 45 13 24 14 12 15 36 16 40 17 11 19 48 20 22 22 30 24 50 29 16 8 2 33 3 35 5 33 7 22 11 39 14 39 19 44 29 17 8 3 18 5 47 6 48 14 50 15 28 20 14 27 31 30 45 17 2 34 3 34 4 40 6 50 7 11 9 50 10 15 12 15 14 47 18 49 21 12 22 41 23 12 24 22 25 24 26 11 30 24 6 1 18 7 21 15 31 19 10 21 49 24 44
6 17 1 28 2 40 3 13 4 37 6 12 7 17 9 40 10 19 11 35 12 13 16 40 17 14 19 22 20 34 24 35 27 48 29 18 11 3 28 5 40 9 24 10 36 11 20 13 33 15 22 17 39 23 13 26 35 30 36 16 2 11 4 11 6 41 8 49 10 29 11 47 17 18 18 31 19 29 20 45 21 49 23 17 24 40 26 28 28 13 29 40 12 4 16 8 36 9 27 13 22 17 28 19 15 20 24 23 15 25 39 26 13 28 24 30 27 16 5 26 7 40 8 23 10 32 11 25 12 23 13 38 15 44 16 18 17 50 18 25 20 24 22 28 23 43 26 48 29 39 4 4 36 18 18 19 10 23 24
7 13 2 42 4 26 5 18 6 40 7 12 9 19 18 28 19 39 20 28 24 48 26 14 27 40 30 24 14 3 30 8 33 9 29 10 37 18 27 19 46 20 49 21 46 23 27 24 34 25 33 26 39 27 44 29 15 6 4 33 7 24 8 14 11 16 18 37 21 43 9 2 30 10 29 12 17 13 22 19 19 20 50 22 49 24 29 27 37 13 2 17 3 10 4 43 11 12 14 14 16 42 19 33 21 49 23 50 24 26 25 49 27 25 29 48 11 3 25 4 31 8 33 12 43 16 40 18 15 20 37 21 32 24 39 25 21 29 20 5 9 47 12 19 21 30 26 23 30 35
3 18 1 20 2 44 3 11 4 43 5 29 6 32 8 35 9 35 10 24 11 44 12 46 13 41 20 29 21 20 22 41 24 11 26 46 30 46 12 3 21 4 35 6 20 8 39 9 31 10 23 15 30 17 24 20 19 22 15 26 43 28 35 9 1 22 2 15 3 17 8 48 9 33 16 49 17 50 24 16 28 49
3 6 15 20 20 43 24 40 25 40 27 19 30 32 17 3 25 4 18 5 46 6 40 7 29 10 22 12 10 13 30 15 44 16 37 17 34 21 32 22 41 24 24 27 23 28 15 29 13 11 2 45 3 30 5 45 6 18 7 20 11 16 12 12 13 23 14 36 22 31 30 46
6 10 2 33 6 34 7 49 14 10 16 25 17 36 21 27 26 36 27 15 30 35 12 2 14 6 16 9 30 10 40 14 45 19 34 20 45 21 30 24 13 27 39 29 40 30 15 5 2 26 10 38 17 30 23 30 27 34 17 3 42 4 41 5 28 10 31 11 23 13 14 17 32 18 40 20 21 22 32 23 49 25 17 26 10 27 16 28 47 29 28 30 32 10 1 43 3 29 6 18 9 35 10 26 12 12 13 43 17 42 19 18 25 46 4 7 25 18 21 22 50 24 37
5 15 2 13 5 31 6 25 7 29 10 35 11 38 14 42 15 35 17 40 18 36 22 35 25 31 26 38 28 42 30 46 5 6 50 7 20 10 26 14 39 25 14 11 2 15 3 42 4 23 5 12 7 14 15 19 17 33 19 32 24 24 27 22 29 25 13 1 47 2 19 3 38 4 36 5 23 7 15 13 47 14 43 17 25 19 29 23 23 24 18 26 13 16 1 28 5 13 6 49 7 49 8 35 9 16 10 26 14 48 15 20 16 48 21 18 23 42 25 47 26 40 28 33 30 27
7 14 2 15 4 15 6 19 7 38 13 11 15 38 17 26 20 35 21 50 24 17 26 17 27 42 28 35 30 28 4 4 49 16 21 27 38 30 23 12 1 13 3 11 8 13 9 10 10 14 12 17 14 11 15 15 17 40 24 49 28 26 30 13 4 5 14 12 33 22 44 29 14 18 2 23 3 30 4 48 9 47 10 16 12 41 13 32 15 27 19 18 20 22 21 32 22 13 23 35 24 31 25 39 26 33 27 15 28 10 8 4 14 6 30 11 13 14 28 18 45 21 29 23 31 28 16 13 1 21 2 11 6 31 8 35 10 41 13 48 15 11 18 49 19 47 23 18 24 27 29 39 30 23
4 11 2 19 3 34 4 16 6 41 7 41 8 21 10 12 12 50 14 44 17 22 25 13 4 1 46 19 32 21 12 29 25 12 1 47 3 14 7 38 8 12 12 15 14 26 18 42 22 45 23 22 26 41 27 49 30 29 14 2 23 3 46 4 12 5 32 7 27 8 43 9 33 10 29 17 36 18 44 22 27 23 42 25 50 30 35
6 8 4 46 8 21 14 12 16 14 17 30 19 13 22 30 27 25 8 2 26 10 47 13 39 15 31 17 37 20 49 21 28 22 17 7 1 44 11 14 17 44 18 43 19 36 23 33 26 46 13 1 17 6 16 8 26 9 29 10 15 12 23 15 48 19 21 20 49 24 26 25 36 27 24 30 15 17 1 27 5 46 6 40 9 11 10 49 11 30 13 19 14 26 16 37 17 30 19 40 20 19 23 34 26 30 27 44 29 17 30 32 13 2 29 4 32 7 42 8 35 11 33 12 12 13 27 18 29 20 15 21 19 24 16 26 25 30 41
4 4 4 27 12 34 17 15 28 17 13 3 48 4 47 5 32 6 26 8 43 9 28 10 32 12 42 14 34 16 43 22 24 23 39 30 14 16 2 45 3 28 5 12 7 50 9 44 14 30 18 14 19 34 20 30 22 25 23 16 25 39 26 12 27 48 28 37 30 31 17 2 48 4 50 5 42 7 18 10 18 11 15 13 31 15 49 16 39 19 40 20 49 21 23 23 47 24 21 26 20 28 43 29 13
6 15 1 30 3 35 5 34 6 22 8 24 9 47 12 45 15 39 18 41 23 41 24 16 25 28 26 24 27 13 29 12 15 1 31 3 39 6 37 8 11 9 11 12 43 13 25 15 37 16 40 22 12 23 26 24 27 26 34 29 32 30 12 7 13 28 15 46 16 43 20 38 22 47 26 35 30 42 10 3 20 5 35 10 11 11 14 18 27 19 47 20 30 21 38 22 19 26 37 8 3 45 4 47 6 15 7 11 9 13 15 15 17 37 30 24 9 2 48 4 13 9 49 12 27 13 10 20 50 21 32 24 38 25 36
5 4 10 27 12 35 17 26 18 19 10 8 41 12 47 14 40 15 29 16 22 17 21 18 14 24 12 25 34 27 30 11 6 27 7 20 9 43 10 19 12 39 16 40 20 38 21 14 22 39 24 22 29 39 5 9 24 12 50 25 32 26 22 29 46 4 1 35 26 19 27 37 28 38
5 11 3 13 4 29 5 23 8 50 10 44 12 38 17 31 19 28 26 29 27 46 28 20 6 2 22 4 32 7 24 18 11 26 29 27 34 9 4 47 14 19 15 35 21 32 22 14 24 21 25 23 26 34 29 22 13 1 19 4 50 7 27 8 28 11 38 12 19 13 44 22 35 24 29 25 39 27 40 29 47 30 15 17 4 32 6 23 7 19 8 11 10 43 12 15 14 37 15 27 18 40 20 10 21 13 22 43 23 13 26 36 28 22 29 41 30 17
5 14 1 36 3 43 4 29 5 16 7 50 8 41 9 49 10 47 16 39 17 46 18 23 28 10 29 41 30 16 15 5 45 6 34 8 45 9 47 10 16 11 38 13 35 15 36 16 40 17 10 18 49 20 46 21 46 27 12 28 42 5 7 17 9 41 18 14 24 46 30 29 14 1 21 3 21 4 40 7 27 11 49 12 10 13 10 15 12 16 31 19 32 21 35 23 48 27 25 29 42 12 2 20 7 11 10 44 11 16 16 26 19 33 21 42 23 15 24 36 28 13 29 39 30 48
8 6 1 17 2 21 11 35 22 31 26 22 28 20 18 1 14 4 27 5 30 8 35 9 23 11 32 12 41 14 48 16 15 17 41 18 29 20 12 22 43 23 24 27 41 28 44 29 36 30 32 15 1 32 3 49 5 37 6 11 12 12 13 49 15 14 18 20 20 47 21 32 22 29 23 32 24 25 25 44 27 30 18 2 15 4 49 5 35 8 46 10 48 11 47 13 15 14 22 15 31 16 20 17 19 19 22 20 50 22 10 25 20 28 41 29 34 30 45 6 8 50 10 14 11 44 17 45 20 35 26 46 17 4 44 5 12 6 39 7 25 10 17 11 48 12 18 14 49 15 29 20 28 21 43 22 29 24 48 27 11 28 41 29 13 30 35 13 3 15 6 19 8 15 10 10 12 38 13 28 16 29 17 16 19 23 20 15 23 28 24 12 27 23 11 1 42 9 16 10 13 11 24 12 33 14 28 17 41 19 45 23 49 24 42 27 22
5 12 1 32 2 33 3 27 6 43 8 12 11 35 13 30 14 36 15 35 19 37 25 50 29 45 18 1 19 2 41 3 26 4 42 5 50 9 17 11 38 13 26 15 31 16 44 17 23 18 13 19 47 21 19 23 37 25 46 26 35 27 13 11 1 29 4 22 7 14 8 38 10 10 13 19 16 38 20 16 23 44 24 37 30 12 11 6 27 7 49 8 15 15 22 17 46 20 15 21 39 23 48 25 35 26 23 27 28 10 1 39 4 18 5 31 7 35 8 15 9 37 14 38 18 38 26 12 27 35
3 6 9 40 17 37 21 46 22 25 25 50 26 10 17 1 40 3 17 4 18 8 30 9 29 10 41 11 21 12 20 13 40 15 21 18 11 20 42 21 49 24 16 26 34 29 17 30 10 14 1 43 5 49 6 43 9 41 11 42 12 24 13 32 14 34 17 24 18 30 21 47 24 18 26 45 28 21
3 16 4 20 5 32 9 39 10 46 11 30 12 16 14 27 15 35 18 38 19 26 20 38 25 24 27 20 28 26 29 42 30 44 11 2 11 3 31 5 36 7 19 8 38 12 31 16 46 18 37 19 16 23 23 29 29 14 1 24 4 36 5 21 6 15 11 43 12 37 17 16 18 48 19 20 21 25 24 33 25 31 27 38 28 15
8 4 4 30 15 29 18 23 21 48 10 1 14 6 24 11 26 12 42 14 17 15 34 16 32 21 39 22 34 23 13 17 3 39 7 12 8 19 9 43 10 47 11 35 12 38 15 32 19 37 20 30 21 39 22 24 24 45 26 16 27 25 28 14 30 25 18 1 49 3 41 5 32 7 45 8 28 10 48 11 28 14 26 15 10 16 27 17 27 19 20 21 37 23 10 24 22 25 19 29 15 30 50 16 2 14 3 13 5 46 6 46 8 20 10 37 11 40 12 20 13 31 15 43 16 27 20 33 21 18 23 49 25 19 29 31 7 2 19 3 27 11 31 14 34 19 11 20 13 28 48 10 3 31 4 10 7 44 10 39 14 48 16 45 18 36 20 16 22 25 29 17 8 6 50 7 12 10 12 14 17 15 23 21 26 22 10 28 17
7 7 1 17 6 32 9 31 17 20 18 43 25 32 30 16 17 1 28 3 12 4 45 8 46 12 16 13 35 14 49 15 14 17 42 19 32 21 36 22 47 24 42 26 24 27 11 28 31 30 46 14 4 15 5 21 11 40 13 39 14 30 16 42 18 27 19 41 20 35 21 16 23 13 25 11 27 41 29 30 8 2 28 9 26 14 15 17 50 18 26 24 27 26 16 27 10 18 2 12 3 31 6 15 9 12 10 18 11 47 12 26 14 39 16 36 17 24 18 22 19 26 20 10 23 50 24 44 26 24 27 44 30 44 16 1 25 2 32 3 16 4 32 5 47 6 37 8 39 10 28 11 22 14 48 16 45 17 34 20 17 23 10 25 38 28 13 7 2 16 8 38 15 17 16 30 18 18 20 24 26 32
4 18 1 10 4 50 9 18 10 26 11 24 12 41 13 34 14 10 15 36 19 11 21 40 22 50 24 25 25 48 26 26 27 37 28 14 30 47 13 1 44 2 42 3 28 4 37 7 11 11 43 13 19 18 30 21 40 23 20 24 14 26 29 27 18 6 1 13 4 45 22 38 25 16 26 27 27 45 17 5 23 6 43 7 45 8 47 9 32 10 18 11 19 16 15 17 27 18 25 19 35 21 37 22 45 23 11 27 46 28 11 30 13
6 10 1 16 3 49 5 13 8 49 11 49 14 46 18 32 21 47 22 40 26 25 12 7 46 8 44 12 17 13 36 15 12 16 45 21 42 23 15 24 19 25 41 28 49 29 44 13 1 18 2 18 3 33 7 48 8 21 10 45 11 11 17 43 20 48 21 21 22 46 29 46 30 35 16 1 26 2 14 3 37 5 36 6 47 7 31 8 23 16 31 17 24 19 17 23 13 24 41 25 46 26 30 28 27 30 49 17 1 11 3 41 4 38 5 14 7 24 9 46 13 31 14 38 16 41 18 44 19 38 21 16 22 49 23 35 24 25 26 19 27 16 9 6 22 7 45 10 29 11 42 15 48 20 45 26 24 27 11 29 24
6 11 1 36 9 25 14 26 15 40 16 16 20 37 21 14 22 15 23 35 26 39 27 18 6 6 27 14 44 15 39 21 49 25 17 27 34 12 2 18 3 44 8 17 9 33 10 41 11 48 13 48 15 14 21 37 25 16 26 25 30 36 18 1 35 3 21 4 34 5 46 7 30 8 35 9 46 10 14 11 35 13 21 14 13 17 23 20 30 21 11 23 21 27 46 28 32 30 16 13 6 31 7 21 8 19 11 46 13 34 16 44 19 27 20 42 21 25 23 50 26 33 27 25 29 47 15 1 11 5 47 6 33 13 28 15 49 18 21 19 41 21 28 23 43 25 11 26 44 27 28 28 39 29 41 30 40
94 50 70 94 43 49 60 61 61 106 78 117 53 63 131 52 49 114 91 93 116 78 112 48 98 103 79 127 58 45 54 140 83 88 85 56 91 71 99 127 156 44 49 49 142 87 130 133 71 68 116 90 128 49 130 97 56 103 99 72 50 69 85 119 112 49 97 57 75 44 144 109 87 39 78 95 107 103 101 37 36 98 93 119 69 107 65 98 70 75 96 107 72 51 51 120 93 71 101 114
1 3 2 3 3 2 3 2 2 3 3 3 1 3 1 1 3 2 2 2 1 1 2 2 3 2 2 2 1 3
# Instance ID: 90
# Total operations: 536
# Actual flexibility: 0.376
# Generated: 2026-02-14 14:26:23
# Format: Extended Brandimarte for MOFJSP (Comparison Dataset)