75 25
7 15 1 24 3 21 6 17 7 30 9 11 10 42 13 27 14 41 15 37 17 10 18 16 21 34 22 24 24 24 25 32 3 18 48 19 49 21 21 14 2 39 6 10 7 19 8 48 10 24 13 13 14 28 16 37 17 32 18 36 20 21 22 33 23 43 25 39 7 3 42 7 22 14 38 15 22 16 18 18 20 21 12 8 2 11 9 49 14 16 15 40 21 50 22 50 24 12 25 43 3 7 31 9 28 21 47 6 3 26 5 32 11 13 13 40 15 22 18 15
4 9 2 13 6 15 10 41 15 44 18 31 20 26 21 28 22 41 25 46 11 3 35 6 11 8 16 13 15 14 15 15 35 20 17 22 39 23 11 24 23 25 23 13 1 26 3 36 5 42 6 38 10 43 11 41 12 23 13 17 14 36 17 45 19 12 21 32 22 10 4 7 10 11 29 14 30 16 18
6 15 1 29 3 31 5 29 6 47 7 10 10 31 12 28 13 25 15 30 16 25 18 35 19 12 20 50 21 11 22 19 4 15 24 19 24 21 49 25 15 8 1 23 2 18 5 32 8 43 12 12 13 41 17 47 24 47 12 4 17 5 29 7 50 8 47 10 34 12 44 13 39 14 21 15 49 16 23 23 24 25 12 14 1 46 2 20 8 23 9 49 10 18 11 14 12 18 13 42 14 28 17 32 18 24 20 49 23 37 24 38 3 3 14 12 12 24 20
3 4 1 17 2 33 21 23 23 15 8 2 20 3 37 5 25 6 10 10 46 16 39 18 39 25 12 3 5 48 8 17 20 38
6 4 8 10 9 23 18 33 21 35 4 11 46 16 43 22 38 23 15 15 1 47 2 29 4 44 5 36 10 30 14 44 15 24 16 14 17 25 18 12 19 15 20 33 22 20 23 27 24 49 6 3 42 9 46 10 24 13 14 18 36 21 16 9 1 34 7 25 8 14 13 15 16 15 20 40 21 14 22 19 25 11 7 3 49 6 23 8 13 14 31 15 21 17 33 25 49
7 4 7 15 15 13 19 29 24 15 3 6 41 22 33 24 30 9 2 46 4 24 8 24 9 19 14 19 16 31 17 12 19 36 23 11 10 1 47 2 32 6 42 8 45 13 36 14 33 16 31 21 35 22 19 25 23 3 3 19 17 18 23 33 7 2 16 8 16 11 10 12 40 16 13 19 21 23 20 10 2 50 4 46 5 11 7 42 8 43 9 14 11 14 12 21 20 45 23 14
6 4 1 20 5 18 9 45 18 26 6 5 20 9 25 13 34 15 47 17 16 18 24 14 2 18 3 16 5 25 7 30 8 38 12 17 14 17 16 18 17 35 19 16 20 34 21 50 23 22 25 45 7 4 38 6 37 7 42 10 39 16 17 17 30 22 33 10 1 50 5 25 8 12 9 17 12 40 14 36 17 32 18 27 21 33 25 29 13 1 38 3 11 5 29 6 11 7 21 10 39 11 42 12 22 18 36 20 21 21 39 22 43 25 20
6 12 1 43 2 49 3 14 5 43 9 24 11 33 14 30 15 38 16 46 17 18 20 12 23 18 6 2 15 3 50 7 25 9 10 16 50 20 10 9 2 31 3 25 8 21 12 26 14 14 17 19 18 33 21 48 24 38 3 2 10 7 16 8 23 5 1 23 10 35 12 35 15 19 20 41 5 5 38 20 24 21 42 24 41 25 28
6 4 5 13 7 22 19 29 25 45 4 3 24 7 19 17 41 20 35 5 2 20 3 24 4 14 10 29 16 37 8 3 38 10 40 13 23 16 25 19 17 21 32 24 19 25 35 14 2 12 3 37 4 49 5 39 7 20 8 18 10 17 12 39 14 33 16 16 17 40 21 25 22 37 24 43 5 2 14 3 43 12 24 16 38 20 37
7 4 6 21 9 15 16 11 17 20 4 10 32 11 16 16 17 20 36 5 3 25 4 31 10 33 18 16 21 19 12 2 47 4 41 5 11 6 47 8 27 9 46 11 16 14 11 17 36 18 34 19 42 23 38 15 2 11 3 24 4 31 5 37 6 29 9 49 10 10 11 16 12 14 13 42 16 34 17 33 20 17 22 29 24 22 3 15 15 17 17 22 25 8 4 45 5 22 12 48 13 40 16 47 20 31 21 44 24 31
8 14 2 10 4 38 8 36 9 25 10 21 11 44 14 23 15 21 16 18 17 12 22 47 23 25 24 22 25 47 3 2 15 20 26 22 30 15 1 32 3 23 4 23 6 16 8 13 10 32 11 37 15 20 16 21 18 14 19 10 22 49 23 24 24 19 25 49 3 9 40 11 36 16 29 6 5 48 7 32 10 32 13 48 20 19 25 24 9 3 14 5 39 6 28 7 13 12 48 15 43 16 46 20 18 24 32 15 1 48 4 21 6 13 9 35 11 13 12 21 13 35 14 32 15 47 17 37 18 28 20 41 22 39 24 41 25 47 8 2 22 3 46 9 49 13 25 14 31 20 35 21 16 25 10
6 3 6 48 13 32 19 23 8 1 30 2 33 3 19 6 45 11 42 12 42 19 18 22 25 4 11 39 12 48 23 27 25 34 6 2 10 4 16 6 43 15 47 17 32 19 23 4 2 28 8 37 20 29 21 38 3 5 50 20 24 22 12
4 6 4 36 6 18 15 47 18 37 19 41 21 40 11 4 34 5 30 6 32 7 40 8 16 9 24 10 33 11 37 14 39 16 20 25 20 6 2 25 5 49 8 25 10 31 14 42 24 17 6 5 23 19 34 20 37 22 32 23 32 24 40
7 15 1 23 2 14 3 27 4 33 5 10 7 19 9 45 12 25 14 46 15 47 17 24 18 22 20 43 23 27 25 32 9 2 30 5 47 6 45 8 19 12 44 13 13 14 25 16 45 23 25 7 5 46 12 10 13 50 15 47 17 46 20 32 22 43 14 2 26 4 12 5 19 6 11 7 10 12 35 14 50 15 41 16 33 17 33 19 22 20 27 23 36 24 22 10 1 30 3 35 4 13 7 32 9 31 12 43 13 10 17 22 20 50 21 39 15 1 10 2 25 5 41 7 45 9 17 10 50 11 18 12 47 16 42 17 24 18 41 19 34 20 47 22 48 25 38 5 1 16 2 50 9 36 11 29 18 27
6 8 2 47 5 38 11 34 12 35 17 20 19 26 21 12 24 49 14 2 28 3 39 5 11 7 32 9 22 11 27 17 14 18 22 19 29 20 15 21 43 22 36 23 11 24 23 3 10 29 12 50 13 40 8 1 24 8 50 9 33 14 31 15 11 18 49 22 24 24 28 5 10 44 16 48 17 31 18 19 21 40 6 4 25 9 38 12 35 13 15 16 38 18 16
8 14 1 19 2 48 4 35 5 38 10 34 11 36 13 15 14 31 16 49 18 43 19 45 22 17 23 45 24 31 8 3 17 7 36 10 19 14 31 16 30 17 37 20 42 25 32 12 1 32 2 33 3 49 10 35 11 28 15 35 17 45 18 29 21 46 22 42 24 16 25 14 13 1 26 4 30 5 31 8 37 9 48 11 13 12 11 17 24 18 49 19 39 20 50 21 49 22 34 10 2 15 3 29 4 33 5 22 6 26 10 48 12 23 17 38 18 27 24 31 7 4 43 5 44 7 41 14 48 16 35 18 49 20 29 11 1 10 2 29 3 28 4 22 6 18 9 14 13 42 18 34 19 28 20 35 25 37 7 2 12 4 25 8 17 9 23 13 38 18 49 21 26
7 6 2 48 3 17 4 20 9 14 12 27 22 21 12 1 14 2 38 6 32 7 28 10 50 11 29 13 12 15 20 16 42 17 13 22 11 23 11 6 3 42 6 38 10 39 12 41 23 46 24 23 8 1 19 4 21 6 29 7 34 11 24 13 27 16 29 25 16 9 1 37 2 41 3 39 8 33 9 28 14 43 17 27 20 41 25 48 3 14 32 20 27 22 43 10 5 28 6 43 14 22 15 25 19 16 20 20 21 11 22 40 23 15 24 16
5 11 3 49 6 20 7 32 9 30 10 48 11 15 16 28 19 42 20 21 21 26 23 42 8 1 31 2 10 3 29 6 19 10 15 12 36 18 15 23 10 11 2 35 3 18 5 27 10 49 11 20 13 16 14 17 16 35 17 47 21 14 23 45 9 1 41 2 27 8 40 10 37 11 26 12 13 13 31 22 17 23 22 14 1 37 3 10 4 45 7 39 9 40 11 31 13 23 16 27 18 28 19 34 21 17 22 25 24 37 25 22
8 12 1 25 2 44 5 13 6 23 7 13 8 30 9 28 11 49 12 35 15 29 16 14 17 32 14 1 29 3 34 4 50 5 29 6 14 10 41 11 40 12 48 13 16 14 10 16 38 20 43 24 45 25 12 8 6 14 8 23 11 35 12 38 13 36 17 40 20 39 23 36 7 6 16 10 39 14 49 18 32 20 50 21 42 24 32 15 1 41 3 29 4 46 5 35 6 26 7 27 8 15 10 31 12 13 16 49 19 47 20 45 21 47 24 22 25 37 10 3 44 4 34 6 25 7 38 10 24 13 44 19 32 22 29 24 43 25 18 6 3 31 5 23 8 48 11 47 12 24 13 21 9 5 50 6 14 7 22 8 13 10 42 11 40 15 37 16 46 19 33
4 14 1 39 2 43 5 17 7 35 8 17 9 46 10 32 14 37 15 27 17 16 21 27 22 33 23 12 25 16 10 1 50 4 29 5 47 8 42 14 40 18 45 19 44 22 15 23 26 25 10 6 5 10 8 18 14 49 15 48 17 20 20 20 6 6 29 7 24 10 21 15 30 17 12 21 21
6 14 3 27 4 37 5 26 8 10 10 10 11 20 13 48 14 22 17 17 19 48 22 14 23 18 24 47 25 14 3 2 28 14 43 22 32 4 5 37 10 15 12 40 22 16 8 1 14 2 46 4 30 11 45 12 30 14 21 20 26 21 18 11 3 33 4 25 7 46 8 11 9 31 14 50 18 30 20 40 21 25 22 23 25 18 11 2 26 3 18 4 41 6 43 9 31 12 30 13 35 15 15 17 16 18 16 24 26
5 14 1 49 2 35 5 10 7 16 8 40 12 48 14 38 16 20 17 41 18 25 19 47 20 46 22 45 24 44 15 2 28 3 39 5 13 7 28 8 40 11 19 12 17 13 27 14 42 15 19 16 44 18 20 20 35 24 41 25 26 4 2 47 5 41 19 21 22 22 11 5 19 6 22 8 14 9 37 12 50 13 21 15 17 17 45 18 47 24 45 25 21 14 1 16 2 50 5 50 9 11 11 31 12 28 13 49 15 21 16 33 18 37 20 40 21 38 23 26 25 34
5 3 9 39 12 40 23 27 13 1 44 2 45 4 15 8 28 10 29 11 26 13 23 14 38 19 38 22 10 23 27 24 13 25 13 12 2 32 3 46 5 28 9 43 10 14 13 46 14 25 15 38 16 47 18 13 22 15 23 38 11 1 39 4 21 7 37 9 34 11 16 14 34 16 45 19 13 22 27 23 14 25 10 3 3 16 20 16 25 19
7 12 2 30 5 27 8 23 11 11 12 50 13 46 14 48 15 17 19 20 20 50 21 25 22 26 8 4 10 5 37 6 34 7 13 18 15 19 23 21 10 23 50 6 1 24 5 19 10 10 12 41 19 48 20 12 7 6 44 11 42 12 40 17 21 18 38 19 23 24 35 15 1 10 3 16 4 24 5 43 9 36 10 46 11 15 13 29 14 41 16 45 17 40 19 27 21 40 23 47 25 22 10 3 10 4 48 5 23 6 14 7 40 8 27 15 29 19 17 22 43 23 38 11 1 27 6 42 9 46 10 49 11 18 12 36 15 26 16 45 19 30 24 22 25 26
5 13 1 24 2 17 8 45 9 35 10 42 11 44 12 32 14 45 15 46 18 44 19 28 20 13 25 27 9 1 10 3 36 4 15 7 45 12 25 13 35 20 39 21 45 22 24 11 4 32 7 26 9 12 10 49 11 20 15 17 16 38 17 45 20 45 22 19 23 42 14 3 45 4 20 5 44 7 46 10 41 11 20 12 34 13 47 15 15 17 46 19 45 20 17 24 13 25 27 12 2 34 4 24 6 42 9 42 10 20 14 12 16 19 17 10 18 10 21 11 22 39 24 11
4 5 12 38 14 46 15 20 16 37 23 47 7 5 44 6 27 12 20 13 39 18 45 19 34 20 20 8 2 24 4 27 7 28 9 44 13 38 18 47 21 28 23 12 3 17 43 21 24 25 39
4 14 1 41 4 27 5 25 6 44 9 42 10 14 14 20 15 50 18 50 19 33 22 42 23 38 24 22 25 29 4 1 35 4 40 16 24 24 14 4 10 16 15 48 20 44 23 34 10 4 46 5 25 9 20 12 28 16 38 18 27 21 35 23 10 24 10 25 45
3 13 1 10 5 11 7 31 9 49 10 23 11 44 14 25 18 36 19 25 20 26 21 16 22 32 23 48 11 3 50 4 11 5 40 6 15 10 35 11 22 13 31 20 44 21 32 23 38 25 36 14 1 27 5 24 7 38 8 14 9 22 11 48 15 28 16 40 18 23 19 23 22 18 23 49 24 26 25 11
4 14 1 21 2 37 3 14 4 33 7 46 9 14 10 46 11 26 14 34 15 41 16 20 19 10 21 23 24 30 13 1 13 3 37 5 14 7 41 8 35 13 17 18 10 20 29 21 30 22 32 23 38 24 38 25 36 9 3 13 6 42 7 21 10 29 17 36 18 42 19 20 22 13 23 45 10 2 36 4 27 5 42 11 30 13 38 15 22 18 25 22 44 24 32 25 19
8 13 4 39 5 18 8 21 10 26 11 23 14 44 15 36 16 11 18 18 20 47 22 40 23 31 25 25 12 3 39 4 31 5 39 7 49 8 20 12 14 14 19 16 15 18 43 19 36 21 14 25 46 12 1 47 3 22 4 25 5 39 8 23 10 27 12 23 14 27 15 50 16 28 18 33 25 20 11 1 25 2 49 3 33 12 15 14 24 15 15 17 12 18 36 19 44 22 32 24 12 11 1 17 2 18 5 44 10 10 11 17 15 30 16 18 17 22 18 48 19 49 25 15 4 9 42 13 26 14 29 18 40 15 2 42 3 24 5 25 8 36 9 35 10 39 11 10 12 41 14 35 15 26 19 49 20 47 21 25 24 49 25 18 5 5 15 6 43 7 21 11 39 14 24
5 9 1 42 7 42 9 35 12 35 15 33 16 43 17 22 19 29 21 46 12 1 19 4 50 5 17 6 23 7 36 9 32 13 18 15 16 16 11 19 20 21 14 25 45 13 4 45 6 43 7 31 8 26 11 35 13 13 16 16 17 49 18 45 19 20 20 10 23 12 24 10 9 2 16 7 15 8 23 10 30 12 41 15 17 17 44 18 14 21 14 10 3 47 6 39 7 24 8 10 11 20 16 12 20 40 22 22 24 28 25 40
4 6 1 26 10 16 11 46 13 25 20 46 25 40 12 1 29 2 27 4 25 6 47 13 22 14 22 17 24 18 11 19 49 21 46 22 47 23 13 10 2 40 6 46 8 10 12 23 13 29 14 34 16 30 18 26 21 44 24 30 12 1 15 2 39 3 22 4 15 7 17 8 49 12 44 14 50 16 11 20 48 22 11 25 38
7 6 1 48 11 44 17 32 19 45 23 33 25 13 8 2 13 4 31 5 43 16 14 17 28 20 16 21 50 22 15 13 2 49 5 17 9 29 15 43 17 47 18 49 19 43 20 26 21 27 22 40 23 22 24 35 25 19 12 1 25 2 20 7 47 12 14 14 31 15 21 17 32 19 40 21 28 22 18 23 41 25 44 15 1 25 2 23 5 50 7 18 10 34 11 38 12 11 13 44 14 48 15 32 16 32 17 22 22 13 23 25 25 43 13 5 47 8 17 9 38 11 17 12 18 14 42 15 37 16 13 18 22 21 14 23 32 24 18 25 36 11 1 26 5 49 6 45 8 43 10 26 11 16 12 14 16 39 20 10 22 32 24 13
3 15 2 27 4 38 6 39 7 46 8 30 10 39 11 14 12 45 14 21 15 25 16 20 20 29 21 17 23 36 24 12 13 1 38 7 15 8 37 9 25 12 24 15 15 16 21 20 17 21 36 22 16 23 45 24 42 25 48 14 6 15 7 20 8 10 10 31 11 20 12 40 13 14 14 15 15 29 18 14 19 11 21 13 24 44 25 28
5 7 1 49 9 18 13 14 19 16 21 21 24 33 25 25 11 1 11 2 13 6 28 8 37 13 11 14 37 17 49 18 10 23 45 24 16 25 46 6 1 46 5 23 8 40 13 14 14 33 19 31 13 1 30 3 10 8 50 11 46 12 23 14 12 15 43 17 15 18 10 19 23 21 23 22 32 23 36 6 2 40 9 48 15 42 17 19 18 15 21 50
3 5 1 29 5 35 10 30 20 23 24 42 13 1 40 4 21 6 42 8 19 9 10 11 34 12 50 16 20 17 44 21 23 22 40 23 49 24 38 15 1 33 3 37 4 11 5 21 6 40 7 41 8 32 12 30 13 37 14 45 15 22 20 33 22 35 23 13 24 13
5 3 2 29 18 45 19 45 15 3 24 5 29 8 19 9 11 10 33 11 22 13 29 15 42 17 32 18 22 19 40 22 22 23 22 24 44 25 42 6 2 11 5 29 11 21 14 35 23 10 25 25 14 1 25 3 15 4 47 9 33 14 14 15 25 16 45 17 16 20 14 21 33 22 50 23 32 24 20 25 34 15 4 47 6 22 8 16 9 29 11 44 13 31 14 34 15 15 16 25 17 38 19 22 20 26 23 13 24 47 25 31
7 13 1 27 3 37 4 37 5 31 7 17 9 37 10 48 12 27 14 44 15 21 18 30 19 14 22 11 15 2 21 3 41 4 28 6 10 7 41 8 28 10 44 11 20 12 25 15 44 17 41 18 27 20 38 21 39 23 40 12 5 34 6 12 7 47 8 49 11 32 12 13 14 43 18 13 20 32 22 36 23 37 25 17 9 5 31 6 20 14 46 16 21 18 45 19 41 21 14 22 31 24 24 14 2 40 6 11 8 38 9 13 10 12 11 10 14 23 16 26 17 46 20 18 21 16 22 41 23 31 25 22 6 3 23 9 28 12 19 13 23 18 21 23 15 9 1 33 2 49 6 49 8 23 13 39 15 10 17 37 20 22 25 50
3 15 1 21 3 30 4 18 5 41 7 45 8 49 9 29 11 14 14 43 15 20 17 19 18 39 21 44 22 19 25 27 11 2 26 4 14 8 23 9 22 15 18 16 40 19 32 20 20 21 37 22 20 25 18 6 6 43 9 47 11 32 16 48 17 24 18 27
6 8 2 37 3 48 4 16 6 31 9 29 13 35 16 46 21 14 8 5 24 6 14 9 46 12 36 15 45 16 31 22 24 24 22 5 13 47 16 50 18 38 22 30 24 41 12 3 27 4 43 9 11 10 49 12 33 15 50 17 48 21 46 22 50 23 12 24 33 25 11 12 4 34 5 42 6 48 8 33 9 14 10 39 12 49 13 14 16 38 21 34 23 19 25 14 9 1 35 3 23 7 49 12 14 13 34 15 11 21 27 22 23 24 40
8 7 2 15 5 44 6 40 11 18 16 24 21 38 23 14 11 4 18 5 39 6 16 11 11 14 12 15 15 17 22 18 26 21 19 23 10 24 50 8 1 32 2 46 8 10 10 35 14 36 17 15 21 31 22 44 14 1 35 6 26 7 35 8 39 9 39 11 32 13 28 17 36 18 44 19 45 20 16 22 15 23 47 25 34 13 1 29 4 30 5 11 9 38 11 34 12 40 14 13 15 44 17 40 19 24 20 12 22 13 25 36 12 1 49 4 17 6 26 11 11 14 29 15 13 17 47 20 25 21 44 23 21 24 33 25 10 13 1 41 2 39 5 40 7 22 11 29 12 23 13 42 14 16 17 30 20 33 22 15 23 13 25 15 15 4 10 5 43 6 28 7 14 8 18 10 50 12 11 13 49 14 18 18 19 19 23 20 19 21 26 23 42 25 44
8 12 3 25 4 49 5 30 8 29 12 36 15 13 16 48 17 35 18 32 21 44 23 45 24 46 15 1 41 3 36 5 20 6 43 10 28 11 41 12 16 13 41 15 42 16 12 18 29 19 33 23 15 24 20 25 15 7 2 19 5 40 6 35 11 34 18 34 20 50 24 36 7 4 11 6 44 15 27 16 39 18 16 22 42 25 31 7 2 23 5 33 15 45 16 19 19 50 20 21 25 16 11 4 13 5 43 7 19 8 43 9 43 13 40 16 41 21 20 23 18 24 40 25 24 5 1 48 2 17 3 16 14 12 24 31 7 4 47 5 14 9 11 10 29 13 41 22 17 23 37
5 13 1 19 3 48 7 49 8 23 9 20 10 36 14 48 15 47 16 40 17 26 19 42 23 25 24 26 3 9 50 21 48 22 30 4 10 29 16 15 17 25 21 33 3 2 42 20 19 21 10 10 2 19 4 28 8 24 12 26 13 48 15 33 16 12 19 11 20 12 25 10
6 13 3 34 4 16 8 28 9 29 11 13 12 24 13 14 14 23 15 11 16 36 20 28 23 10 25 43 3 16 40 17 44 19 39 10 2 34 3 30 4 14 7 23 9 26 12 49 14 10 16 10 17 44 18 11 12 3 45 4 49 5 23 7 47 10 38 11 47 14 41 17 16 21 11 22 35 23 34 25 25 6 1 18 3 43 8 33 17 44 18 30 19 50 7 1 31 4 18 15 12 16 41 22 20 23 23 25 24
3 3 11 32 13 28 24 18 14 1 38 3 10 6 46 8 11 10 28 12 50 13 24 16 14 17 33 20 31 21 49 22 28 23 17 25 19 7 1 32 2 20 4 47 5 32 7 22 8 15 17 38
6 4 1 44 6 17 8 18 24 16 5 3 47 5 43 6 19 7 46 12 30 7 6 44 8 20 11 29 13 31 16 40 18 11 19 48 11 1 37 2 41 10 35 11 22 13 50 18 42 19 15 21 18 22 40 23 21 25 26 12 1 21 4 27 6 24 7 23 11 21 12 21 14 30 17 38 18 46 19 45 21 41 25 24 3 5 31 13 19 15 46
6 8 1 32 4 16 5 45 10 36 12 36 14 37 15 14 25 24 9 4 47 5 49 6 13 9 13 12 49 14 49 16 44 21 33 24 34 15 1 15 2 42 6 29 7 33 8 48 9 18 12 49 14 49 15 47 17 36 18 26 19 14 20 24 21 28 25 10 6 3 20 5 39 7 28 12 49 13 45 21 20 4 12 46 14 49 16 15 24 45 10 3 26 9 27 10 50 14 15 16 18 17 35 19 42 20 39 21 31 23 39
3 11 3 41 4 26 5 15 6 10 7 29 8 37 15 22 17 11 21 32 22 10 25 43 6 7 10 10 43 12 35 13 29 16 32 23 45 15 1 36 2 46 3 33 4 12 8 37 12 39 13 35 15 17 16 42 18 31 20 26 21 40 23 21 24 31 25 13
7 6 11 46 15 28 16 12 17 19 18 26 19 18 12 1 46 3 27 4 22 7 34 8 21 10 47 13 16 15 25 16 47 19 17 21 20 22 42 11 2 35 4 50 8 49 9 38 11 30 14 30 15 21 18 14 19 10 21 18 22 40 12 1 32 2 10 4 13 7 42 11 37 12 38 17 20 18 11 19 21 21 43 22 45 25 31 10 8 47 10 41 11 10 12 45 14 46 16 50 18 33 19 19 22 45 24 44 8 3 32 10 27 14 31 16 20 17 19 18 43 19 48 25 42 15 1 34 2 36 5 22 7 26 9 49 10 46 12 45 13 24 14 27 17 30 19 39 20 17 21 32 23 49 25 33
6 7 1 32 7 44 9 35 15 30 16 47 17 21 19 31 7 1 42 5 48 7 42 16 12 20 22 21 30 25 13 12 2 13 3 39 4 28 5 21 9 15 15 27 17 42 20 16 21 16 22 26 24 49 25 22 12 1 16 3 37 4 37 7 36 14 16 15 49 16 48 17 48 18 34 19 22 22 14 25 19 14 1 25 2 43 3 10 5 37 7 49 8 49 10 36 11 35 14 38 15 33 16 17 18 13 19 46 22 36 13 1 10 4 43 5 10 6 19 8 48 9 13 11 25 12 43 16 28 17 38 18 40 21 37 25 26
6 10 6 27 8 15 12 45 13 41 14 12 15 14 16 24 18 37 22 33 24 49 8 4 10 7 44 8 18 10 30 11 33 14 30 21 32 22 49 7 2 24 4 41 5 27 8 44 13 34 14 38 19 13 3 9 13 16 23 25 45 7 4 42 6 15 7 15 11 10 12 14 18 20 24 36 3 9 50 11 15 25 38
7 12 2 35 3 27 8 34 9 20 10 40 11 20 12 32 14 41 15 25 18 38 21 26 24 45 6 2 42 3 44 6 16 8 43 18 14 23 46 11 3 33 4 14 6 49 11 35 12 38 16 25 18 33 21 33 22 14 23 35 24 14 14 1 37 3 43 4 20 5 35 7 12 12 49 13 35 15 46 17 35 18 36 20 25 23 28 24 16 25 16 14 1 26 2 27 4 41 6 20 7 15 8 26 9 36 10 41 15 25 17 24 21 31 23 36 24 25 25 13 11 1 49 2 34 3 19 4 37 5 13 6 30 7 34 18 13 20 20 23 30 24 22 10 1 23 3 36 10 16 11 38 13 14 14 23 15 49 20 21 24 44 25 19
6 13 2 50 10 47 11 22 13 15 15 19 16 39 17 19 18 42 20 44 21 13 23 20 24 42 25 12 13 1 25 4 20 6 44 8 37 9 44 11 24 13 20 15 28 18 32 19 31 20 23 21 47 22 28 13 1 15 3 34 5 28 6 27 9 47 12 15 13 19 15 26 16 22 17 31 18 28 23 30 25 18 9 6 24 7 48 10 33 12 31 13 25 17 11 18 37 19 34 21 30 13 1 38 5 45 6 14 8 41 10 10 12 34 13 35 15 47 19 14 20 22 22 12 23 23 25 18 15 1 33 2 27 4 28 6 10 7 43 8 37 9 29 10 25 11 12 12 31 13 50 15 43 16 40 18 23 22 44
6 11 1 11 7 49 8 21 12 49 13 33 15 28 18 44 19 21 20 34 21 46 25 27 10 1 11 2 42 7 25 8 44 10 48 12 25 15 30 17 22 20 27 23 49 5 4 17 5 30 8 43 13 15 24 35 7 4 28 5 47 13 40 18 41 19 37 21 23 25 50 11 1 10 3 17 5 47 7 28 12 26 14 39 15 50 20 22 21 12 22 35 23 17 10 4 48 7 25 9 24 12 50 16 35 17 23 19 39 20 50 21 21 22 47
6 14 4 19 6 39 8 44 9 41 13 14 14 41 15 15 17 12 19 28 20 49 21 36 22 23 23 45 25 17 15 1 18 4 31 5 41 6 36 7 43 9 26 13 15 15 20 17 10 18 42 19 12 21 23 22 41 23 32 25 39 7 2 10 5 24 6 12 11 27 20 42 22 13 25 46 5 7 50 13 44 14 44 18 17 23 49 6 2 22 3 34 8 34 11 34 13 33 22 35 14 1 36 3 17 5 11 8 28 9 13 10 43 11 34 14 29 16 17 17 27 21 11 23 34 24 17 25 42
8 3 7 22 18 25 24 33 3 10 16 15 15 19 21 12 3 48 5 33 6 45 7 42 9 27 10 50 13 30 18 40 19 39 21 20 22 28 25 11 8 2 33 5 16 11 33 12 20 17 15 20 17 24 28 25 43 11 4 35 5 26 8 18 9 34 13 11 15 14 17 24 19 33 20 43 21 41 23 34 12 6 33 8 29 9 48 12 50 13 25 14 11 15 35 16 29 21 31 23 13 24 26 25 29 15 1 13 3 23 7 45 10 16 12 25 13 25 15 40 16 18 17 10 18 23 19 39 20 22 21 12 23 33 24 18 15 1 48 3 34 4 16 5 24 6 40 7 41 8 43 9 37 11 43 14 28 15 15 18 28 19 44 20 24 22 10
4 5 1 10 8 28 10 31 20 13 24 24 4 1 47 21 12 22 21 24 48 14 2 31 3 34 4 33 7 41 8 43 10 43 14 45 16 25 17 15 18 33 19 35 22 48 23 14 24 20 3 18 10 22 22 25 41
7 5 9 50 12 23 18 12 24 22 25 36 15 1 10 2 24 3 21 5 20 7 35 8 44 11 36 15 33 16 10 17 34 18 37 21 49 22 44 23 21 25 21 15 2 44 6 33 8 11 9 41 12 42 13 38 14 12 15 48 16 31 17 24 18 28 20 11 23 47 24 32 25 18 15 1 11 4 22 6 42 9 44 10 49 11 21 13 34 15 28 16 50 17 12 21 44 22 19 23 33 24 31 25 45 4 2 28 4 10 6 17 10 36 9 4 16 7 14 12 45 16 24 17 12 18 20 21 12 23 48 24 38 12 1 30 4 45 7 45 8 50 9 44 10 46 12 23 17 35 18 37 21 28 22 38 25 37
6 14 1 33 2 27 4 26 8 24 9 14 10 21 12 48 17 12 18 38 19 36 20 16 22 34 23 43 25 43 14 1 34 2 36 4 11 5 21 7 15 10 46 11 49 12 20 14 40 16 25 19 20 21 12 22 47 23 26 14 1 17 2 36 5 38 7 31 8 21 10 33 12 16 13 22 15 19 17 17 18 23 19 45 21 38 25 25 5 14 44 17 28 19 38 21 39 25 40 11 2 49 4 16 7 17 12 50 13 30 14 34 17 35 18 47 19 22 20 38 24 21 15 1 39 3 41 5 47 8 16 9 34 11 24 13 26 14 48 15 24 19 11 21 16 22 38 23 24 24 19 25 18
8 15 1 27 3 47 7 44 8 18 10 11 11 23 12 36 13 15 14 50 15 29 20 32 22 11 23 41 24 23 25 35 5 4 35 11 36 14 28 20 18 25 26 10 2 25 10 50 11 16 13 21 16 45 17 28 18 15 20 13 21 42 23 26 13 1 44 4 28 8 19 9 28 10 21 11 23 12 45 17 46 18 11 19 19 21 37 22 28 25 50 3 2 48 17 27 23 36 9 1 11 5 50 6 13 10 50 13 27 15 39 22 44 23 32 24 17 10 2 36 3 25 4 16 6 32 10 18 11 26 13 11 15 20 22 43 24 36 10 1 27 7 37 9 49 10 31 11 38 12 11 13 49 15 11 20 49 24 42
7 5 8 24 9 47 11 39 16 38 25 33 3 10 28 22 42 23 40 11 6 29 8 23 9 27 10 44 11 19 12 33 15 30 16 30 17 31 18 49 21 49 9 2 18 3 17 4 29 6 22 7 31 11 31 16 13 20 47 23 49 12 2 12 6 49 9 23 10 24 11 46 12 18 13 28 15 31 19 41 20 42 23 30 25 50 12 1 38 2 33 3 15 8 49 9 46 11 44 12 27 17 20 18 36 21 48 22 28 23 12 12 4 32 5 21 6 35 9 32 10 42 11 14 12 28 14 11 17 48 18 47 21 42 24 19
5 15 2 31 3 31 4 32 7 18 11 49 12 17 13 14 14 26 16 48 20 30 21 19 22 44 23 37 24 45 25 45 15 1 18 3 21 5 26 6 49 8 20 9 14 10 11 11 30 13 17 14 43 15 13 18 43 19 49 20 42 24 36 11 1 41 3 22 5 31 7 23 8 20 10 46 13 32 17 31 21 26 24 31 25 33 8 2 12 4 13 5 37 8 31 9 40 11 18 20 19 25 21 14 3 48 4 16 6 14 7 34 8 41 10 31 13 49 14 40 15 41 18 32 20 30 21 45 22 45 24 29
5 14 1 19 2 33 4 21 5 21 10 20 13 50 14 17 15 25 16 40 18 22 20 44 22 11 23 46 25 25 7 2 38 9 20 10 15 17 16 18 29 21 31 25 15 3 3 50 12 47 25 24 11 1 10 2 28 4 39 8 27 9 42 10 44 16 26 19 18 22 17 23 23 24 39 5 6 37 12 31 15 38 18 29 20 22
6 7 2 35 5 49 9 19 10 33 18 40 19 36 21 36 12 3 21 5 49 8 34 13 37 14 50 15 41 17 11 21 34 22 13 23 11 24 20 25 13 5 6 42 10 11 11 20 16 25 18 41 11 2 27 5 19 7 40 8 33 16 14 17 23 20 28 21 24 22 11 23 49 25 44 11 4 26 6 26 8 35 9 27 10 33 14 23 16 22 17 20 18 26 19 44 21 42 8 1 38 2 49 4 14 5 20 7 27 8 50 22 32 24 46
8 11 1 27 3 31 4 26 9 25 10 28 11 44 18 25 19 31 22 34 24 11 25 38 4 1 44 5 18 10 48 21 17 12 1 34 6 11 8 23 9 47 10 41 12 44 13 23 14 25 16 31 17 50 24 22 25 23 14 1 38 3 27 4 39 5 21 8 20 10 27 11 43 13 38 15 19 16 38 17 12 19 48 22 28 23 42 10 3 32 5 36 8 28 12 27 14 35 15 25 20 37 21 49 23 33 25 26 4 5 23 13 27 16 42 23 30 4 4 28 14 26 21 43 25 16 14 1 21 2 28 6 18 7 29 10 37 11 29 12 18 14 27 15 11 18 21 20 50 22 31 23 50 25 19
8 10 13 27 14 41 15 37 16 49 17 10 20 37 21 14 22 20 23 39 25 49 13 1 50 2 42 4 38 9 20 10 21 11 24 14 25 17 50 21 44 22 41 23 19 24 39 25 34 11 8 33 9 41 11 39 12 33 15 44 16 40 19 37 20 26 21 10 22 34 24 42 11 1 20 3 47 4 28 6 12 14 25 17 49 19 47 20 14 23 46 24 45 25 50 14 3 20 4 30 5 26 6 12 9 42 10 36 14 38 16 40 17 30 18 36 19 35 20 41 21 10 25 41 6 3 28 5 17 7 48 9 22 19 38 20 11 13 2 38 4 22 5 16 7 28 9 25 10 49 12 31 13 22 15 27 19 37 20 29 24 35 25 39 5 11 41 12 15 20 24 22 16 25 32
7 15 1 10 2 32 4 20 7 20 8 25 9 33 13 18 16 30 17 35 20 38 21 15 22 23 23 27 24 47 25 36 10 5 44 6 22 11 30 13 28 14 31 15 40 16 12 21 48 24 16 25 47 13 3 32 5 33 6 16 7 32 9 20 10 27 12 34 13 50 18 44 20 23 21 42 22 34 23 41 13 1 16 4 50 5 34 6 11 12 37 14 35 15 11 16 44 17 36 18 43 21 20 23 21 25 31 10 1 37 2 16 4 26 5 34 7 21 9 24 11 13 13 29 19 34 21 42 3 3 48 15 38 25 47 11 2 44 4 14 5 16 6 45 13 40 14 10 16 43 18 42 20 35 22 24 24 33
7 9 1 49 4 36 8 25 9 29 10 21 13 11 18 12 23 39 24 18 11 2 47 3 38 4 21 5 28 6 29 7 13 13 26 16 33 17 23 19 10 23 17 9 3 12 5 35 8 24 11 26 14 29 15 36 16 24 21 36 23 23 15 2 39 6 41 7 28 8 11 9 20 10 40 12 39 13 26 14 42 17 17 19 34 20 36 21 15 22 28 25 19 10 1 12 2 22 3 24 4 17 5 33 6 11 13 27 16 50 19 33 20 15 11 2 27 4 35 5 12 6 29 8 16 9 50 12 35 13 31 16 20 17 20 25 21 5 1 49 14 28 17 48 24 26 25 32
8 9 5 49 6 16 7 13 11 15 12 17 15 31 17 41 18 45 22 13 13 1 20 2 45 4 22 6 41 10 28 12 18 15 45 17 33 18 29 20 46 22 45 23 39 24 10 3 2 10 6 44 14 17 8 1 47 2 25 4 12 14 12 15 12 18 42 19 24 20 43 13 2 20 4 11 9 21 10 29 11 48 16 35 17 18 18 22 19 13 20 10 22 25 23 45 24 25 4 9 35 15 39 21 43 25 50 5 2 37 8 21 15 26 18 35 22 25 7 1 33 6 32 9 31 11 29 15 50 19 40 20 13
7 7 3 38 8 14 11 35 15 44 18 24 22 12 23 38 8 1 34 5 11 6 49 7 30 9 44 13 23 20 22 23 23 7 2 21 3 18 6 33 8 11 9 47 13 20 25 43 14 2 19 4 22 6 19 7 37 8 23 10 10 11 46 13 23 14 16 15 36 16 35 17 40 20 30 21 41 13 1 15 6 10 8 48 11 23 12 22 13 12 14 27 15 20 16 48 17 15 19 30 20 31 21 33 15 2 32 5 32 6 21 8 18 9 38 10 38 12 26 13 41 14 39 16 23 17 39 18 39 19 11 21 31 25 23 7 1 41 7 20 9 30 10 13 11 16 16 29 20 47
8 5 3 36 13 13 14 28 15 42 22 21 15 1 42 2 42 4 37 5 25 6 23 7 13 8 15 10 25 11 16 13 39 17 26 18 25 20 28 21 47 25 27 13 4 34 5 12 7 22 8 19 9 17 11 36 13 42 14 37 15 20 18 26 23 32 24 50 25 30 8 4 42 13 24 20 36 21 29 22 41 23 45 24 15 25 21 5 5 29 9 21 13 31 21 13 24 34 3 2 45 8 16 18 34 10 3 10 4 35 8 12 10 28 12 29 13 32 15 32 20 34 22 44 25 43 13 1 11 3 30 5 10 7 21 8 22 10 43 13 13 14 43 19 29 20 14 23 34 24 20 25 14
4 10 3 49 5 13 7 33 9 44 14 44 17 20 18 36 21 46 23 43 25 43 7 4 32 5 43 7 12 9 44 16 35 17 47 25 36 11 2 15 4 44 5 43 7 39 12 32 13 27 14 50 16 32 17 34 18 43 20 12 7 5 15 8 33 15 47 17 36 20 40 21 19 24 13
8 7 1 44 2 10 3 16 6 40 14 49 19 10 21 27 11 1 29 5 32 6 31 7 41 12 14 13 37 17 10 20 18 21 46 22 19 24 13 10 2 44 7 18 8 41 9 28 10 48 11 29 12 40 17 23 20 13 25 35 11 2 38 4 42 5 24 6 16 7 19 9 12 12 46 13 30 17 18 19 14 22 50 7 3 24 5 18 13 44 16 18 21 19 23 23 24 24 3 3 27 10 19 16 38 7 1 27 5 18 6 10 8 19 16 15 20 46 21 16 4 2 24 20 26 21 21 23 47
5 15 4 15 6 33 7 29 8 11 11 48 12 20 13 35 15 31 16 36 17 41 19 46 20 31 21 14 22 21 23 43 12 3 45 5 12 6 35 7 32 10 17 14 36 15 31 18 19 19 32 22 13 23 28 25 30 12 3 14 5 22 8 37 10 30 11 24 16 17 17 26 18 49 19 27 22 12 23 17 25 50 5 7 41 14 18 22 33 24 26 25 35 14 3 19 4 19 5 45 8 16 10 16 11 31 12 42 13 41 14 16 16 20 18 24 19 50 21 23 22 10
7 14 3 16 8 42 10 49 11 31 12 49 13 37 14 43 16 28 17 38 18 28 19 34 23 28 24 27 25 22 6 3 35 6 44 13 35 15 34 22 15 25 46 14 1 34 4 25 5 32 8 23 9 38 10 17 13 13 14 23 15 35 19 40 20 29 21 24 22 42 25 14 13 1 26 2 41 4 40 8 21 9 47 13 12 14 29 15 28 16 11 18 45 23 44 24 37 25 27 4 7 43 17 20 19 40 22 17 15 3 16 4 48 5 26 7 35 9 26 10 48 11 18 13 36 14 10 18 26 19 26 20 50 22 44 23 44 25 30 12 3 24 5 15 6 14 7 26 8 46 11 45 14 26 17 27 18 19 19 23 23 19 25 48
126 56 88 58 80 86 106 85 87 105 151 78 58 92 85 157 89 71 114 75 119 94 84 89 78 59 70 55 67 135 80 48 90 45 76 36 69 131 45 97 146 153 80 91 57 119 78 45 113 84 103 98 92 114 77 103 59 102 94 126 87 84 86 113 121 131 103 89 96 119 115 77 145 93 137
2 1 3 2 3 3 1 1 1 3 3 1 1 3 1 1 3 2 3 1 1 2 3 3 1
# Instance ID: 80
# Total operations: 442
# Actual flexibility: 0.374
# Generated: 2026-02-14 14:26:23
# Format: Extended Brandimarte for MOFJSP (Comparison Dataset)