25 15
3 3 6 20 8 19 9 17 3 6 38 9 15 12 45 6 3 21 4 37 5 42 6 39 11 26 15 27
8 9 1 31 2 19 3 24 4 38 7 39 8 38 11 18 13 46 15 37 8 1 27 2 13 4 12 6 50 7 32 8 19 11 38 12 44 3 1 43 6 12 14 12 2 3 40 15 21 4 2 39 3 22 5 17 6 37 2 5 24 10 46 3 4 35 13 43 15 50 3 1 22 3 17 8 22
8 8 3 11 6 48 7 21 9 46 10 50 11 41 12 25 14 32 4 6 23 10 25 12 19 14 20 4 8 24 11 49 12 22 13 43 4 1 24 5 32 6 24 8 18 5 2 12 6 40 7 35 9 15 15 13 9 1 22 2 34 3 12 7 16 8 10 9 41 10 17 12 19 13 35 3 6 24 9 45 11 45 4 2 50 8 37 11 26 12 44
7 6 4 26 6 18 7 19 8 23 13 23 15 19 4 1 50 3 16 9 48 12 28 6 3 50 6 21 9 21 10 32 11 35 15 13 8 1 25 3 50 4 40 6 25 7 14 10 17 12 44 14 13 6 2 25 5 10 7 41 8 30 11 24 13 45 6 2 10 3 14 6 24 9 34 11 21 13 35 2 9 28 13 35
4 5 8 33 10 34 11 14 12 30 14 27 9 1 15 2 37 3 27 5 14 6 14 9 46 10 31 11 31 14 37 6 1 47 2 23 7 47 10 30 11 38 14 45 9 1 20 3 37 6 20 8 10 9 14 10 49 12 41 13 16 14 18
4 3 2 22 3 46 5 25 8 7 12 8 46 9 43 10 40 12 23 13 14 14 20 15 37 9 2 34 3 11 4 39 6 31 8 46 10 43 11 44 14 49 15 40 8 4 17 5 48 6 15 10 50 11 34 12 31 13 29 14 22
8 2 9 47 11 50 7 1 47 2 14 3 32 4 11 12 32 13 41 15 34 6 5 10 8 13 10 10 11 18 12 36 15 45 9 3 46 5 38 7 47 8 38 9 29 10 15 11 36 14 22 15 34 7 1 36 5 25 6 32 7 30 10 24 12 40 13 22 2 10 34 12 27 8 2 46 3 34 6 24 8 30 10 23 11 13 13 33 14 47 9 1 36 2 23 3 37 4 29 6 25 9 15 12 30 13 49 15 28
7 7 4 29 5 31 6 26 7 28 10 24 11 29 14 26 3 5 17 10 35 13 46 5 4 27 5 47 10 38 12 28 13 24 6 1 20 5 19 7 24 9 13 11 47 15 31 8 3 16 4 25 5 20 8 16 9 10 10 46 12 38 14 18 2 3 17 12 40 2 6 29 8 43
6 7 4 40 5 47 6 18 7 18 10 12 11 25 12 10 2 5 46 15 37 6 2 46 3 13 4 11 7 19 10 32 12 16 4 2 39 4 31 12 35 13 32 8 1 15 4 46 6 49 7 23 8 14 10 26 11 33 14 45 6 4 24 5 15 6 14 7 24 11 44 12 45
4 7 1 18 3 12 4 25 5 22 7 29 12 39 14 28 4 4 16 5 11 7 29 11 24 9 1 45 7 30 8 19 9 46 10 27 11 34 12 47 13 13 15 19 3 8 38 11 28 15 14
6 9 1 44 2 33 3 13 4 20 5 20 6 45 13 49 14 27 15 37 8 3 43 4 19 6 49 8 24 10 10 11 18 14 11 15 18 7 1 11 2 24 4 22 7 26 10 36 11 39 12 38 3 2 37 12 39 15 33 2 8 37 14 19 9 1 33 3 23 4 13 5 15 6 21 10 24 12 47 13 45 15 26
4 9 1 28 3 39 4 14 5 47 10 11 11 15 13 39 14 20 15 20 4 1 38 5 36 6 26 14 44 9 2 16 4 49 5 48 6 21 8 26 11 13 12 34 13 33 15 50 5 3 40 8 50 9 19 11 31 14 42
4 3 3 48 6 12 15 47 7 5 19 7 25 9 41 11 25 12 50 13 22 15 38 3 2 18 3 15 13 15 2 2 39 9 42
5 2 4 32 12 45 8 1 41 2 28 8 12 10 50 11 24 12 48 13 19 14 32 3 10 26 14 32 15 21 7 2 19 3 41 8 34 10 26 12 25 13 24 14 45 9 1 21 2 34 3 30 4 26 5 47 6 34 10 22 14 22 15 10
4 5 4 11 5 29 8 42 13 43 14 41 7 1 49 3 34 5 42 6 32 8 14 12 49 15 30 5 5 49 8 21 11 35 13 37 15 50 5 3 24 6 27 7 21 10 38 12 41
3 9 1 15 3 35 4 32 6 44 10 15 12 19 13 48 14 18 15 11 7 2 14 3 30 5 36 10 23 12 12 13 19 15 47 7 4 37 6 25 7 39 10 19 11 36 12 21 13 49
7 6 1 14 3 31 7 26 11 49 13 42 15 11 7 2 12 4 12 9 27 12 46 13 44 14 24 15 20 3 2 21 11 19 14 16 4 2 28 6 42 12 17 13 33 4 7 44 9 41 14 35 15 29 2 2 47 13 17 7 1 18 5 10 7 12 9 34 10 21 14 46 15 42
7 9 4 34 6 50 7 35 8 28 9 35 10 29 11 17 13 48 15 37 4 3 17 4 49 5 19 11 37 4 2 11 3 29 4 14 15 12 6 2 28 3 41 4 42 5 46 9 17 10 15 9 2 20 3 42 5 22 6 17 7 45 8 11 10 13 14 24 15 37 8 1 32 3 22 7 20 9 44 10 31 12 22 13 44 14 35 5 1 12 2 30 6 21 11 27 14 25
6 5 1 20 6 36 9 49 12 20 15 46 2 1 35 8 44 8 3 42 4 49 7 34 8 23 10 23 11 40 14 36 15 15 7 2 39 3 16 7 25 9 37 11 45 13 29 15 16 2 2 19 4 42 4 4 19 10 16 12 44 15 42
4 5 3 14 6 43 8 40 10 30 12 11 8 1 47 2 20 6 10 7 50 8 44 12 43 14 16 15 27 5 2 48 3 38 8 36 10 17 13 39 3 6 47 7 44 10 25
3 6 1 19 3 35 6 34 8 33 11 35 14 44 8 2 38 3 23 6 29 10 49 12 42 13 47 14 46 15 20 7 1 38 4 29 5 18 6 47 7 48 10 11 11 38
6 6 3 47 7 29 8 14 10 38 11 46 15 49 8 1 41 5 26 8 45 9 32 10 49 13 46 14 28 15 35 6 2 17 4 36 5 39 9 25 10 28 14 39 7 2 34 4 28 7 47 9 44 10 11 11 26 12 28 7 1 10 3 30 7 20 9 17 10 12 11 20 13 35 4 1 28 7 45 8 48 13 13
5 2 9 21 14 27 6 1 44 2 46 4 45 6 22 9 12 14 31 9 4 16 5 45 7 32 8 36 9 25 10 10 11 19 13 38 15 33 2 1 23 15 12 7 2 23 6 11 7 32 11 34 12 28 13 16 14 45
6 6 4 37 5 38 8 46 9 13 10 42 13 40 2 2 43 11 40 4 1 11 7 17 11 50 13 23 8 1 26 2 18 4 48 5 48 6 12 9 35 10 40 12 27 7 1 34 3 19 5 18 6 17 7 30 9 32 15 49 8 3 17 6 48 7 10 8 31 9 25 10 23 13 50 14 28
6 9 1 28 5 30 7 33 8 48 10 24 11 48 12 37 13 30 15 20 3 4 44 14 24 15 30 2 8 15 14 18 6 2 48 3 13 4 10 6 25 12 35 15 18 4 2 40 12 25 14 50 15 19 9 3 30 4 30 5 45 6 30 7 20 8 21 9 47 11 29 12 20
45 155 114 139 78 68 133 97 115 78 111 57 58 72 70 37 115 96 108 55 59 104 60 97 104
3 2 3 1 2 3 1 2 1 1 2 1 3 1 1
# Instance ID: 33
# Total operations: 135
# Actual flexibility: 0.373
# Generated: 2026-02-14 14:26:22
# Format: Extended Brandimarte for MOFJSP (Comparison Dataset)