15 10
7 1 3 33 6 2 46 3 34 4 37 5 21 7 41 9 50 5 3 18 4 21 8 30 9 38 10 49 1 6 10 4 3 42 4 41 5 36 7 41 4 1 46 3 11 8 24 10 28 1 5 24
3 5 3 41 5 45 6 42 8 17 10 46 1 5 44 3 1 44 8 23 9 37
3 1 4 29 1 8 26 3 2 25 8 23 10 47
3 6 2 23 3 13 5 46 6 32 7 44 10 27 5 3 28 6 46 8 27 9 42 10 16 2 1 27 7 18
3 6 2 35 3 41 4 19 6 46 8 50 10 27 6 1 35 6 42 7 27 8 33 9 39 10 41 3 1 39 2 50 10 32
6 1 9 35 2 4 41 7 27 3 3 46 5 41 6 31 6 1 17 2 20 4 38 6 39 9 10 10 37 2 3 20 5 27 1 6 26
5 1 6 20 1 7 50 3 2 16 4 10 7 23 4 2 38 3 10 4 10 5 31 1 7 18
5 4 1 16 2 16 4 30 7 33 3 3 19 7 14 10 43 5 1 23 3 50 6 19 8 36 9 49 6 1 47 2 34 4 32 7 37 8 30 10 18 2 2 25 5 45
3 5 1 29 5 23 6 43 7 48 10 42 2 5 13 7 25 4 2 50 4 48 7 14 8 43
5 1 6 30 2 7 33 10 44 6 1 10 2 26 3 23 5 12 7 13 8 35 5 4 35 5 15 6 50 7 44 9 44 5 1 42 2 23 3 19 5 44 10 30
5 4 2 37 5 25 6 13 10 25 1 7 17 4 1 21 5 17 6 10 10 18 6 1 26 3 20 5 33 6 18 8 27 9 17 1 6 37
3 3 2 46 5 50 9 14 4 1 41 6 46 8 20 9 33 2 2 46 5 17
5 2 1 12 9 10 2 1 33 8 34 2 1 45 3 36 2 4 36 6 30 3 2 42 6 13 10 21
7 2 1 35 9 14 4 1 45 5 39 6 10 10 33 2 5 49 10 25 4 4 44 6 25 8 19 10 10 4 1 10 4 31 6 10 8 34 6 2 41 4 13 5 19 8 27 9 15 10 12 2 7 33 9 39
4 6 1 47 2 46 3 13 4 37 6 18 10 25 3 5 30 6 30 7 38 3 2 18 4 47 10 16 2 2 38 3 39
138 43 45 45 38 88 78 66 52 92 96 50 86 101 55
1 1 2 3 2 2 3 1 3 1
# Instance ID: 11
# Total operations: 67
# Actual flexibility: 0.318
# Generated: 2026-02-14 14:26:22
# Format: Extended Brandimarte for MOFJSP (Comparison Dataset)