20 10
6 6 1 28 4 31 5 11 8 36 9 47 10 50 1 8 36 4 4 47 6 24 7 38 10 26 3 1 35 4 26 5 10 5 1 25 4 35 7 10 8 37 10 13 1 5 44
7 5 1 13 5 41 7 47 8 23 10 44 6 2 45 4 31 5 21 7 44 8 22 9 10 6 2 11 4 16 6 18 7 26 8 20 9 28 6 2 33 3 16 4 28 5 29 6 44 7 45 6 1 25 2 14 3 27 6 21 7 17 10 38 3 2 42 8 17 9 40 6 1 21 2 34 3 22 5 44 7 26 10 11
3 5 2 20 3 43 8 44 9 22 10 40 6 1 16 4 42 6 35 7 23 8 20 10 22 5 2 41 4 45 6 39 7 34 8 30
7 6 1 10 2 46 4 32 6 11 8 33 9 31 4 1 18 6 16 8 48 10 43 5 2 45 3 31 4 17 5 49 8 12 6 3 12 4 16 5 13 6 29 8 18 9 26 4 3 36 5 14 6 43 7 33 1 8 29 6 1 21 3 15 5 18 6 43 7 48 8 48
6 1 6 17 1 5 31 3 2 47 3 15 4 24 1 5 29 5 2 29 5 16 6 35 8 12 9 29 4 2 13 5 18 6 14 9 16
6 5 1 33 2 35 4 44 8 16 10 26 2 9 25 10 15 3 2 50 3 11 10 40 2 3 42 10 25 4 1 22 5 41 8 45 9 25 1 7 23
6 5 2 35 3 47 4 36 5 47 7 28 3 2 26 4 48 7 41 1 2 35 5 2 47 3 17 4 25 5 18 9 12 2 1 14 4 35 2 4 17 5 46
7 1 4 17 6 1 19 2 19 3 17 4 33 7 30 8 36 4 5 22 6 50 8 19 9 23 4 4 41 6 27 8 37 9 13 3 1 20 7 13 8 13 6 1 28 2 19 4 28 5 27 8 21 9 37 1 8 43
6 1 10 39 3 4 22 5 27 8 40 4 2 38 3 18 5 11 8 25 6 2 17 4 27 5 33 7 43 8 26 9 16 3 5 11 7 14 9 46 1 4 28
8 3 3 50 4 41 9 43 1 3 11 3 6 10 7 40 9 22 2 2 37 5 26 6 4 46 5 32 6 16 7 34 8 40 10 49 2 4 12 6 31 3 4 41 6 24 8 37 5 1 24 2 36 5 12 8 23 9 39
7 4 2 45 6 38 9 18 10 24 6 1 10 3 47 4 36 6 17 7 27 10 47 4 2 49 4 17 6 15 9 26 5 1 27 4 44 6 20 9 10 10 41 2 6 16 7 15 5 1 32 4 32 5 38 9 45 10 20 1 2 50
6 5 1 24 2 12 4 21 5 22 7 23 2 3 39 5 13 6 1 33 2 50 3 29 4 37 7 19 8 14 2 7 10 8 20 3 1 36 3 16 9 15 2 2 19 4 36
8 1 7 24 6 2 44 3 46 4 23 5 38 6 37 9 21 5 3 23 5 11 6 22 8 35 9 28 4 2 47 7 17 8 18 9 13 2 2 45 9 40 4 1 21 3 44 5 24 10 18 2 1 48 9 44 1 4 44
5 5 2 31 3 45 6 18 7 21 10 12 4 3 24 4 50 7 15 8 43 2 8 14 10 37 6 2 31 3 11 4 12 6 10 9 11 10 11 6 1 15 2 15 5 22 6 40 8 16 9 38
6 5 1 32 2 30 6 34 9 17 10 42 6 1 19 2 48 5 46 8 44 9 40 10 28 4 2 28 3 42 9 49 10 12 3 1 42 7 37 8 39 1 1 48 1 1 26
7 2 6 50 7 31 1 6 43 3 3 34 7 46 9 17 2 3 27 7 42 2 6 13 10 33 3 1 45 3 12 7 50 4 1 36 2 48 4 49 7 45
4 4 1 49 6 50 7 43 10 21 2 1 27 2 13 1 7 26 5 1 26 2 21 3 45 6 40 9 41
6 2 4 34 9 22 5 2 14 5 19 7 35 9 49 10 28 6 2 11 3 25 4 36 5 18 9 33 10 43 4 2 26 4 15 5 39 7 12 4 3 33 5 28 7 12 8 21 4 4 21 5 28 6 22 9 11
4 6 2 28 3 42 4 46 7 43 8 42 9 11 2 2 25 6 45 6 3 18 6 39 7 49 8 13 9 31 10 12 3 1 23 4 23 5 23
8 3 4 47 5 30 9 17 4 1 16 2 48 3 39 4 43 4 1 22 2 25 5 47 9 15 6 2 24 3 12 4 36 8 12 9 14 10 15 5 1 39 4 42 6 36 8 45 9 43 1 1 21 2 1 47 10 16 3 2 48 3 43 7 10
110 104 36 111 111 96 82 102 103 143 112 97 152 99 101 118 61 117 73 125
1 2 2 3 1 1 3 1 3 2
# Instance ID: 30
# Total operations: 123
# Actual flexibility: 0.356
# Generated: 2026-02-14 14:26:22
# Format: Extended Brandimarte for MOFJSP (Comparison Dataset)