75 25
6 9 1 45 6 22 8 32 10 40 13 15 15 31 20 12 23 41 24 36 6 3 35 10 30 16 42 20 15 22 20 25 14 6 1 43 3 24 15 38 16 11 20 32 23 16 12 1 37 3 41 4 30 5 48 6 12 10 27 13 15 14 50 16 28 20 38 21 16 22 28 9 1 23 3 19 5 44 8 43 9 37 10 19 13 43 21 26 24 10 7 2 21 3 13 5 18 11 23 18 44 20 14 22 38
7 8 3 49 4 50 11 41 12 27 15 42 20 10 22 38 25 20 9 4 12 10 50 13 29 15 46 16 38 19 41 20 29 21 16 24 29 9 4 40 10 17 11 36 12 35 17 18 19 47 21 47 22 49 25 48 4 11 33 12 38 14 33 19 34 4 9 49 14 50 16 21 22 36 4 10 11 17 45 18 33 25 16 11 1 19 2 17 4 21 6 33 7 47 13 42 14 16 15 49 18 37 21 44 22 38
3 3 3 34 4 18 12 43 11 1 10 4 21 6 13 11 29 12 46 16 17 18 16 19 49 21 33 22 40 23 38 4 8 37 14 43 20 27 22 46
3 6 2 12 3 40 6 26 7 50 23 38 25 41 7 3 11 5 48 8 40 10 17 15 21 17 15 18 35 6 13 47 15 17 17 34 19 18 21 23 25 23
6 7 3 26 6 36 7 22 10 22 11 17 12 13 18 24 4 6 43 8 39 12 43 14 27 10 1 14 2 38 5 10 6 43 11 12 16 44 18 49 19 25 21 23 22 39 9 1 12 3 47 4 45 10 21 11 37 14 42 19 20 24 15 25 20 4 3 24 9 11 10 26 24 19 4 2 24 17 33 18 27 22 29
6 6 5 20 8 44 12 35 14 39 15 11 23 29 11 4 22 5 32 8 37 13 22 14 50 17 31 19 22 20 50 21 29 22 26 23 43 4 7 10 8 29 10 16 12 28 9 3 44 6 40 12 19 13 33 15 23 18 31 21 33 22 28 24 14 6 1 47 7 10 8 37 11 24 16 32 20 42 13 1 17 2 20 4 12 7 15 10 17 11 37 13 12 14 46 18 28 19 29 22 47 23 37 25 22
8 11 1 18 3 37 4 50 7 25 12 28 16 32 20 49 22 41 23 48 24 11 25 31 4 9 49 19 28 22 21 24 34 6 3 46 9 21 11 41 15 38 20 41 24 31 12 1 39 3 18 4 15 6 50 7 33 11 16 12 44 14 13 20 46 23 42 24 35 25 26 8 1 24 3 16 4 49 9 48 10 45 20 13 21 47 24 45 7 1 35 4 19 14 11 15 19 17 23 19 16 21 22 7 1 13 6 10 9 50 20 50 21 47 22 16 24 23 14 1 22 3 20 4 38 6 48 10 45 12 10 13 24 19 39 20 42 21 48 22 16 23 41 24 28 25 43
6 8 3 31 5 14 7 22 8 16 9 19 14 12 18 10 19 10 11 7 39 9 14 10 26 12 34 15 14 16 44 17 20 20 27 21 17 24 43 25 11 3 5 27 6 19 17 25 8 1 18 5 32 6 32 7 31 15 17 19 19 21 35 24 22 10 2 23 6 32 9 39 10 46 12 31 14 25 15 37 18 21 23 26 24 38 12 1 41 3 34 6 33 8 12 9 15 10 44 11 11 17 42 19 28 21 40 23 23 24 45
5 15 2 13 3 47 5 42 7 14 9 49 11 50 13 27 15 28 16 27 17 29 18 40 19 19 20 18 23 20 24 49 9 1 46 3 22 7 30 9 10 17 24 18 18 20 38 23 32 24 22 15 1 32 2 43 3 27 5 31 6 37 7 28 10 31 11 32 12 15 13 10 17 25 22 44 23 13 24 39 25 22 10 1 36 6 39 9 34 10 38 11 36 12 42 16 38 19 22 22 21 24 19 15 1 44 4 21 9 13 10 23 11 16 12 22 13 12 14 36 16 28 17 25 18 28 21 18 23 41 24 18 25 20
7 13 1 28 4 30 8 25 9 39 10 36 11 31 12 32 13 25 14 49 18 21 19 40 21 33 22 24 13 1 25 3 18 4 45 7 43 8 11 9 10 11 24 12 24 13 20 16 40 18 27 22 18 24 16 15 1 18 2 18 6 40 7 39 9 45 10 46 11 42 13 44 17 11 18 12 20 42 21 32 22 48 23 12 24 47 12 2 25 5 16 6 38 8 14 11 27 12 48 13 40 14 35 15 34 17 47 22 11 25 22 3 3 18 4 19 9 37 15 6 18 7 17 8 25 9 41 11 44 12 41 13 19 14 40 15 29 16 10 17 47 19 23 23 21 24 34 25 17 4 3 45 6 30 7 33 16 18
6 12 4 18 5 38 6 25 7 27 8 33 9 44 12 35 14 48 16 19 17 49 23 42 24 33 6 1 41 3 39 4 43 18 42 23 30 24 29 4 1 14 9 35 11 16 12 10 3 3 41 8 42 20 31 5 2 27 5 47 15 11 18 33 19 40 7 1 49 10 42 17 10 18 21 22 47 24 25 25 21
4 15 1 45 3 11 5 25 6 34 8 32 9 26 11 30 13 42 14 42 16 50 18 12 19 19 22 25 24 34 25 10 13 1 39 3 25 6 15 7 46 11 49 12 17 13 35 15 28 16 29 17 28 18 40 21 19 23 28 14 1 20 2 23 4 38 5 10 6 28 7 10 8 12 9 47 12 23 15 11 21 50 22 21 23 37 25 26 11 1 36 2 15 4 21 5 46 7 16 10 15 13 26 16 14 18 47 21 19 23 18
8 3 13 42 18 41 19 47 5 5 45 7 47 10 13 21 41 22 16 14 3 12 4 23 7 40 11 26 14 39 17 21 18 27 19 40 20 45 21 50 22 24 23 43 24 44 25 36 11 5 38 7 41 8 40 13 41 16 37 17 42 18 26 20 25 21 48 22 43 23 12 5 5 13 7 24 10 40 17 29 19 50 12 1 46 11 16 12 10 13 46 14 23 15 11 16 21 17 16 18 12 22 41 23 44 24 30 14 2 44 4 21 5 13 7 21 8 40 9 35 11 20 13 46 15 17 16 29 17 24 18 36 20 32 25 11 6 2 15 3 42 7 23 12 25 22 48 24 12
4 12 2 31 5 29 6 44 7 43 8 24 10 49 12 41 15 13 16 50 20 21 21 39 24 14 5 1 27 2 18 7 20 8 23 16 47 5 8 33 14 29 15 42 24 24 25 34 7 3 12 6 14 8 10 10 14 15 23 22 36 24 43
3 13 1 21 2 50 3 42 4 33 6 22 9 29 10 10 15 31 16 17 19 21 20 17 22 15 23 20 10 2 36 5 45 12 39 13 41 14 23 18 32 20 41 21 27 22 30 25 25 15 1 37 2 24 3 22 4 38 5 24 6 16 7 29 8 50 10 11 11 43 12 11 14 29 16 10 21 43 24 42
7 7 1 47 6 16 8 46 9 11 10 50 12 45 21 46 10 6 20 7 29 8 48 9 25 13 22 14 16 15 42 17 45 19 35 23 17 4 4 25 19 49 22 17 24 16 11 2 39 3 14 9 32 10 29 12 45 18 12 19 48 22 45 23 13 24 33 25 36 4 3 20 11 23 19 17 25 26 7 5 24 8 50 14 14 16 38 22 25 23 21 25 38 15 3 39 9 37 10 24 12 37 13 19 14 37 15 36 17 22 18 14 19 33 20 42 22 35 23 26 24 29 25 30
6 14 1 11 3 16 4 11 7 29 11 16 12 45 13 28 15 10 18 35 19 35 20 47 23 30 24 27 25 29 8 1 25 3 18 11 41 12 42 13 27 18 33 20 18 23 22 3 7 10 20 34 23 43 3 6 26 14 48 22 11 13 2 42 10 17 11 11 13 15 14 35 18 45 19 21 20 23 21 23 22 26 23 41 24 18 25 12 7 4 37 6 32 8 44 12 17 13 33 22 50 25 23
4 5 3 18 5 32 8 26 12 24 20 46 12 2 27 4 42 5 20 7 25 8 36 9 24 11 17 12 11 18 44 19 10 23 45 24 46 13 1 31 2 15 3 30 4 12 5 17 10 49 13 20 15 12 16 14 19 17 20 44 21 25 25 15 9 1 46 2 40 3 44 7 31 13 33 14 14 16 15 20 34 21 49
7 8 3 19 4 27 5 31 6 37 14 31 18 44 19 10 25 42 14 1 46 2 30 5 15 6 47 8 21 9 34 13 19 15 26 18 25 19 40 21 38 22 36 23 25 25 13 7 2 28 10 38 12 28 16 41 18 28 19 14 23 45 9 3 50 4 14 8 42 10 50 15 28 17 34 19 32 20 10 25 22 4 17 37 21 17 23 42 25 18 6 10 21 13 20 14 45 21 37 24 37 25 31 8 5 47 12 14 15 46 16 10 20 19 21 48 22 48 25 12
3 15 2 13 3 44 5 14 6 22 7 10 9 27 10 13 12 11 14 38 15 39 17 35 22 22 23 34 24 32 25 38 6 4 34 8 24 13 14 18 32 20 14 23 27 3 9 48 12 21 20 44
5 10 1 22 5 48 7 37 8 22 11 49 12 25 16 42 18 45 20 12 24 35 5 8 33 11 42 20 41 22 20 25 50 8 2 22 5 19 9 42 12 36 13 27 14 28 19 31 25 47 5 6 23 7 18 11 41 16 43 17 26 8 3 15 8 41 9 47 11 26 17 13 22 48 24 40 25 38
8 5 1 30 8 36 15 17 23 33 25 12 13 3 18 4 16 5 21 6 14 7 33 10 17 11 17 12 29 13 40 15 28 20 42 22 18 24 37 11 5 10 9 49 11 35 13 42 14 16 16 24 17 11 19 24 20 45 21 47 22 25 4 10 24 13 16 18 21 24 50 14 1 28 2 27 3 30 6 50 10 34 11 33 12 44 14 36 16 44 17 11 18 27 19 30 21 24 23 24 9 3 24 5 31 6 29 15 15 20 27 22 24 23 15 24 20 25 17 6 6 46 14 16 15 31 20 39 21 45 22 30 14 2 44 4 17 5 26 6 18 7 41 8 50 9 41 10 37 12 35 14 22 17 12 18 27 22 30 23 27
7 14 1 21 2 17 4 47 7 18 8 35 12 10 13 24 14 34 16 10 20 24 21 36 22 23 23 30 24 48 8 4 23 6 27 9 37 15 23 17 34 19 16 21 46 24 34 5 1 48 8 11 13 20 18 30 24 45 3 4 38 13 14 18 36 12 1 41 5 22 8 41 10 35 11 45 12 44 15 33 16 49 19 18 21 27 22 30 24 24 15 1 32 4 41 6 18 7 37 8 50 9 46 10 11 12 37 17 45 18 27 19 47 21 41 22 49 24 16 25 28 11 1 42 4 32 6 47 7 33 9 15 10 17 12 19 13 18 15 36 17 29 25 42
7 15 1 21 3 44 4 48 5 21 6 30 8 34 10 26 11 43 12 16 13 41 14 25 17 20 21 26 22 24 23 36 11 4 10 5 47 6 49 7 17 9 27 10 18 15 33 19 36 20 29 22 33 23 29 12 1 24 4 10 5 12 6 21 8 34 9 24 11 42 12 39 14 50 15 48 16 31 24 37 8 2 31 5 17 12 17 15 11 16 14 18 49 19 29 23 30 9 3 33 5 10 7 48 8 26 9 19 15 47 16 27 19 20 22 46 7 2 30 4 24 5 13 6 27 12 48 15 13 20 50 14 3 14 6 41 8 16 9 22 11 44 12 37 14 32 16 39 18 18 19 41 22 27 23 45 24 31 25 38
5 9 2 18 6 36 10 20 11 42 12 37 14 39 16 36 17 11 18 14 7 1 38 5 32 13 11 14 36 18 20 20 14 22 32 3 2 33 6 17 12 15 14 3 26 5 28 6 48 7 39 9 28 10 30 15 13 16 45 17 19 19 26 20 47 21 32 22 37 23 10 10 3 41 6 50 7 37 9 35 14 11 16 19 18 35 20 13 24 21 25 50
7 13 2 16 3 23 6 48 9 20 10 24 11 25 12 21 13 12 15 48 17 24 20 40 21 10 23 31 10 4 48 7 33 11 19 13 41 14 11 17 26 19 11 20 31 21 18 24 23 12 5 30 6 37 7 25 8 27 10 14 11 34 13 36 14 26 16 18 21 18 22 11 24 25 4 1 10 5 13 18 43 24 32 6 1 20 2 38 9 41 14 34 18 20 21 46 15 3 19 5 10 6 15 7 40 9 30 10 46 14 43 15 29 16 40 17 33 18 15 19 12 23 50 24 42 25 28 9 2 14 3 29 4 19 6 22 8 50 11 28 15 25 18 14 20 43
3 6 2 25 8 35 9 40 15 40 16 37 22 20 8 2 25 4 39 5 42 13 38 18 29 22 19 24 29 25 50 13 1 29 7 10 8 35 9 25 10 48 11 21 12 42 14 27 15 49 17 11 20 36 21 19 23 30
3 13 4 28 6 28 7 16 10 25 12 12 13 12 14 44 16 31 17 35 18 12 19 29 20 31 22 27 7 5 15 8 14 9 22 16 31 18 41 24 48 25 37 10 7 49 8 30 11 27 12 26 14 35 16 13 19 22 20 18 23 13 25 29
5 7 2 22 7 36 8 47 10 19 11 21 24 10 25 11 5 3 30 5 20 6 39 11 13 18 14 3 3 33 12 45 17 37 9 2 20 3 36 10 17 16 12 19 23 21 27 23 17 24 47 25 20 11 1 23 3 34 4 45 8 30 11 16 13 24 18 16 19 44 22 26 24 21 25 47
8 8 4 16 6 37 13 26 18 21 19 34 20 10 22 37 25 18 8 3 13 14 45 16 25 17 36 21 46 22 34 23 12 24 28 5 2 50 9 44 13 50 14 46 21 43 11 5 11 6 35 10 15 12 24 13 45 15 29 16 22 17 10 23 13 24 19 25 40 6 4 49 15 10 16 13 18 46 23 17 25 11 9 2 34 4 29 6 44 8 49 10 14 11 41 17 42 24 31 25 32 12 1 15 3 10 8 10 10 15 11 21 14 47 15 12 16 41 17 47 23 14 24 25 25 46 7 2 14 7 42 12 45 13 19 16 43 23 21 24 28
6 9 1 47 2 31 4 28 8 16 9 38 15 12 19 19 20 47 22 47 10 5 42 7 17 10 17 13 18 16 50 18 20 19 14 20 45 24 30 25 10 14 1 13 3 48 4 38 6 32 7 14 9 43 10 34 12 27 17 17 18 49 19 10 21 19 23 15 25 11 6 6 34 8 18 10 31 12 16 14 20 25 15 5 10 36 15 32 16 40 17 26 25 15 14 4 21 7 13 8 44 11 49 12 40 13 30 15 49 16 42 17 35 18 29 19 41 20 37 23 14 24 20
4 3 16 25 17 19 18 11 12 1 10 2 44 7 21 8 33 9 42 10 12 13 16 15 38 17 29 21 32 23 44 25 15 15 1 35 3 18 6 15 7 19 8 43 9 44 10 16 11 32 13 48 15 45 19 45 21 14 22 17 23 49 24 50 9 4 19 5 17 7 44 9 47 11 14 12 28 13 31 18 43 20 44
6 13 1 26 3 50 5 15 6 25 8 10 10 36 13 40 18 50 19 13 20 15 21 24 22 21 24 15 13 1 21 4 33 7 25 8 19 9 14 10 37 11 40 13 15 14 43 18 35 21 34 22 25 23 19 12 4 18 5 39 7 10 9 49 10 29 11 43 13 14 14 13 15 19 17 33 18 47 22 15 12 2 20 3 37 4 49 5 50 10 38 11 13 12 27 14 34 15 24 17 41 20 49 22 33 13 1 16 3 34 5 25 7 38 10 20 12 14 13 12 15 39 17 12 18 39 19 44 21 13 24 50 9 2 24 3 48 10 41 14 12 15 37 16 49 21 25 23 11 24 30
7 15 1 24 2 23 4 26 5 35 7 22 8 24 10 13 12 35 15 14 16 25 17 42 19 25 21 22 22 28 25 20 10 1 15 2 49 9 18 12 24 16 20 17 44 19 15 20 42 21 17 23 33 4 2 45 8 36 16 45 18 45 14 1 26 2 20 3 34 4 34 9 43 10 46 11 33 13 32 16 39 17 42 19 36 20 26 23 49 25 29 13 1 49 2 48 3 39 6 29 8 39 12 43 15 49 16 31 19 31 21 39 22 15 23 36 24 25 10 1 18 6 25 8 48 9 43 12 41 13 36 14 27 15 26 20 42 23 33 5 1 41 4 45 5 28 9 19 13 29
4 12 1 40 2 45 6 19 7 31 12 29 15 47 16 31 17 45 18 29 19 22 20 19 21 32 6 2 44 5 33 8 43 12 36 21 13 22 15 7 2 45 8 40 11 14 14 43 15 40 19 14 20 24 13 2 18 3 41 5 13 6 33 8 19 9 28 11 38 12 49 13 29 19 22 21 38 22 15 24 35
5 8 1 49 5 15 6 13 9 11 10 47 12 32 21 50 25 47 9 3 35 4 34 7 13 10 12 12 14 13 26 16 42 21 21 24 36 15 1 10 4 49 7 31 8 35 9 38 10 42 11 16 14 25 17 37 18 49 19 22 21 46 22 47 24 17 25 27 10 2 26 4 18 8 19 9 43 11 17 12 46 17 47 18 15 19 44 22 13 12 1 50 3 14 4 37 6 18 7 18 9 50 11 49 14 16 17 43 18 49 19 24 24 44
5 15 1 36 2 30 3 24 4 48 6 22 7 16 9 19 11 29 12 15 14 16 17 50 19 27 20 45 21 42 24 43 12 4 26 5 49 7 11 8 43 14 24 17 23 18 17 19 27 21 48 22 43 24 32 25 31 10 2 48 3 48 4 20 8 12 11 21 14 40 15 32 16 10 18 30 25 23 6 2 36 5 18 7 48 14 44 15 37 23 36 14 1 37 3 18 7 28 8 32 9 35 11 40 14 42 17 11 18 19 20 21 21 50 22 14 24 16 25 35
8 15 1 23 3 23 4 39 5 25 6 44 9 25 11 21 13 50 14 19 16 12 19 18 20 10 22 10 24 25 25 38 11 2 40 4 25 6 36 7 26 9 32 10 15 15 17 16 28 18 22 21 47 25 43 9 4 32 9 18 11 18 12 13 13 37 14 19 15 11 18 28 19 38 10 1 42 3 30 5 44 10 10 13 32 14 38 16 38 17 15 22 32 23 40 8 9 17 12 16 16 50 18 44 19 39 21 29 24 13 25 35 3 4 24 20 36 21 24 8 5 50 6 16 8 23 11 45 12 39 21 18 23 36 24 35 9 8 10 9 15 10 46 11 14 12 24 16 36 18 23 22 24 24 16
4 9 1 34 7 34 9 35 13 43 15 28 16 35 19 32 22 17 25 47 5 3 44 6 18 10 45 12 34 15 19 11 4 39 5 19 8 46 9 20 12 22 17 27 18 45 20 31 21 15 23 38 24 14 4 9 25 15 36 17 26 23 27
3 5 2 15 12 35 13 39 18 46 23 31 10 1 33 2 48 3 12 6 12 11 37 13 50 18 28 21 38 24 16 25 31 3 9 15 10 13 12 38
4 12 2 32 3 33 4 45 6 39 7 34 10 10 12 27 13 43 15 36 16 19 21 34 24 29 5 3 30 4 47 5 29 6 14 10 20 13 1 29 6 32 7 25 8 29 9 19 13 42 15 11 17 11 19 21 21 39 23 17 24 29 25 35 9 1 24 4 41 11 14 16 46 17 20 18 29 19 27 22 21 24 35
7 15 1 43 2 40 3 12 7 24 8 34 11 10 13 37 14 18 15 50 16 17 17 49 18 16 19 41 23 34 25 39 10 1 49 2 28 4 27 7 17 8 35 9 20 10 20 11 45 17 44 22 15 9 2 13 8 29 10 31 11 32 12 10 14 48 16 34 18 28 19 18 6 5 29 8 42 11 43 13 41 18 33 21 43 8 3 14 6 37 7 13 9 29 10 17 12 42 18 43 23 27 11 1 22 2 22 4 33 5 10 8 42 11 20 12 21 13 16 14 18 15 28 17 33 14 1 19 5 29 6 36 7 30 8 16 9 27 10 37 11 41 13 23 15 45 17 44 20 31 21 36 22 44
3 9 3 36 8 20 9 24 12 12 13 10 15 26 18 21 20 24 21 31 4 2 35 5 21 22 39 25 29 12 1 37 3 24 5 14 6 23 8 36 12 19 15 13 17 42 18 20 22 43 23 36 24 10
5 8 5 39 6 39 9 41 15 20 19 34 20 23 21 28 22 44 5 1 27 10 50 13 49 16 37 24 50 12 4 45 5 23 7 10 9 49 10 38 12 32 13 38 15 43 20 10 23 36 24 23 25 15 10 6 18 7 47 8 14 10 24 11 43 14 41 16 29 17 16 18 16 20 35 8 1 29 2 47 4 14 11 24 13 17 17 21 20 34 24 39
4 9 3 18 6 10 8 24 9 35 12 23 14 32 16 37 19 31 25 26 14 1 32 2 16 3 19 5 16 7 20 9 23 11 12 14 44 17 12 18 15 19 48 20 36 21 46 25 42 14 3 39 5 46 7 35 8 46 11 20 12 50 13 40 14 11 18 18 19 47 20 38 21 16 22 15 25 36 11 2 39 5 28 7 36 8 18 9 17 13 40 16 20 20 38 22 14 23 28 25 10
6 4 2 22 4 45 13 11 17 38 9 1 40 2 13 4 48 14 33 16 29 22 22 23 43 24 20 25 44 8 2 39 4 44 6 38 10 22 12 26 15 35 19 50 22 33 8 3 41 4 46 8 26 9 22 10 42 11 47 12 25 20 44 14 2 21 5 24 6 45 7 19 10 20 11 15 13 41 14 18 15 14 18 44 20 22 21 48 23 34 24 10 12 1 13 7 27 10 42 11 23 13 50 15 31 17 11 18 31 19 33 22 46 24 25 25 36
8 7 2 13 4 46 5 30 11 44 15 20 20 12 23 25 3 5 10 14 12 21 19 8 4 37 6 19 8 46 11 43 16 35 19 12 22 30 25 43 9 1 46 2 47 3 16 5 35 6 48 8 26 9 27 15 46 18 46 14 2 27 3 29 7 11 9 36 11 14 12 48 13 14 14 38 16 44 19 42 21 22 22 41 24 27 25 47 13 1 43 6 25 8 26 9 35 11 32 12 30 13 18 16 42 18 40 19 15 20 13 22 28 25 23 7 1 12 2 29 5 30 12 48 21 34 23 16 25 30 4 2 20 14 45 15 46 21 37
6 5 4 19 8 49 9 28 11 37 16 38 5 3 13 5 36 12 33 13 30 21 31 14 2 23 3 42 5 49 6 37 7 38 9 42 12 24 14 20 15 25 17 43 20 26 21 12 24 48 25 25 8 5 39 6 47 7 34 11 30 14 45 15 48 24 31 25 29 9 2 24 4 41 7 18 11 38 16 26 17 50 18 42 24 36 25 39 13 1 21 2 10 4 21 5 27 7 34 9 33 10 38 11 21 14 36 15 39 19 14 20 21 21 10
8 9 1 42 2 23 3 15 6 47 9 44 11 39 12 43 15 27 20 24 11 1 25 4 40 5 17 7 25 8 14 10 38 11 38 15 20 16 41 17 14 24 43 14 2 23 3 39 5 16 7 33 9 43 10 12 11 49 12 29 14 12 15 31 20 40 22 19 23 16 25 44 11 1 25 5 27 6 47 7 31 9 49 11 16 14 25 15 37 16 35 21 48 25 30 6 1 37 2 40 4 43 11 20 20 38 21 23 4 1 13 4 30 5 25 12 45 9 1 16 2 36 4 30 9 10 14 39 16 29 17 35 21 42 23 11 14 1 48 6 23 9 43 10 20 14 30 15 37 16 40 17 34 18 48 19 33 20 49 21 43 22 10 24 33
7 11 1 49 5 27 9 40 10 30 11 25 12 49 14 20 21 27 22 21 24 24 25 40 13 4 45 9 37 10 27 11 21 14 31 15 18 16 15 17 42 20 44 21 16 22 50 24 12 25 21 7 4 10 5 48 7 27 14 26 18 13 22 29 24 37 4 7 39 13 23 15 50 16 48 10 1 20 2 40 7 37 10 34 11 13 14 10 16 14 21 38 23 45 25 44 12 1 50 3 18 5 18 6 14 7 25 9 40 12 15 13 27 15 42 22 30 23 19 24 42 15 1 26 3 44 4 37 5 22 6 31 8 31 11 39 12 23 15 10 17 38 18 29 20 26 21 17 22 17 25 37
6 9 2 37 9 45 10 43 11 14 15 14 17 10 21 48 22 37 23 21 5 7 38 8 24 9 39 14 15 16 14 7 3 49 6 35 9 21 11 15 20 25 22 40 23 43 6 2 38 9 13 11 47 13 18 15 34 19 34 5 1 29 6 35 7 24 14 26 23 16 13 1 41 4 18 5 40 7 14 8 26 11 10 12 40 14 39 15 19 16 29 21 37 23 44 24 26
4 3 9 46 18 29 24 31 8 1 29 3 25 7 49 10 18 11 45 14 50 15 33 22 28 5 12 25 14 44 17 23 23 45 24 14 14 3 49 4 45 6 44 7 10 8 31 9 42 10 40 11 45 12 15 13 13 15 23 18 16 19 46 23 44
4 13 2 44 5 24 6 23 7 47 9 32 10 41 14 35 17 46 19 23 20 39 21 27 24 47 25 30 12 2 21 8 12 9 46 10 35 12 23 13 26 14 38 15 26 16 20 19 41 21 19 23 12 15 1 20 3 43 4 36 6 40 7 38 8 15 10 32 11 29 12 48 13 17 16 19 19 42 20 35 23 30 25 37 13 3 36 7 24 8 10 12 22 14 48 15 25 16 26 17 10 18 39 20 23 22 41 23 23 25 31
6 11 1 30 5 17 6 29 8 45 9 12 12 37 14 44 16 19 18 32 21 33 22 18 7 5 49 8 13 12 43 14 32 17 22 21 30 24 41 4 1 34 2 28 10 40 19 28 6 4 39 7 39 9 22 15 18 23 33 25 16 6 9 33 11 37 13 40 14 50 18 41 25 46 6 6 12 11 40 13 12 15 37 17 14 21 24
4 13 1 24 3 33 4 48 6 47 8 37 10 38 13 39 15 32 17 23 18 28 19 23 22 35 25 22 12 1 35 2 10 3 12 4 31 6 24 10 29 13 49 14 13 17 36 19 12 22 18 25 10 12 3 16 5 36 6 11 8 46 9 47 11 14 13 42 14 19 15 17 16 18 18 49 21 28 9 4 13 5 31 8 12 10 33 14 10 15 21 21 43 22 30 25 45
7 10 3 11 7 20 9 44 10 47 11 19 13 22 16 12 17 24 24 43 25 48 5 5 20 7 15 16 22 23 43 25 39 7 1 47 8 21 11 16 13 19 19 31 20 17 24 18 9 3 26 6 23 9 45 16 24 17 41 21 15 22 39 24 36 25 26 14 2 15 3 13 4 10 5 30 6 18 7 27 9 23 11 34 13 39 15 32 16 26 19 39 21 48 22 45 8 4 14 5 14 8 38 12 29 13 41 18 11 22 13 25 21 9 2 26 4 38 5 39 7 22 11 40 12 39 19 46 20 43 24 44
3 4 11 14 12 34 16 10 22 13 10 2 48 4 14 9 14 10 38 11 10 13 33 15 40 18 32 20 48 23 48 4 1 37 18 35 22 22 23 42
7 13 1 30 2 32 4 20 6 43 7 21 11 41 13 18 14 50 16 31 19 34 20 37 23 21 25 24 12 1 40 2 47 5 36 8 17 11 31 13 17 14 14 18 31 21 20 22 13 23 40 24 33 11 1 30 4 43 5 27 7 11 8 42 9 31 11 11 12 26 13 15 14 39 25 22 8 9 30 10 18 12 33 14 48 15 17 17 27 20 29 25 31 11 1 50 7 10 8 41 12 31 15 11 16 22 18 30 19 42 21 30 22 33 24 16 15 1 21 3 32 4 20 5 25 6 26 8 21 14 46 16 50 17 38 18 45 19 17 20 40 21 30 23 32 24 11 7 1 25 4 15 6 46 7 10 14 13 23 12 24 36
8 7 2 43 7 31 16 32 18 11 21 17 23 11 24 29 6 4 28 11 26 17 49 18 22 22 25 23 24 15 1 23 2 22 3 34 5 27 6 30 7 44 8 18 11 17 12 43 14 40 17 43 18 34 19 31 22 39 24 43 6 1 23 8 30 9 18 10 19 18 23 19 10 3 4 19 16 24 23 45 14 4 48 6 11 7 29 10 39 11 46 12 18 13 42 18 16 19 20 20 30 21 21 22 10 24 11 25 49 4 2 32 9 29 17 23 24 30 7 1 37 4 37 6 46 12 27 16 17 18 17 20 36
7 3 1 35 11 15 23 46 12 2 27 3 26 4 22 9 11 11 15 13 41 15 38 18 37 19 18 22 34 24 46 25 39 6 5 22 19 13 20 14 21 21 24 22 25 47 13 2 15 5 37 8 16 9 16 11 25 12 37 13 27 15 16 16 12 18 12 20 42 23 10 25 18 12 1 43 6 47 10 16 13 17 15 15 16 36 19 21 20 18 21 24 22 42 24 16 25 30 4 4 12 8 24 22 45 23 25 3 8 10 22 44 25 27
8 10 4 29 5 43 7 21 8 17 10 20 13 38 14 43 20 45 22 32 23 29 4 4 40 8 31 9 28 25 31 14 1 24 2 39 6 22 7 29 8 11 12 18 13 50 15 27 16 46 17 10 18 26 22 17 24 50 25 45 5 4 11 5 36 6 10 8 25 23 47 9 1 17 2 28 4 14 6 44 19 10 20 32 23 24 24 39 25 18 14 1 23 2 11 4 14 5 32 6 21 11 44 12 46 13 46 15 10 18 43 19 34 20 40 23 44 24 29 6 2 20 8 23 10 22 12 30 13 22 16 24 11 3 26 5 43 7 36 8 32 10 44 13 41 14 26 15 45 18 30 22 39 23 27
4 9 4 13 6 49 12 13 14 28 15 45 16 47 19 39 21 43 23 43 15 1 27 2 22 3 38 7 41 8 21 9 49 10 15 13 36 15 24 16 20 17 24 18 11 20 13 22 10 24 25 4 1 44 15 17 18 18 20 30 13 1 24 3 25 4 25 5 43 6 20 9 35 10 32 13 25 15 37 17 22 18 20 23 37 25 24
3 13 2 28 5 22 7 10 11 19 13 36 14 40 15 12 16 45 17 15 18 26 19 11 24 35 25 50 7 3 39 5 42 11 28 12 50 13 13 24 44 25 17 3 5 13 16 48 25 34
4 3 12 36 14 43 21 44 10 3 25 5 34 9 47 12 48 17 43 21 47 22 19 23 25 24 44 25 25 11 2 11 3 29 6 37 7 30 8 42 10 26 11 23 13 27 16 45 17 42 24 24 3 7 10 11 48 12 30
5 10 1 13 3 25 6 14 8 34 10 27 11 29 17 19 19 44 21 18 22 44 6 2 24 4 37 10 23 14 48 15 25 19 11 12 3 49 6 43 10 45 12 43 13 50 14 10 16 30 17 27 18 11 21 48 22 45 24 15 4 2 21 7 16 18 35 23 12 8 3 14 10 22 15 30 18 36 19 33 23 24 24 17 25 14
4 7 1 22 10 23 15 28 16 33 17 49 21 26 23 15 12 3 44 5 34 6 45 7 33 8 12 10 46 13 32 14 33 17 31 19 41 20 15 24 26 4 1 42 8 44 17 43 25 23 8 1 26 2 41 7 32 12 35 13 37 17 48 24 15 25 13
8 11 2 21 3 47 7 47 10 21 12 31 14 26 15 13 16 27 21 43 22 13 23 21 3 7 16 10 47 11 34 4 2 23 9 49 10 39 17 12 14 1 11 3 16 5 21 6 11 7 47 8 11 10 18 14 11 15 30 18 44 19 23 20 50 23 28 25 19 14 1 36 2 25 3 40 4 33 6 27 7 19 9 31 10 49 13 47 18 25 19 17 23 40 24 13 25 43 7 4 14 5 28 11 26 12 29 19 36 20 49 24 22 11 1 45 5 10 6 11 7 17 12 30 13 18 14 16 16 42 17 16 19 21 23 31 7 4 27 9 11 12 27 13 43 19 27 22 16 24 32
4 14 1 33 5 11 7 35 8 46 9 30 10 42 11 43 13 41 14 47 16 46 17 40 21 18 23 21 24 28 5 7 39 8 43 19 13 20 20 23 24 3 2 46 7 47 25 32 4 1 44 9 45 16 35 17 44
4 15 1 29 3 26 4 21 9 39 10 48 12 40 14 18 16 14 17 42 18 23 20 35 21 39 22 25 24 39 25 17 6 5 37 11 16 12 12 16 31 17 44 18 43 5 3 27 7 15 9 21 14 46 23 26 7 6 47 15 37 17 17 18 17 22 29 24 17 25 17
3 14 2 15 4 28 5 28 6 13 7 10 9 14 10 31 11 23 12 46 16 15 17 15 20 39 23 15 25 22 6 1 19 4 47 6 21 20 37 21 22 25 44 11 2 39 3 23 5 43 7 25 8 40 10 34 14 31 15 30 17 19 19 19 21 26
4 5 6 33 11 46 20 13 24 34 25 47 6 6 40 11 31 14 23 15 19 16 13 25 47 5 4 16 6 48 9 49 13 20 19 41 4 2 49 11 20 17 38 18 34
3 11 2 26 3 20 5 12 7 21 9 35 10 47 17 29 18 40 19 30 23 30 24 21 3 13 34 22 10 23 46 11 2 33 4 45 5 19 8 29 10 44 11 28 17 30 18 49 20 20 21 30 25 26
6 9 5 21 6 34 13 14 14 44 15 37 18 36 23 31 24 21 25 16 3 1 28 7 16 11 40 15 1 43 2 39 4 32 6 36 7 33 9 22 11 50 12 17 13 17 15 42 16 19 20 49 21 24 22 43 24 39 6 2 12 7 17 13 44 17 16 18 49 25 41 7 5 33 8 47 9 20 11 48 16 25 21 48 25 28 3 3 20 14 44 25 23
5 13 1 34 5 38 6 13 10 48 13 35 14 39 15 44 16 46 17 26 18 46 21 13 22 28 23 49 7 2 44 3 49 6 11 9 32 14 22 18 43 19 41 11 1 15 3 26 4 48 6 13 7 21 10 27 11 38 16 44 19 18 21 39 24 33 8 1 33 9 44 11 43 13 31 14 11 16 37 19 32 20 13 3 4 30 7 32 14 40
3 14 1 32 2 19 3 12 4 42 8 38 11 32 12 17 13 10 15 21 16 40 18 18 20 37 23 35 24 14 15 1 22 2 14 3 33 4 28 5 16 6 21 8 12 9 36 13 32 15 23 17 20 18 44 19 43 21 27 24 34 12 1 30 3 26 5 38 7 46 9 30 10 23 17 41 18 47 19 36 20 32 23 22 25 49
116 106 39 46 109 107 114 96 91 120 106 54 96 78 51 116 113 71 115 40 95 145 120 112 76 85 36 54 78 139 119 65 108 129 60 95 86 100 69 44 51 92 53 94 66 107 134 108 136 117 73 71 60 109 78 85 48 137 97 93 127 59 36 62 76 63 108 60 57 40 60 59 107 63 37
1 3 1 3 1 1 3 2 3 1 3 2 1 2 3 3 2 3 2 1 2 3 2 1 1
# Instance ID: 74
# Total operations: 401
# Actual flexibility: 0.357
# Generated: 2026-02-14 14:26:23
# Format: Extended Brandimarte for MOFJSP (Comparison Dataset)