15 10
4 1 7 13 1 7 35 2 8 49 10 32 3 2 39 4 46 6 18
6 1 8 16 4 2 24 5 19 8 49 9 26 3 3 30 6 39 7 41 1 2 40 1 6 40 4 3 46 5 18 6 42 9 16
3 4 2 29 6 44 7 39 10 35 5 2 40 4 34 5 14 7 31 9 23 6 3 25 5 21 7 14 8 46 9 41 10 17
8 5 1 38 5 21 6 29 8 35 10 14 5 2 13 4 15 6 23 7 18 8 47 6 1 34 3 49 4 46 5 38 8 22 9 23 6 3 15 4 47 5 10 6 49 9 42 10 35 2 1 33 5 45 1 1 45 3 1 25 2 37 5 47 4 4 37 6 44 7 23 9 21
3 4 3 33 4 36 7 19 8 28 6 1 19 3 41 6 37 7 18 8 15 10 18 6 2 42 4 37 5 45 7 38 8 34 10 32
3 2 3 48 7 10 5 4 46 5 33 8 12 9 12 10 46 4 2 15 6 19 8 43 10 27
3 4 2 40 8 50 9 14 10 50 5 1 10 3 40 5 39 9 42 10 40 5 3 28 6 20 7 12 9 48 10 29
5 6 1 20 4 46 5 13 6 28 9 49 10 11 3 2 42 3 14 8 27 3 3 26 5 10 9 17 5 2 26 3 25 8 41 9 21 10 43 1 6 15
8 2 3 41 10 36 4 2 46 3 32 4 13 8 26 1 1 20 4 4 44 5 24 7 34 8 34 4 1 28 3 38 5 34 7 30 5 1 49 2 27 4 31 6 27 7 27 1 5 47 4 4 31 5 21 8 30 9 45
3 1 1 14 1 7 16 5 2 28 6 26 8 22 9 12 10 11
6 5 1 17 2 17 4 15 5 48 6 18 4 2 21 3 26 6 28 10 39 6 2 26 3 20 4 14 5 27 7 13 8 34 4 1 26 5 21 6 38 7 14 4 3 41 4 16 6 19 7 44 4 2 26 4 16 6 12 8 14
7 1 10 26 4 1 50 3 10 6 12 8 34 3 3 46 6 10 7 42 6 1 44 4 24 6 10 7 34 8 40 10 17 5 3 35 6 13 8 50 9 15 10 33 5 2 22 3 21 6 45 7 12 8 34 6 1 41 3 15 4 50 5 38 6 22 7 18
3 1 4 11 6 1 29 4 41 5 44 8 38 9 11 10 12 3 1 35 6 17 10 23
5 6 2 14 3 12 5 19 6 41 8 11 9 40 5 1 50 2 13 3 29 4 16 10 39 5 1 48 2 49 3 24 4 14 9 22 4 1 46 6 44 7 18 10 30 2 1 31 3 14
8 1 5 19 4 3 25 4 47 6 12 10 18 1 10 34 2 1 15 8 10 1 3 15 6 2 23 4 19 5 50 6 27 7 43 10 38 4 1 21 3 41 4 49 5 15 6 1 22 2 17 5 43 6 16 7 49 10 33
64 81 44 116 39 52 42 69 100 50 88 108 39 78 139
3 3 2 2 2 1 1 1 1 3
# Instance ID: 16
# Total operations: 75
# Actual flexibility: 0.364
# Generated: 2026-02-14 14:26:22
# Format: Extended Brandimarte for MOFJSP (Comparison Dataset)