50 25
4 13 2 15 3 46 4 14 5 11 6 50 7 39 8 33 10 21 11 40 18 45 21 49 22 35 25 19 11 3 15 4 41 9 50 10 20 11 36 12 50 13 12 16 42 17 20 18 16 22 23 13 1 36 3 37 4 48 5 50 6 31 8 34 9 16 11 38 14 15 15 44 19 20 20 23 22 20 10 3 25 5 46 7 38 9 24 16 14 18 50 19 41 20 41 21 10 24 34
3 10 2 33 4 18 10 17 11 14 14 20 17 49 19 29 21 27 22 23 25 32 7 1 44 2 43 3 15 6 48 9 11 14 49 16 34 3 13 13 16 28 25 32
4 9 2 14 4 49 8 50 12 36 13 44 16 28 18 39 21 11 25 45 4 2 42 9 18 12 23 22 38 14 6 46 7 46 8 23 9 17 12 38 13 23 15 12 16 47 17 10 18 14 19 49 21 14 22 24 23 29 9 1 27 2 19 3 37 8 13 11 20 12 37 14 41 18 35 22 50
3 13 2 26 3 39 4 27 5 34 8 30 11 49 13 15 18 23 19 15 20 36 21 22 23 42 25 15 5 3 27 14 47 18 44 22 10 25 47 5 10 26 11 32 17 41 18 29 20 46
3 12 2 27 5 11 6 44 8 36 9 49 12 48 15 15 17 48 18 40 20 38 22 32 25 33 15 1 33 5 46 9 28 10 28 11 26 13 29 14 13 15 33 16 37 17 33 19 33 20 32 22 14 23 49 25 41 4 4 18 16 24 18 17 25 22
4 13 1 18 2 34 3 43 4 32 5 27 12 13 13 18 15 41 16 40 18 18 22 24 23 27 25 42 14 1 41 2 44 3 37 4 30 5 23 6 45 8 34 11 25 13 36 18 29 20 30 22 44 24 49 25 30 7 1 43 4 49 13 11 14 35 16 27 20 40 24 19 7 3 31 4 11 5 46 8 13 11 20 22 22 24 10
5 10 1 37 4 13 5 26 9 10 10 44 12 49 14 49 20 50 24 39 25 32 6 8 35 12 29 14 25 18 20 19 20 20 29 15 1 13 2 36 3 25 5 47 7 18 8 42 9 20 10 25 11 44 13 21 14 35 15 37 18 27 19 35 25 20 4 6 46 19 29 20 26 21 30 3 16 26 18 48 24 10
8 5 3 40 12 36 13 15 20 18 24 16 7 1 34 2 50 6 34 7 50 17 43 24 36 25 20 14 1 21 4 27 5 17 7 27 8 16 9 24 10 37 11 48 12 46 13 42 15 38 17 47 18 11 21 26 8 7 15 8 35 10 41 14 28 16 41 17 50 23 29 24 20 10 3 28 4 35 5 32 10 42 11 10 12 42 13 37 18 45 20 19 25 17 9 4 32 5 49 6 16 7 31 10 28 11 22 13 22 21 47 23 40 7 1 10 15 12 16 35 18 49 23 14 24 42 25 27 15 2 43 3 28 6 26 8 22 9 38 10 34 11 34 12 19 14 39 15 39 16 19 19 42 21 34 22 28 24 11
7 13 3 20 4 26 5 15 6 16 7 45 8 42 10 24 13 19 14 28 16 31 19 19 22 50 25 34 8 2 37 6 28 10 41 13 29 15 48 17 28 18 37 23 31 12 2 43 4 17 7 16 11 16 12 43 14 28 15 27 16 48 17 50 19 20 20 22 22 24 9 2 23 4 12 8 16 9 35 11 38 12 20 17 31 21 12 25 39 6 3 37 7 30 17 16 19 32 21 37 23 19 6 1 23 2 37 7 46 16 20 17 20 24 27 14 1 12 4 33 5 25 6 33 9 27 10 33 11 20 12 33 13 33 14 23 15 35 18 21 19 20 24 45
7 3 7 33 15 15 19 26 4 1 50 11 50 17 41 24 20 8 2 43 6 50 8 48 9 18 15 35 19 30 23 34 25 21 6 4 10 5 14 7 31 19 13 20 50 24 26 4 3 11 5 36 11 44 23 28 14 4 50 5 21 6 19 10 36 12 36 13 46 18 17 19 47 20 42 21 35 22 20 23 36 24 26 25 10 8 5 30 6 12 11 46 14 25 17 27 20 43 21 43 22 19
8 10 2 19 4 48 5 41 10 29 13 28 15 13 16 14 17 21 20 14 21 37 4 1 31 13 31 14 44 22 47 13 1 24 2 26 5 14 6 10 9 30 13 48 15 41 17 11 18 43 19 43 22 14 23 20 25 23 13 1 31 3 11 5 43 6 41 7 18 10 43 11 13 12 10 14 45 15 43 22 23 24 47 25 49 6 6 48 10 46 16 49 22 19 23 22 25 22 15 2 28 3 43 6 23 7 35 8 43 9 27 11 23 13 40 14 14 15 37 17 28 18 12 19 35 21 14 24 18 12 1 19 4 32 6 17 8 31 9 37 11 33 12 50 15 37 16 14 20 43 23 19 24 19 5 1 24 4 22 16 37 18 41 22 22
3 14 2 17 3 16 5 10 6 13 7 50 8 40 9 16 10 41 13 47 17 15 19 39 20 11 23 40 25 49 8 1 18 8 43 14 44 15 47 18 41 21 39 23 40 24 48 10 2 50 8 48 11 33 12 18 13 41 14 28 16 31 20 10 21 22 23 34
3 6 6 45 7 26 10 30 11 39 23 17 25 16 9 2 42 7 22 8 21 9 50 12 29 16 46 19 19 21 23 23 37 10 1 46 3 26 4 17 5 29 6 34 7 19 15 38 18 36 19 12 22 20
5 11 1 39 3 44 7 14 8 40 10 11 13 23 17 15 18 26 20 33 22 14 25 42 13 3 32 8 35 12 20 13 49 14 19 16 43 17 47 18 18 19 25 20 41 21 14 23 12 24 35 3 8 28 20 48 21 20 15 1 39 4 15 5 26 7 43 8 44 9 29 10 36 11 37 14 11 15 37 16 15 17 20 18 27 19 11 22 31 9 1 23 6 10 9 34 10 32 13 26 15 36 16 24 17 46 20 34
6 3 16 46 20 31 22 19 15 1 12 2 40 3 17 6 12 10 48 12 50 15 41 17 20 19 42 20 26 21 15 22 41 23 24 24 34 25 19 11 2 35 5 50 7 10 10 40 11 32 17 50 18 41 21 16 22 47 23 35 25 44 9 2 18 4 28 7 37 8 41 9 35 14 30 15 42 24 15 25 39 12 9 19 10 31 11 24 12 15 15 29 17 14 18 14 19 18 20 27 23 38 24 45 25 45 10 3 16 5 28 7 14 9 16 12 15 13 32 15 17 16 42 17 27 19 13
4 9 2 45 7 38 11 43 14 37 16 42 17 49 18 32 21 24 23 50 8 1 48 7 22 8 10 11 47 16 22 21 36 24 39 25 36 3 15 25 18 37 25 45 15 1 18 2 38 6 24 7 12 10 45 11 22 13 15 14 20 17 11 18 49 19 35 20 41 21 14 23 26 24 32
3 5 5 16 8 49 14 27 15 15 22 15 14 1 36 5 19 7 26 8 25 9 25 10 35 11 32 12 25 13 23 14 25 17 48 22 10 24 20 25 48 15 2 46 3 32 4 43 6 33 7 30 8 35 10 24 12 46 13 10 14 24 15 50 17 23 20 28 22 42 23 19
7 9 1 32 6 41 7 23 9 40 11 46 16 30 21 18 24 39 25 11 10 2 43 3 10 6 39 8 40 11 22 15 33 17 45 20 27 21 36 24 50 10 2 45 4 21 12 50 13 36 14 31 15 14 16 33 17 10 23 32 25 42 12 2 36 4 50 8 37 9 43 12 28 15 31 18 26 19 50 20 21 21 41 24 39 25 18 14 2 34 3 21 6 32 7 29 9 39 10 50 11 16 14 19 16 47 18 49 19 23 21 18 23 44 25 49 12 2 47 4 35 5 10 6 28 8 17 9 38 10 36 12 43 18 28 19 16 21 31 25 14 10 1 32 2 11 6 42 11 29 13 29 14 14 17 10 20 17 22 37 24 41
5 5 3 28 5 43 6 39 11 42 14 35 13 3 11 8 33 9 34 10 20 11 20 12 30 13 29 16 39 18 12 20 38 21 33 23 46 24 42 6 5 10 11 35 15 36 18 20 19 31 25 46 13 2 29 3 15 4 41 5 27 7 19 9 39 10 46 11 41 14 47 17 20 19 32 21 16 24 49 11 3 44 6 14 11 28 14 41 15 29 18 30 21 39 22 25 23 40 24 26 25 28
4 5 3 12 4 16 7 10 12 17 15 13 3 4 24 14 15 16 24 4 4 36 7 39 12 39 25 40 4 3 18 8 13 22 26 23 19
5 11 1 19 5 11 7 33 8 19 13 33 15 34 19 19 20 18 21 46 22 35 23 31 4 8 41 11 19 20 42 21 13 9 3 17 4 18 12 44 13 32 14 33 18 13 19 20 21 46 22 28 3 5 50 14 42 25 48 13 2 27 4 46 5 39 7 30 9 24 10 31 12 25 16 39 17 28 18 46 20 31 23 18 24 33
4 5 1 42 11 28 14 41 17 10 21 41 13 2 47 3 28 4 40 6 19 7 45 13 26 14 15 15 21 21 46 22 30 23 43 24 33 25 31 15 1 31 3 42 4 48 7 29 8 33 12 32 13 14 17 36 18 11 19 46 21 14 22 15 23 39 24 49 25 27 12 4 32 6 32 7 26 10 40 12 17 15 41 16 31 17 44 18 29 22 38 24 13 25 14
4 12 1 41 2 13 3 34 4 14 10 49 15 38 16 44 17 38 18 21 21 45 22 21 25 16 10 3 17 8 41 10 47 13 36 14 17 15 36 16 38 20 37 21 34 24 40 14 2 24 4 41 5 31 8 45 9 41 12 30 13 29 15 30 16 47 17 34 18 15 22 46 23 13 25 20 5 8 37 10 40 16 29 20 43 23 43
8 8 3 36 4 20 7 14 8 23 12 41 13 49 17 35 18 49 6 4 31 7 32 11 36 16 24 23 34 25 46 6 9 13 16 22 19 23 21 25 23 36 25 39 3 4 22 6 41 13 35 4 2 22 6 50 8 23 11 15 12 1 25 2 42 4 46 6 29 8 45 11 11 13 25 15 40 16 22 19 35 23 14 25 10 4 2 37 4 19 18 19 20 36 3 18 15 22 47 24 31
3 14 4 50 5 31 8 17 10 23 12 27 13 48 14 45 15 31 17 49 18 44 19 18 20 39 23 50 25 24 5 7 45 14 24 15 20 22 35 23 44 11 1 31 3 10 4 44 6 21 7 32 9 39 13 20 19 35 22 49 24 37 25 39
5 10 1 23 8 32 10 37 11 22 14 26 17 45 19 23 20 38 23 49 24 33 5 7 48 8 38 14 15 19 38 23 28 8 1 19 3 36 8 34 11 49 15 16 16 35 21 28 24 34 5 2 17 6 32 11 48 14 47 21 42 13 2 23 5 14 8 16 10 11 11 19 12 34 15 26 16 22 18 16 21 40 22 48 24 33 25 44
5 15 1 19 3 12 4 41 5 27 6 22 9 28 12 37 13 27 14 44 18 17 19 42 20 35 21 43 23 26 25 18 8 7 45 8 11 13 32 15 20 18 45 19 31 22 10 23 49 14 1 38 4 20 5 24 11 20 12 24 13 43 14 44 16 38 18 38 19 37 20 46 22 24 23 47 25 49 11 2 39 3 10 5 46 7 17 11 33 12 46 13 23 14 14 17 34 21 28 22 48 13 1 11 2 43 7 50 11 47 12 26 13 14 14 30 15 41 16 21 17 19 18 16 21 49 24 36
8 12 1 30 2 43 4 20 6 24 7 40 9 48 12 16 18 45 20 33 21 45 22 26 23 37 10 3 12 5 39 6 31 9 24 11 20 15 10 16 44 17 15 23 30 25 48 6 2 22 4 24 7 32 9 39 16 28 21 36 8 2 33 6 12 7 27 8 31 11 42 12 10 14 28 21 39 3 6 44 18 47 19 23 3 11 38 19 33 20 30 12 2 33 3 28 5 20 6 12 12 11 13 24 14 15 17 31 21 11 22 41 23 42 24 12 4 3 35 11 26 13 17 25 23
7 4 9 12 17 22 18 18 22 42 5 4 41 5 44 10 15 16 12 24 42 7 4 34 5 44 9 23 11 16 14 11 18 45 22 28 9 6 33 7 26 9 30 10 26 12 15 13 48 20 15 21 23 22 31 15 3 46 4 22 5 32 6 46 8 47 9 42 10 33 12 17 13 13 14 15 15 39 19 40 22 14 24 17 25 27 9 5 16 6 45 7 40 11 41 13 25 15 32 16 49 20 33 21 10 11 1 17 8 40 9 29 10 10 13 46 14 34 17 34 20 37 22 21 23 19 24 25
7 7 4 31 5 17 14 26 15 22 19 11 20 48 22 14 10 1 48 7 15 14 50 15 37 18 17 20 41 21 44 22 37 24 16 25 12 9 3 22 6 43 9 14 10 18 12 48 14 13 19 26 23 18 24 16 7 1 42 2 23 4 43 10 23 15 37 17 15 23 19 14 1 36 2 24 4 40 5 29 7 39 8 32 10 22 11 26 12 22 15 30 16 41 17 36 22 10 25 33 7 1 48 2 26 3 22 7 22 8 43 12 27 23 17 15 2 50 5 49 6 45 7 35 10 31 11 38 13 24 14 15 15 39 16 47 17 46 18 44 19 33 21 16 25 28
3 10 3 37 4 16 5 36 6 36 11 13 13 15 14 50 18 48 19 22 22 13 14 1 34 2 43 3 50 4 47 5 48 7 15 8 44 9 46 13 20 16 50 17 40 22 41 23 32 25 38 12 1 46 2 31 3 34 5 26 6 34 7 12 11 47 13 19 16 25 21 43 22 30 25 32
3 6 6 34 17 26 18 26 22 17 23 26 25 16 11 1 44 2 29 7 24 9 34 10 12 11 34 13 29 14 22 17 45 19 12 24 48 6 1 44 5 23 7 28 10 11 12 10 15 24
6 15 1 26 2 29 3 31 5 30 6 22 8 15 9 49 10 12 11 33 14 32 18 49 20 49 21 44 24 15 25 42 11 1 18 8 40 9 50 10 27 12 46 17 32 18 46 22 14 23 36 24 47 25 37 3 10 16 17 14 21 16 15 1 14 2 25 3 11 5 10 6 11 8 23 9 39 10 31 11 21 15 46 16 48 17 28 20 30 21 31 25 43 5 5 37 8 20 11 24 15 50 25 39 14 2 37 3 23 4 30 5 46 6 36 8 40 9 47 11 33 12 35 14 14 15 32 16 15 19 12 20 48
8 3 2 18 3 45 5 26 11 1 45 7 17 8 12 9 25 15 21 16 27 18 40 19 15 20 38 21 24 25 30 9 2 31 5 17 6 36 7 41 11 13 14 47 17 20 18 32 24 38 10 3 20 4 22 8 41 10 15 11 42 13 24 16 23 17 30 20 21 23 43 3 16 36 18 47 19 17 10 1 19 4 26 6 50 9 20 12 19 13 10 14 22 15 48 20 18 23 15 3 4 15 13 29 22 42 15 1 33 3 12 4 12 6 29 7 12 9 16 10 15 11 37 13 28 16 32 19 43 21 16 22 38 23 50 24 49
7 10 1 15 4 19 5 23 9 50 14 15 17 27 19 19 20 26 23 15 25 25 3 8 40 17 38 19 24 15 1 19 2 30 3 32 4 50 6 31 7 16 10 17 11 46 12 39 13 20 15 36 16 23 20 16 22 38 25 21 14 1 19 4 13 5 20 7 37 9 16 10 22 12 45 13 35 14 40 15 19 16 30 17 21 19 44 21 22 4 15 12 18 28 24 33 25 13 14 2 32 4 48 5 29 7 48 8 23 9 23 10 24 12 14 13 37 16 48 18 36 20 33 23 11 24 24 11 1 35 2 29 5 25 6 36 8 49 11 27 13 43 16 43 19 21 22 30 23 46
4 8 1 46 3 17 4 17 13 12 18 31 19 46 22 25 25 13 10 1 39 4 40 6 27 8 29 11 44 13 23 17 11 18 39 23 32 25 32 11 4 39 6 11 7 26 8 50 9 21 10 33 11 17 17 30 19 44 22 41 23 12 14 1 20 4 50 5 36 7 32 10 15 11 14 15 49 17 18 18 11 20 29 21 33 23 23 24 15 25 31
5 14 1 40 2 45 5 49 6 41 7 32 8 28 9 35 12 29 13 10 15 23 19 11 21 25 22 39 23 21 10 7 21 8 13 10 36 11 45 13 46 14 28 15 38 18 48 19 12 22 43 13 1 49 6 17 7 21 10 12 11 19 15 15 16 10 17 47 18 17 19 27 21 48 23 14 25 35 14 1 26 5 26 6 16 9 34 11 45 15 37 16 27 17 33 18 39 19 26 20 34 21 36 22 40 25 20 12 3 40 5 24 6 38 7 32 9 36 10 39 11 48 12 45 16 27 17 41 21 31 24 11
3 11 1 50 2 44 4 23 5 16 6 14 9 45 11 24 13 21 14 40 16 20 17 21 6 3 24 4 28 11 45 16 20 22 41 23 35 15 1 23 3 47 7 38 8 36 10 27 14 10 15 41 16 42 17 18 19 46 20 47 21 25 22 35 23 35 25 39
5 4 2 49 8 33 10 12 21 19 9 3 46 6 37 8 43 9 36 13 14 15 32 18 48 22 20 24 11 9 2 17 4 35 6 37 7 44 10 11 18 49 20 37 23 29 24 43 9 1 46 5 38 7 20 8 38 10 46 20 10 21 42 22 25 24 26 13 1 26 2 48 4 25 6 28 10 21 13 25 14 23 16 12 17 30 18 34 20 42 22 19 24 17
5 13 1 22 2 37 3 28 4 47 6 17 7 24 8 22 10 34 13 29 15 13 19 18 23 20 25 13 11 2 25 3 15 6 18 11 35 12 41 14 30 16 50 18 25 20 35 22 18 25 29 11 4 28 6 47 9 48 12 15 13 40 15 35 16 12 17 37 22 37 23 22 24 30 15 1 17 2 46 3 42 4 22 5 46 6 17 7 23 9 28 10 20 12 24 13 17 16 30 17 23 18 12 21 37 4 1 22 9 20 17 25 21 17
6 15 2 49 3 38 5 27 6 11 7 17 8 30 10 16 12 41 14 50 15 17 17 28 21 23 22 32 24 35 25 19 11 1 12 3 17 4 28 6 50 8 50 9 32 11 16 12 35 14 26 18 49 24 44 13 2 33 3 14 9 28 13 33 14 48 15 23 16 11 17 49 21 14 22 42 23 28 24 44 25 42 5 1 41 3 12 5 18 9 44 24 43 6 4 24 7 34 11 27 13 30 14 50 19 26 12 1 50 3 15 4 35 5 21 6 33 7 14 10 11 11 26 14 14 19 20 21 19 22 39
7 10 1 42 2 16 4 17 6 17 10 47 18 18 20 17 23 33 24 19 25 12 3 1 46 4 37 19 32 15 7 40 8 17 9 21 10 40 11 38 12 35 13 39 14 21 16 40 17 14 19 12 21 50 23 37 24 38 25 42 11 3 35 7 19 10 21 11 12 13 40 14 36 15 47 18 23 19 40 23 39 24 26 8 1 24 5 36 6 30 10 42 16 38 19 44 21 27 24 35 10 2 29 4 16 5 11 6 46 8 11 9 18 13 15 18 14 19 24 25 37 14 1 10 2 46 3 29 5 10 8 44 11 41 12 19 15 13 17 29 18 41 19 34 22 50 23 33 25 46
3 3 6 32 18 13 24 37 9 2 42 5 13 10 23 13 41 14 47 16 27 18 16 20 38 21 26 8 3 28 7 24 9 23 12 39 17 27 19 14 24 33 25 38
5 5 4 26 5 39 6 43 14 38 17 29 11 5 49 7 25 9 44 10 45 13 19 15 39 16 46 20 37 21 22 22 14 24 10 4 6 33 7 29 8 21 10 26 15 4 41 5 17 7 22 9 16 10 14 12 36 13 48 14 16 16 25 18 31 19 45 20 45 22 15 24 37 25 36 8 2 14 3 13 10 43 15 33 16 30 17 32 18 26 20 13
3 15 3 26 4 14 7 35 9 19 10 38 14 34 15 21 18 19 19 34 20 41 21 47 22 49 23 14 24 16 25 50 9 3 38 8 50 14 27 17 16 18 11 19 50 20 29 22 22 24 22 15 1 11 5 17 6 12 8 45 9 15 10 34 14 25 15 37 16 12 17 11 19 33 20 21 22 29 23 50 24 46
4 6 1 23 2 42 7 20 12 15 18 33 20 43 14 2 30 4 40 6 50 8 22 11 18 12 40 14 48 15 12 17 50 19 40 21 13 22 38 23 16 24 27 15 1 13 2 44 4 10 5 41 6 16 7 10 10 17 11 32 14 48 16 31 17 30 19 49 20 16 21 47 24 45 15 1 48 2 28 3 36 4 10 6 34 7 28 9 17 10 47 11 25 14 24 15 38 16 31 17 31 19 20 24 14
6 8 2 34 4 49 6 40 7 14 12 46 15 42 21 27 23 48 8 2 23 3 35 7 44 8 42 9 22 14 50 24 49 25 22 12 1 34 3 23 6 41 8 13 9 20 11 39 12 41 13 12 20 20 22 30 23 25 24 42 4 6 46 12 39 18 37 25 16 11 1 50 3 22 6 36 9 13 10 48 11 22 13 34 15 17 16 20 17 22 18 12 4 2 17 12 21 14 43 16 50
4 3 15 39 21 20 22 15 5 3 19 5 31 9 15 14 21 16 29 5 8 11 14 26 15 17 19 23 23 17 5 4 40 5 28 9 35 13 49 23 37
3 10 1 31 3 28 7 35 11 18 13 20 14 43 19 44 20 31 24 17 25 29 15 2 44 4 39 5 47 6 13 10 15 12 23 13 22 14 50 15 32 19 50 20 13 21 35 23 40 24 42 25 35 7 3 22 6 33 7 35 12 38 20 45 22 40 25 41
3 4 5 41 10 24 15 13 20 40 4 5 36 9 48 11 34 16 48 6 7 15 9 11 10 30 12 15 13 22 22 44
54 40 55 48 53 69 86 98 134 109 123 51 36 79 83 57 41 115 80 54 99 71 70 109 41 64 73 140 126 100 44 53 86 111 88 77 97 47 95 99 116 128 39 93 51 65 96 75 57 36
1 1 2 2 1 3 1 2 2 1 1 1 3 3 3 3 1 2 1 2 1 3 1 2 2
# Instance ID: 66
# Total operations: 245
# Actual flexibility: 0.369
# Generated: 2026-02-14 14:26:22
# Format: Extended Brandimarte for MOFJSP (Comparison Dataset)