20 10
5 4 1 31 2 47 3 41 5 24 6 2 48 6 46 7 11 8 38 9 41 10 33 6 1 36 5 40 6 12 7 27 8 37 9 45 6 1 40 2 35 3 42 6 25 7 18 9 17 1 3 15
6 5 3 33 4 45 5 26 6 40 8 14 6 1 22 2 19 3 29 5 18 7 35 8 10 3 1 17 9 43 10 27 5 1 30 2 25 5 40 7 23 9 22 6 1 34 2 45 7 50 8 50 9 44 10 14 2 3 19 9 14
4 4 2 50 3 36 9 50 10 33 2 5 13 7 37 1 6 35 1 4 33
4 4 3 49 4 42 8 36 9 50 2 4 28 9 41 1 7 48 1 7 14
8 5 1 35 2 27 3 39 7 31 9 29 5 4 42 5 41 6 34 7 47 10 45 6 1 31 3 44 4 43 8 49 9 50 10 14 3 5 48 9 42 10 24 3 4 32 6 29 9 22 3 5 26 7 48 9 37 6 2 44 3 45 4 30 5 23 6 39 9 47 5 2 23 3 48 5 50 6 31 9 21
5 6 3 46 4 39 6 44 7 31 8 19 10 26 5 2 35 4 10 5 14 9 22 10 26 4 5 46 8 36 9 22 10 27 1 7 50 4 2 34 4 30 8 17 10 18
3 2 2 13 6 12 1 5 16 5 1 37 3 23 5 12 7 46 9 13
4 1 2 31 5 2 24 5 49 7 48 8 46 10 27 5 1 47 3 30 4 24 5 20 6 34 2 1 20 9 15
8 5 1 25 5 36 7 24 8 25 10 39 5 1 10 3 25 4 29 9 37 10 47 5 1 15 2 36 4 38 7 38 8 19 6 1 41 2 37 3 43 5 31 7 30 10 11 4 5 23 7 33 8 19 9 14 5 2 30 3 32 7 35 8 27 10 25 6 1 46 4 25 5 14 7 38 9 11 10 34 5 1 37 4 38 6 37 7 15 10 37
7 3 4 33 5 26 6 40 2 3 47 4 43 5 1 13 3 24 4 15 9 20 10 15 5 1 26 5 38 8 19 9 28 10 19 4 3 29 4 20 5 43 8 14 2 1 46 2 21 3 7 20 8 25 9 11
8 2 2 14 10 16 3 2 39 3 45 9 33 6 1 20 2 27 3 42 8 11 9 42 10 42 1 7 18 2 1 19 8 18 2 6 46 10 27 4 3 17 4 25 6 20 8 50 5 1 28 2 39 7 43 9 41 10 35
4 5 5 32 6 48 7 46 8 35 9 26 5 1 23 2 14 3 48 7 33 8 29 1 10 36 4 1 30 5 41 6 22 7 11
4 2 3 38 7 47 6 1 24 2 38 3 26 5 41 7 35 8 39 6 2 13 4 25 6 19 7 50 8 16 10 28 3 1 34 6 37 8 14
8 5 1 14 4 32 5 31 6 22 8 29 5 1 45 2 27 3 13 6 11 8 42 2 6 11 9 38 4 5 30 6 28 8 33 10 13 5 2 37 4 42 7 12 8 45 10 46 5 2 38 3 50 6 27 7 19 9 19 2 2 27 7 35 2 1 29 10 10
3 2 4 46 7 22 4 2 10 3 14 5 20 7 12 3 2 39 4 20 8 41
6 1 2 39 3 6 26 8 46 10 45 5 3 47 6 43 7 27 9 48 10 25 2 1 40 7 27 3 5 35 8 13 9 47 3 2 45 3 24 5 24
4 2 3 16 8 44 5 4 31 5 29 6 15 7 25 9 20 5 1 35 2 37 4 19 6 36 8 40 1 6 33
8 1 5 25 4 4 37 7 25 8 28 10 25 5 3 47 5 34 6 15 8 16 10 15 1 1 19 5 2 19 6 13 7 10 8 40 10 21 1 3 28 3 1 20 2 29 6 31 1 1 47
8 1 1 49 1 4 20 4 2 28 5 49 8 43 10 14 5 2 26 3 20 4 42 5 16 10 41 5 1 20 3 40 4 38 5 32 10 42 3 5 25 7 29 9 30 2 4 19 8 19 1 2 13
5 5 2 19 3 14 4 28 8 31 10 30 5 1 45 4 47 7 29 8 23 10 40 6 1 14 2 13 3 12 4 26 6 34 8 21 4 4 18 6 30 7 37 8 30 5 1 15 3 41 4 31 8 19 10 12
96 103 49 66 140 79 57 57 106 100 117 51 52 149 40 95 48 145 147 96
3 1 2 3 3 3 2 3 2 3
# Instance ID: 29
# Total operations: 112
# Actual flexibility: 0.359
# Generated: 2026-02-14 14:26:22
# Format: Extended Brandimarte for MOFJSP (Comparison Dataset)