37 11
4 6 1 33 2 36 4 11 5 41 8 24 10 10 2 2 23 8 39 2 4 40 10 50 6 1 46 2 20 3 36 6 20 10 14 11 45
5 5 1 36 3 14 5 23 8 43 11 34 3 5 35 7 13 10 20 6 2 12 3 27 4 40 5 15 6 14 9 45 6 1 30 5 25 6 14 7 17 10 46 11 30 5 1 35 3 48 4 22 7 27 11 41
7 4 1 30 7 26 10 42 11 31 4 3 10 6 27 8 20 10 21 3 1 34 5 47 7 26 6 2 16 3 43 7 20 8 41 9 41 10 16 1 5 45 5 1 11 2 14 5 46 6 41 7 31 3 1 20 8 35 9 41
6 6 1 28 3 15 6 29 7 27 9 18 10 49 3 3 50 7 11 8 43 5 1 17 2 24 3 38 6 42 11 36 2 7 26 9 49 4 1 14 3 36 5 46 10 42 1 5 19
7 1 8 34 6 1 44 2 14 4 26 8 24 9 37 11 33 5 3 36 4 16 8 13 9 30 11 26 1 8 15 3 1 37 8 10 11 15 6 1 40 2 45 4 26 6 21 8 42 11 28 3 6 16 7 43 8 50
8 4 1 37 7 41 8 18 11 15 5 3 47 4 17 9 26 10 23 11 10 6 2 21 3 33 4 49 6 41 9 44 10 24 2 7 27 8 13 5 2 12 3 32 6 47 10 47 11 27 3 7 44 8 11 9 15 2 3 31 11 35 2 1 23 9 36
4 1 1 45 5 1 12 3 14 6 35 7 20 8 13 6 1 33 2 31 4 49 7 32 8 49 11 16 3 2 34 7 14 8 37
8 6 3 22 4 34 5 13 6 18 7 33 11 25 4 3 13 4 49 8 19 9 21 3 1 45 5 11 6 34 5 1 23 5 45 7 41 8 16 9 44 2 5 17 11 13 1 11 10 4 5 42 6 28 7 25 9 46 2 1 27 11 37
6 1 4 30 6 1 27 4 46 7 25 8 40 9 33 10 49 1 5 28 4 1 13 4 26 6 40 10 10 2 8 46 9 11 2 7 26 8 33
5 1 4 10 6 1 30 2 41 5 31 6 29 7 40 11 23 5 1 41 2 29 5 11 9 34 11 20 5 1 20 3 32 4 30 6 24 9 21 1 6 18
6 5 1 17 2 22 6 31 9 20 11 26 4 2 32 8 10 9 33 11 17 2 2 43 10 50 3 1 32 2 15 9 28 1 3 11 6 1 33 3 14 5 31 6 37 8 47 11 48
3 2 3 40 4 36 6 2 42 3 39 4 49 5 22 7 12 10 46 2 6 21 11 23
6 5 1 22 4 36 6 12 7 38 11 15 2 2 23 5 40 2 5 49 10 15 2 6 44 11 14 5 4 22 5 37 7 29 9 23 10 37 3 2 29 4 30 11 48
3 3 6 17 7 33 9 12 5 2 24 4 16 5 44 6 38 10 49 5 2 12 4 18 7 22 8 10 10 27
6 2 4 24 11 43 5 1 19 2 30 4 11 7 49 11 19 4 1 29 5 25 9 44 11 37 4 5 12 7 41 8 19 9 34 1 3 39 3 7 37 8 22 9 36
3 5 1 43 2 13 4 45 6 43 8 19 2 1 46 4 39 1 2 48
4 5 3 13 4 50 5 39 8 33 9 16 5 1 42 2 50 3 36 5 22 7 35 4 2 37 3 44 9 46 11 34 1 1 34
8 4 2 41 3 47 9 13 11 29 6 3 42 4 11 5 37 6 44 9 14 11 38 5 2 49 3 49 5 39 6 48 11 38 1 4 17 1 9 13 5 1 44 4 32 5 26 9 26 10 43 4 1 44 5 25 9 22 10 26 4 6 50 7 18 8 34 9 13
8 2 2 14 4 42 6 1 30 3 50 7 48 9 46 10 40 11 50 6 1 10 4 23 5 38 6 43 8 21 11 31 6 2 43 3 43 4 41 6 11 8 28 11 15 3 6 50 8 16 9 25 6 2 17 4 40 5 31 7 34 8 18 9 27 4 5 25 9 22 10 17 11 41 5 1 49 3 40 4 36 8 37 11 18
7 1 9 29 1 8 43 3 1 17 5 31 7 38 4 3 17 5 48 7 49 10 41 5 6 18 7 30 8 31 10 29 11 19 3 6 35 7 39 9 21 5 1 18 2 36 3 40 8 49 10 27
8 1 7 11 1 6 26 1 4 43 2 4 45 8 36 6 2 22 4 44 5 48 9 43 10 34 11 18 2 5 37 6 42 6 1 24 3 33 7 35 8 33 9 41 11 27 6 1 15 2 29 4 47 5 20 9 36 11 19
5 4 1 12 4 13 6 14 7 19 4 1 47 5 37 7 14 11 28 5 1 48 2 16 8 37 10 35 11 32 6 3 25 5 12 6 13 8 16 10 40 11 43 3 3 29 7 20 8 10
6 6 3 45 6 46 7 42 8 39 10 22 11 13 4 2 35 3 33 4 35 7 46 1 1 38 1 11 44 6 2 15 4 23 7 26 9 10 10 50 11 19 3 1 27 7 21 11 19
7 4 4 46 5 29 7 36 10 31 2 6 13 7 30 2 5 41 8 26 1 2 36 1 3 42 3 4 45 6 44 10 41 3 6 41 9 30 10 46
5 6 1 30 2 20 3 43 5 20 6 24 11 13 1 7 27 6 1 39 3 27 4 28 5 28 9 24 11 24 6 3 43 4 37 5 41 6 28 8 13 10 28 4 3 27 5 49 7 40 8 19
5 6 1 36 2 38 4 50 5 14 9 11 11 12 5 3 21 5 49 8 42 9 20 10 47 5 2 17 4 18 5 42 7 18 10 37 3 6 13 8 21 9 28 5 1 33 2 40 6 46 8 46 10 46
3 1 6 43 6 3 17 4 19 5 24 6 28 10 23 11 26 3 1 42 8 11 11 36
8 6 2 28 4 25 5 30 6 38 8 44 11 27 3 1 23 8 17 10 19 5 2 35 3 29 8 50 9 19 10 16 6 2 45 3 42 4 47 5 23 6 39 9 50 4 1 11 6 38 8 11 11 49 3 1 18 7 34 11 23 2 7 21 8 26 6 3 19 4 10 7 41 9 48 10 43 11 13
4 3 1 42 8 49 11 25 4 8 31 9 20 10 22 11 49 5 4 16 5 43 7 29 10 33 11 27 3 2 24 9 42 10 33
4 4 3 35 9 19 10 48 11 11 1 7 32 1 6 48 6 3 44 4 41 6 16 8 33 9 31 10 24
7 2 2 38 4 46 2 2 29 4 41 3 2 16 7 39 11 34 3 1 17 3 11 11 11 1 3 41 5 1 10 5 32 6 17 7 50 8 18 3 1 36 4 22 9 16
4 5 1 34 4 48 6 23 7 20 8 45 4 3 28 8 34 10 21 11 21 4 6 22 8 15 9 14 10 32 2 5 23 11 44
6 4 1 38 3 48 6 22 8 16 3 5 48 10 27 11 17 5 5 46 6 34 7 21 8 50 10 26 6 1 19 4 41 5 38 6 14 9 32 10 38 2 7 43 11 31 1 11 38
4 1 6 17 5 2 11 3 22 6 15 7 44 9 37 4 1 47 3 16 6 27 8 27 6 2 35 4 39 5 34 6 10 7 15 10 31
7 1 5 25 3 1 21 2 35 11 33 3 5 39 7 33 8 36 6 2 47 4 40 6 40 7 29 8 15 10 13 3 1 30 7 49 9 11 6 1 37 3 21 4 17 5 29 10 41 11 50 1 7 16
4 4 4 10 6 30 8 23 10 28 2 9 10 10 41 6 2 13 3 46 5 34 7 17 9 32 10 13 4 1 17 2 35 7 48 9 13
6 2 7 13 8 31 5 1 46 2 50 4 40 5 38 9 48 4 2 36 4 38 5 12 11 46 5 1 49 3 36 7 14 8 19 9 19 5 1 43 4 29 5 40 8 38 9 46 5 3 23 5 39 7 32 9 49 11 35
52 71 98 105 84 147 66 104 109 71 109 41 74 58 92 46 77 114 121 128 116 63 82 95 62 63 57 142 64 59 108 55 114 74 110 70 106
3 3 2 2 1 3 3 1 3 1 3
# Instance ID: 55
# Size type: medium
# Total operations: 207
# Actual flexibility: 0.330
# Generated: 2026-02-07 22:12:21
# Format: Extended Brandimarte format for MOFJSP