16 8
5 1 6 19 3 4 29 6 10 8 20 4 1 43 4 36 7 28 8 37 2 3 21 8 18 2 2 42 8 17
3 4 1 21 2 22 4 26 7 36 4 2 15 6 28 7 15 8 34 1 5 14
7 3 1 40 2 41 5 16 1 1 27 1 1 16 2 1 48 4 43 3 3 48 4 37 8 31 3 2 33 3 35 6 34 1 6 31
4 1 1 39 4 1 43 3 27 5 25 7 33 4 2 10 4 50 5 30 8 11 3 1 30 6 38 7 24
8 4 1 32 5 37 6 40 7 16 4 2 43 5 46 6 42 8 12 2 7 15 8 29 4 1 44 3 25 4 25 7 23 2 1 37 2 11 2 4 27 6 24 3 1 18 6 44 8 50 4 2 24 3 46 6 48 7 14
4 3 6 34 7 45 8 37 2 3 17 4 28 1 2 15 3 1 46 4 33 6 18
4 3 5 10 6 29 7 13 2 4 30 7 33 2 1 35 4 10 4 2 41 3 39 6 19 7 48
8 3 3 12 6 48 7 30 3 2 46 3 40 6 50 2 3 34 8 13 3 3 23 6 24 7 13 2 6 35 8 29 2 1 35 5 31 4 3 14 4 43 6 28 8 28 2 1 18 7 30
5 1 5 39 2 3 40 4 28 2 2 22 4 10 3 2 34 6 37 8 20 1 2 32
7 4 1 31 3 47 5 37 7 19 4 1 35 2 41 4 29 7 48 2 7 15 8 39 4 4 33 5 10 6 17 7 17 1 2 41 2 1 46 5 46 4 1 47 5 21 6 34 7 40
3 4 1 30 2 14 5 44 8 21 4 1 43 4 41 5 14 6 43 1 4 17
6 2 1 45 3 38 3 1 46 2 23 8 20 1 5 12 1 2 42 3 2 37 5 10 6 25 3 1 44 3 38 5 18
3 4 3 44 5 42 6 23 7 16 1 4 12 2 3 23 8 18
6 2 3 18 6 49 4 2 34 3 20 5 35 6 39 1 5 37 2 1 50 4 27 2 5 42 6 48 2 7 19 8 30
3 4 1 14 2 27 5 17 7 44 1 7 14 3 2 27 3 19 7 24
8 3 1 24 4 34 8 16 1 3 43 3 1 32 5 46 8 28 3 1 30 2 34 8 21 3 4 18 5 26 7 10 2 2 34 3 46 3 1 33 6 25 7 48 4 2 39 3 42 4 28 8 27
88 59 88 77 152 53 61 140 80 113 57 100 53 108 58 151
3 2 3 3 1 2 1 1
# Instance ID: 20
# Size type: small
# Total operations: 84
# Actual flexibility: 0.320
# Generated: 2026-02-07 22:12:21
# Format: Extended Brandimarte format for MOFJSP