12 7
5 4 2 25 3 24 6 29 7 22 2 4 26 6 13 3 1 50 2 47 7 16 1 4 48 1 1 19
6 3 1 14 2 41 3 33 2 1 41 4 11 4 1 36 2 34 4 30 7 50 4 2 10 3 21 6 46 7 50 1 1 31 3 4 44 5 10 6 20
5 3 1 11 2 44 5 11 2 2 17 3 23 1 3 18 2 1 18 6 27 3 1 32 2 45 4 28
3 4 4 22 5 26 6 21 7 22 3 1 47 4 29 5 20 2 4 37 6 38
3 4 3 49 5 16 6 48 7 34 4 2 50 3 14 5 38 6 20 1 5 26
6 4 3 35 5 11 6 17 7 21 3 2 25 3 14 4 23 3 2 17 3 10 7 30 1 6 31 2 4 30 5 24 1 4 28
6 2 2 16 5 45 3 1 46 5 36 6 37 3 2 22 3 13 7 41 4 1 17 3 38 4 20 7 48 3 2 46 4 11 5 28 1 6 46
8 1 4 28 2 4 12 7 44 1 3 11 1 4 16 4 3 32 5 35 6 15 7 45 3 1 35 4 29 5 39 4 1 49 3 16 6 11 7 24 1 7 10
7 2 1 37 3 24 2 1 33 2 44 1 6 13 3 1 13 6 29 7 14 3 3 34 5 27 6 20 2 4 17 5 18 3 2 36 5 50 7 38
8 1 5 43 2 4 41 5 27 3 4 24 6 15 7 26 3 1 45 3 25 6 23 1 1 41 1 2 10 2 4 22 7 41 1 3 23
7 3 3 19 4 42 7 16 2 2 34 3 38 2 4 22 7 14 3 2 46 3 16 4 19 4 1 11 2 39 6 21 7 27 1 4 43 4 1 32 3 37 5 23 7 19
8 4 3 13 4 38 5 27 7 33 1 1 34 4 2 21 3 48 4 27 7 43 4 1 25 4 17 5 24 7 17 1 1 46 3 1 16 2 27 5 24 4 1 27 2 41 4 23 7 20 2 3 28 6 48
68 76 77 51 50 73 105 154 88 120 125 104
1 1 1 3 2 3 3
# Instance ID: 23
# Size type: small
# Total operations: 72
# Actual flexibility: 0.349
# Generated: 2026-02-07 22:12:21
# Format: Extended Brandimarte format for MOFJSP