12 10
4 6 1 43 3 34 4 30 5 21 8 39 9 44 3 5 49 6 40 9 22 2 5 29 9 24 3 4 30 5 40 8 32
4 5 2 44 5 34 6 35 9 32 10 19 3 1 32 2 38 5 26 6 3 45 4 27 5 18 7 16 8 49 9 47 2 1 43 4 24
6 6 1 16 2 18 3 10 4 45 7 20 10 36 6 3 28 4 13 6 15 7 46 8 24 10 44 6 1 35 2 41 3 21 7 28 8 12 10 10 3 2 28 6 39 10 44 5 2 17 3 31 8 20 9 39 10 26 6 1 22 3 21 5 49 6 50 7 35 10 37
4 5 1 21 2 18 6 40 7 30 10 25 1 5 34 2 5 31 8 29 5 1 25 3 13 5 17 6 39 10 29
4 2 7 29 9 17 6 2 19 4 39 5 48 6 33 7 36 8 45 4 4 48 6 15 9 43 10 38 5 1 42 2 22 5 46 6 44 9 19
8 2 6 38 9 17 6 1 39 2 18 4 42 5 36 8 39 10 46 1 9 39 6 1 47 2 14 3 12 5 37 7 32 9 14 5 1 36 2 21 3 18 8 36 10 33 4 1 44 7 18 8 32 9 17 2 7 43 9 18 6 1 37 3 44 4 34 5 24 9 25 10 39
6 3 3 17 4 12 5 36 5 1 48 4 12 7 38 9 48 10 13 2 1 38 7 24 5 1 24 3 46 4 30 5 46 8 48 6 2 24 4 36 5 29 6 27 8 13 10 45 5 1 34 3 43 7 30 8 36 10 36
8 2 5 21 7 44 4 4 19 5 39 7 13 10 45 4 3 25 4 26 7 23 9 31 6 1 13 2 27 5 34 6 48 8 48 10 12 1 4 47 6 2 10 3 23 4 22 6 17 8 40 9 25 6 2 28 3 34 4 39 5 44 7 32 10 29 3 6 39 8 16 9 40
8 3 4 36 6 12 9 46 2 1 26 3 45 5 2 31 5 24 7 34 9 46 10 25 4 5 41 6 41 7 39 9 20 6 3 21 4 44 5 13 6 43 9 12 10 14 6 1 14 2 19 6 10 7 23 8 42 10 39 3 1 11 8 10 9 44 5 1 27 5 44 6 28 7 11 9 42
6 6 1 25 2 22 3 49 5 43 7 26 8 32 3 2 35 6 39 7 46 2 4 15 5 12 1 7 34 4 1 10 6 20 8 15 9 41 4 1 23 2 46 6 40 9 27
3 1 2 27 5 1 11 3 23 7 47 8 19 10 35 1 5 20
8 5 4 18 6 15 7 42 8 32 10 13 1 7 24 1 6 48 5 1 27 6 38 7 41 8 24 10 32 5 3 34 5 15 6 49 7 28 10 25 6 2 34 4 30 5 33 7 16 9 15 10 10 3 5 16 6 18 8 15 2 7 45 8 45
55 66 105 54 62 122 91 109 128 101 47 150
2 1 1 2 2 3 3 1 2 3
# Instance ID: 4
# Size type: small
# Total operations: 69
# Actual flexibility: 0.393
# Generated: 2026-02-07 22:12:21
# Format: Extended Brandimarte format for MOFJSP