80 22
3 8 1 23 3 12 7 17 8 28 9 50 11 50 12 32 18 16 9 7 27 9 39 14 48 15 49 16 13 18 35 19 18 20 33 22 14 7 1 44 3 42 7 20 10 26 12 19 17 14 20 14
8 3 2 44 5 43 16 25 9 4 50 5 26 6 49 7 30 8 11 11 46 13 18 19 28 21 23 4 3 26 10 31 14 50 18 15 13 1 29 2 28 3 10 5 20 6 20 8 17 9 16 12 13 13 42 15 16 16 17 19 17 22 47 5 1 10 2 47 4 17 5 46 12 37 8 5 27 7 40 9 42 11 48 13 40 14 17 17 21 21 40 10 2 42 3 42 6 31 7 22 8 38 11 36 13 44 15 22 16 35 21 14 9 2 36 5 47 6 23 8 40 10 39 11 26 13 30 17 28 22 19
3 3 16 21 19 24 22 36 8 9 47 12 16 13 25 15 26 17 12 18 44 20 50 21 20 5 1 15 4 14 5 24 10 37 19 12
3 3 11 43 15 25 17 45 8 1 41 2 19 5 13 9 29 10 41 15 34 18 50 19 33 12 1 28 2 35 6 41 7 44 10 19 12 35 14 42 15 13 18 23 20 41 21 47 22 27
4 4 9 23 11 46 12 23 15 26 8 3 14 5 33 7 38 8 19 10 43 15 16 17 21 19 19 9 4 19 7 49 9 26 10 19 15 27 17 41 19 29 20 49 21 25 11 1 28 2 23 3 33 4 29 5 21 7 26 14 49 15 32 16 32 18 49 19 19
6 9 4 47 8 41 9 17 10 22 13 16 14 14 19 36 21 48 22 16 6 3 32 11 49 14 44 18 15 20 42 21 28 10 2 13 3 39 5 27 6 22 11 28 12 44 14 37 16 39 17 49 22 14 11 3 34 7 21 8 19 9 34 12 41 13 47 14 49 17 14 19 16 20 50 21 35 9 3 27 8 16 11 11 17 50 18 29 19 22 20 22 21 46 22 18 9 1 40 5 10 6 46 9 11 14 17 15 12 16 45 17 15 20 34
4 13 1 33 2 13 4 49 6 10 8 23 9 42 10 20 11 15 12 33 14 43 15 37 16 20 18 31 4 2 16 4 32 6 30 8 40 13 2 18 5 21 6 23 7 23 9 40 11 12 13 23 15 47 16 11 17 48 19 33 20 13 21 44 3 4 10 16 17 22 32
6 12 1 20 4 17 8 27 11 10 12 43 13 18 16 49 18 32 19 48 20 28 21 36 22 10 9 3 14 4 33 6 33 8 13 10 20 11 38 15 38 19 17 20 22 9 2 27 3 15 4 24 9 12 11 37 16 23 17 23 20 35 21 44 11 1 34 5 14 7 33 8 33 13 50 14 34 15 23 18 41 20 13 21 20 22 39 10 2 46 3 39 4 37 6 16 8 43 9 27 11 40 12 28 13 34 17 15 5 1 36 7 13 11 48 15 22 21 34
8 4 2 41 3 37 6 33 7 12 4 2 50 6 39 17 39 21 20 4 3 27 5 19 14 31 16 15 5 5 46 8 11 10 26 14 17 15 23 13 4 40 5 15 6 36 7 10 9 23 10 31 12 37 13 47 14 36 16 35 18 15 20 31 22 28 9 4 16 5 20 6 48 10 19 11 39 13 33 15 34 17 33 18 38 4 3 39 12 47 18 13 20 15 6 2 42 7 35 12 27 13 21 16 22 21 32
6 12 2 41 3 24 5 13 7 40 8 14 10 30 12 40 13 27 15 18 16 36 17 48 22 34 12 1 44 2 15 3 11 4 16 6 31 7 32 9 17 10 34 12 25 13 29 14 14 22 50 8 4 21 5 46 6 36 7 27 10 20 11 44 12 48 13 20 4 1 31 3 10 11 38 14 26 4 1 24 6 43 12 47 15 31 7 5 11 6 28 8 19 11 12 15 41 17 15 18 10
8 6 2 32 4 24 5 49 9 12 13 24 22 48 4 2 50 11 25 13 44 20 28 7 2 32 8 14 11 37 12 39 16 31 17 11 19 13 7 3 23 9 27 12 23 13 18 14 28 15 48 19 21 6 1 11 6 10 12 10 17 29 18 36 20 23 9 3 13 4 37 9 39 11 40 13 16 15 33 16 11 17 27 21 14 9 5 22 6 49 11 42 13 24 15 14 17 32 18 10 20 12 22 40 13 1 25 3 38 4 30 6 35 7 42 8 27 9 36 13 48 15 35 16 18 18 32 20 15 22 21
5 4 2 28 5 10 17 30 21 14 9 4 18 5 45 6 17 8 46 10 11 12 27 15 35 17 36 21 13 5 1 19 16 24 17 17 19 26 22 46 12 1 15 3 35 4 20 8 44 12 24 13 21 15 49 16 44 18 24 19 16 21 21 22 25 8 2 39 3 49 5 40 10 31 12 11 17 41 18 30 22 45
5 3 12 48 17 40 20 25 8 4 18 5 47 8 42 9 14 10 24 14 49 17 27 18 12 8 5 28 6 19 8 22 11 35 12 38 13 33 15 42 20 11 8 2 39 4 36 6 10 9 17 11 14 15 10 16 42 21 33 5 3 50 10 30 13 48 18 29 19 10
6 5 3 40 8 11 9 46 13 16 21 21 8 5 15 7 41 11 36 12 17 13 35 14 41 18 29 19 15 7 3 32 4 18 8 36 11 13 15 35 17 29 22 26 12 2 38 4 49 5 33 7 49 8 37 10 15 13 29 14 41 15 50 18 39 21 44 22 15 13 1 33 2 50 3 44 5 23 6 19 8 18 10 10 14 39 16 50 17 40 19 38 20 28 22 42 13 1 39 2 29 3 45 5 36 6 23 7 43 9 38 12 43 14 31 16 22 17 48 18 44 22 50
6 3 13 18 15 26 19 44 4 10 19 14 48 18 19 20 25 12 1 33 3 48 6 41 7 47 8 11 10 35 11 23 13 42 14 12 19 35 20 14 21 38 6 3 24 4 21 7 29 17 43 19 19 22 24 9 3 47 5 43 6 25 7 19 11 10 12 27 17 26 18 12 21 43 6 9 44 10 49 14 37 16 45 21 24 22 48
8 5 4 22 5 26 13 42 16 45 19 16 7 6 19 7 23 9 44 10 47 17 22 19 36 20 40 3 1 46 7 11 14 26 5 2 20 11 31 12 15 13 36 16 42 7 3 32 6 41 8 13 9 37 14 30 15 36 22 25 5 1 19 7 13 10 49 12 50 15 16 7 2 46 3 18 7 12 12 48 16 20 18 20 19 39 4 6 19 9 18 10 25 15 18
4 13 1 11 3 33 4 31 6 35 8 24 12 13 13 21 14 22 15 43 18 30 19 12 20 47 21 47 5 1 39 3 44 11 45 14 13 19 37 5 3 38 6 38 11 23 17 26 19 20 5 2 46 5 32 7 15 8 40 16 10
8 10 1 43 5 25 8 20 12 16 14 33 15 50 16 37 18 22 20 18 22 25 10 3 12 5 40 6 20 7 34 8 22 10 17 11 13 13 50 14 37 20 42 4 9 28 10 27 11 27 22 32 13 2 17 4 19 5 32 7 16 8 35 9 33 10 37 13 32 14 24 15 29 17 26 19 26 21 12 12 1 23 4 12 5 12 6 38 7 15 8 28 9 19 10 28 11 29 12 39 16 35 20 16 10 1 21 9 26 10 50 11 26 12 34 14 13 15 19 16 35 18 11 19 47 6 1 23 3 26 6 40 7 10 9 44 17 28 10 4 27 5 39 8 27 9 46 10 21 12 37 16 38 17 17 18 25 20 21
4 12 2 29 4 20 8 29 9 15 12 14 16 12 17 33 18 45 19 43 20 44 21 44 22 21 11 1 36 5 41 6 36 7 45 9 28 11 11 14 46 15 24 16 44 18 10 22 14 13 1 32 3 14 4 28 5 33 6 11 7 18 10 13 14 48 15 11 17 33 18 28 19 21 21 26 6 1 17 2 18 4 38 9 42 15 11 22 46
5 10 1 20 2 40 4 23 6 13 13 37 17 25 19 26 20 27 21 25 22 37 5 2 17 7 16 10 15 18 20 19 46 10 1 33 2 24 5 23 6 14 9 30 11 28 14 15 15 46 17 26 21 28 9 1 43 2 24 3 13 4 43 7 36 14 44 16 48 18 46 22 13 6 1 15 7 37 14 19 15 19 21 24 22 31
3 12 1 18 5 12 7 42 8 31 9 21 11 33 13 28 14 30 15 37 16 43 17 28 21 39 12 1 26 3 14 4 47 6 43 8 39 11 33 13 34 15 19 16 19 17 31 18 37 20 40 6 3 40 5 41 9 28 10 43 13 38 21 16
6 4 1 38 11 25 16 11 22 42 13 2 22 6 42 7 18 8 33 9 28 11 22 12 35 13 32 16 46 17 40 18 33 19 17 20 10 10 5 19 6 11 9 48 12 19 13 21 15 15 17 24 19 37 20 13 21 31 10 2 18 4 49 5 30 6 22 8 26 11 23 15 20 16 19 20 11 22 26 10 3 20 8 34 9 17 12 42 14 36 15 40 18 47 19 35 20 41 22 49 5 5 28 12 48 16 45 17 34 19 10
4 4 12 19 14 20 16 17 21 38 4 9 17 10 44 14 44 16 11 8 1 20 4 16 7 42 9 49 11 28 17 16 18 40 19 46 8 3 48 4 11 7 39 8 35 12 36 13 46 16 49 17 22
8 13 4 15 5 44 6 39 7 24 9 19 10 30 12 14 14 27 15 30 16 28 17 36 18 11 21 37 13 1 29 2 48 5 49 8 41 9 12 10 39 14 11 15 29 16 31 19 27 20 45 21 21 22 17 6 7 33 10 22 11 42 12 29 16 46 19 36 4 6 48 11 21 21 21 22 14 7 3 37 4 18 5 30 7 50 13 48 16 44 18 24 13 2 47 3 15 4 36 6 50 7 34 8 16 11 13 12 39 13 28 15 34 17 28 19 26 21 23 12 1 35 2 30 3 41 4 44 5 21 9 49 11 30 12 39 13 44 14 41 20 40 21 31 8 1 31 3 12 4 44 6 29 15 24 16 20 17 22 22 28
5 7 6 37 11 38 12 13 15 40 16 13 18 47 19 15 13 1 33 2 45 3 11 5 47 6 29 7 44 8 23 9 11 10 14 14 22 16 22 18 48 22 31 12 1 27 2 37 3 28 5 10 7 34 10 24 11 28 15 49 17 43 18 50 21 50 22 48 3 3 48 9 12 21 18 8 1 15 3 22 4 35 5 15 9 36 10 39 14 18 19 37
4 11 1 23 3 32 5 36 6 17 8 16 9 34 11 50 16 17 20 38 21 24 22 24 13 3 37 4 42 8 40 9 36 12 23 15 38 16 39 17 25 18 13 19 35 20 12 21 22 22 35 4 5 36 16 10 17 29 19 38 10 1 32 5 13 6 49 8 39 10 29 12 47 13 49 16 10 17 31 21 42
8 3 18 40 19 13 21 50 10 3 21 5 26 6 30 7 27 12 36 14 39 17 41 20 31 21 19 22 15 3 4 47 6 16 17 28 6 1 40 6 17 14 49 18 16 20 47 22 16 9 2 30 4 23 5 18 10 20 11 40 13 11 15 45 19 37 20 32 11 3 17 6 47 7 29 8 49 10 17 14 46 15 46 16 49 17 36 19 28 22 50 11 3 33 4 45 5 49 7 39 11 23 12 39 15 32 16 12 18 39 20 11 22 10 10 4 10 5 26 6 36 11 31 12 44 16 42 17 37 19 23 20 46 22 25
6 4 6 11 10 49 15 40 18 21 3 13 14 17 28 18 39 12 4 37 6 43 7 42 8 10 9 45 10 16 11 18 13 36 14 15 17 43 19 10 21 39 12 1 38 2 30 10 16 11 37 12 39 13 34 15 45 17 25 19 28 20 18 21 34 22 49 3 8 15 12 14 19 13 4 3 10 6 24 9 42 11 42
6 5 6 17 11 35 14 19 15 14 19 23 3 2 28 9 42 10 45 13 1 36 2 40 3 40 4 18 8 41 10 12 11 30 13 39 14 43 15 37 18 32 21 31 22 19 3 9 23 11 39 18 29 9 1 49 2 10 6 50 9 28 10 26 14 10 16 45 20 25 22 22 9 2 35 3 29 5 29 11 16 14 37 17 18 19 21 21 10 22 22
7 7 8 41 9 38 10 14 11 34 13 12 17 26 18 43 3 8 30 12 44 15 42 7 4 35 5 16 9 30 10 39 12 12 18 47 22 44 5 1 46 5 20 16 47 17 11 19 23 4 4 33 7 44 12 16 18 11 13 1 20 2 42 3 37 4 29 5 50 6 26 8 26 11 49 12 28 17 40 18 35 19 37 22 15 7 6 39 8 13 10 46 11 38 16 32 17 15 21 19
3 7 3 12 6 47 10 18 11 12 15 25 19 13 21 15 12 1 20 2 41 5 34 6 25 8 34 11 34 12 43 13 40 16 11 18 47 20 45 21 47 3 2 44 10 22 12 49
7 7 2 35 6 44 7 49 12 19 14 21 15 20 16 43 12 1 39 4 32 6 42 7 43 8 14 10 23 13 33 15 21 17 45 18 32 21 49 22 11 10 2 47 4 42 6 28 10 48 11 40 12 10 14 28 17 40 20 13 21 24 7 1 28 3 31 4 44 5 49 9 21 11 49 19 38 3 6 12 18 36 21 45 3 7 35 13 37 17 20 13 2 32 3 35 4 11 6 32 7 34 8 47 10 44 12 40 15 24 16 31 18 18 21 36 22 46
5 3 2 29 3 42 19 49 13 3 24 4 25 5 42 6 38 7 47 8 24 9 23 10 21 12 24 15 32 16 35 17 49 20 47 4 2 19 4 50 15 36 16 26 8 2 13 4 35 5 49 6 28 13 23 17 39 20 49 21 34 5 2 41 9 43 14 18 15 39 17 42
4 10 4 12 6 36 7 18 8 38 11 39 12 39 14 50 16 42 18 48 20 21 11 2 15 3 34 4 33 5 37 7 48 11 33 12 13 13 18 18 18 19 36 21 41 12 3 48 5 28 7 44 12 41 13 16 14 15 15 21 18 30 19 35 20 38 21 25 22 44 9 5 49 6 24 7 46 10 50 12 36 15 19 16 15 18 42 21 24
5 8 3 15 4 21 5 35 7 36 9 43 13 15 19 43 20 18 6 6 29 9 47 12 20 13 50 15 21 20 48 5 2 44 8 33 13 41 15 22 20 33 12 1 16 2 14 6 37 7 25 8 45 10 46 11 28 14 27 15 47 19 29 20 17 21 25 13 1 18 2 20 3 40 5 30 6 23 7 20 9 36 10 20 11 35 12 14 13 21 14 12 15 30
8 9 2 38 10 18 11 50 13 20 15 29 17 32 19 29 20 43 22 29 9 1 15 7 22 8 19 10 15 11 27 14 19 17 22 18 25 20 26 8 1 49 4 10 5 25 8 19 12 26 14 26 16 16 22 25 6 5 40 6 45 9 23 11 23 16 41 21 47 6 1 19 7 47 13 44 16 44 17 32 18 18 7 3 16 6 22 13 21 15 10 17 45 19 16 21 30 7 1 49 3 37 5 42 12 29 13 37 18 44 19 40 6 3 29 4 22 11 50 14 39 15 32 20 26
6 10 1 24 2 19 4 35 5 24 6 33 9 13 10 49 12 21 15 37 16 23 9 2 34 8 25 13 11 14 24 15 21 18 41 19 17 20 43 21 26 6 1 38 5 12 8 45 12 36 15 11 18 28 7 1 37 6 16 7 14 9 41 13 25 15 44 20 35 6 4 30 7 50 11 49 12 22 14 11 22 29 4 1 40 3 34 13 39 17 21
7 11 2 47 3 12 8 34 9 25 11 17 15 27 16 39 19 46 20 14 21 29 22 24 12 3 28 4 28 5 29 9 20 11 49 12 24 16 26 17 30 18 26 19 36 20 20 22 36 13 1 10 3 25 5 13 8 19 10 11 11 30 12 32 14 48 16 28 17 18 18 17 19 29 20 16 3 14 47 16 26 22 24 6 1 35 2 30 4 19 5 22 8 19 18 14 4 1 20 6 29 8 29 10 14 7 4 25 6 48 7 24 15 49 16 47 19 18 21 33
7 6 4 11 6 22 12 36 13 33 18 45 20 27 4 2 43 5 49 12 15 15 14 13 3 15 4 37 5 42 11 44 13 43 14 33 15 17 16 17 17 35 18 22 19 19 20 39 22 16 8 4 12 5 23 7 32 10 11 11 13 14 42 16 35 20 46 10 3 12 4 23 5 43 10 27 11 23 12 31 14 27 18 11 20 46 22 38 7 1 13 3 41 8 14 10 48 15 21 17 14 21 11 10 3 12 4 26 5 19 7 13 9 14 15 46 16 13 18 11 20 36 21 48
7 8 2 29 3 43 7 17 8 42 10 42 13 47 16 42 22 39 7 4 45 6 32 7 18 8 15 11 22 15 21 16 48 4 2 40 10 31 13 49 20 25 10 2 19 6 14 7 10 10 26 12 40 15 40 16 16 17 37 21 41 22 20 9 2 12 3 31 5 43 6 35 8 44 10 22 16 13 18 42 22 18 9 2 30 3 23 4 42 6 30 12 23 18 17 19 50 20 49 22 22 7 8 27 10 17 13 38 16 21 17 16 18 48 21 14
5 8 1 38 6 20 9 35 14 26 15 17 18 48 20 26 22 17 12 2 16 3 29 4 33 6 48 7 15 8 49 10 22 13 19 14 21 15 39 16 47 22 42 8 3 14 6 31 10 36 13 47 18 16 19 12 20 50 22 45 8 3 35 4 40 9 17 10 15 14 46 15 36 18 14 20 28 3 2 34 10 42 11 15
6 8 4 18 6 43 8 23 10 19 13 37 15 28 21 20 22 37 12 1 35 2 21 5 32 6 37 8 22 10 19 13 10 14 15 16 47 18 11 19 14 22 47 3 9 31 20 48 21 34 10 2 48 5 35 12 22 13 48 16 38 18 37 19 42 20 29 21 31 22 41 7 4 24 5 10 9 40 12 15 15 41 19 45 20 32 6 1 48 7 42 8 12 12 10 13 21 21 34
4 8 2 48 3 30 9 49 11 36 17 24 18 32 19 32 22 22 11 1 42 4 18 6 43 10 36 12 23 14 47 15 10 16 11 17 10 21 23 22 36 13 2 39 3 37 6 30 8 23 9 12 10 17 11 41 14 40 15 12 17 13 18 48 21 24 22 27 8 1 44 6 12 8 21 9 32 11 37 14 17 16 24 18 24
8 6 3 12 8 27 12 11 13 31 14 44 16 40 4 4 46 8 18 11 22 21 29 4 14 27 15 21 17 26 18 30 12 1 29 2 24 3 40 6 26 8 42 10 22 11 21 13 19 14 50 16 31 21 27 22 31 6 1 36 10 34 13 35 17 41 20 10 21 29 3 3 45 11 43 15 37 9 2 20 5 30 8 18 11 12 12 21 14 22 17 34 20 37 22 16 12 4 13 5 50 6 20 7 23 11 41 13 18 14 15 17 40 18 15 20 21 21 38 22 25
4 6 5 31 6 22 8 24 9 48 13 20 15 44 5 7 46 10 30 17 22 18 44 22 40 9 2 27 3 19 4 23 5 49 8 30 9 21 13 42 19 47 22 34 9 3 27 4 24 11 24 12 34 16 31 17 41 19 14 20 35 22 40
5 6 2 25 6 15 8 39 16 44 20 28 21 15 11 1 25 2 12 4 23 6 43 10 44 11 48 13 48 16 36 17 31 18 32 21 48 12 1 35 2 12 4 12 5 46 6 44 7 39 13 40 14 39 15 25 17 32 19 36 22 27 7 9 13 12 25 14 46 15 50 18 38 20 49 22 12 9 1 43 5 26 9 40 12 27 13 30 14 17 15 33 19 36 22 36
8 3 2 41 16 30 19 50 6 7 13 8 30 12 39 15 45 18 34 21 26 11 1 14 4 11 7 12 8 31 9 39 10 48 12 37 14 28 16 44 19 24 20 26 7 3 36 4 37 8 46 9 47 14 15 16 37 19 38 5 5 36 7 20 9 25 16 48 20 40 11 1 29 2 28 3 34 4 38 5 33 8 25 9 23 11 26 14 12 19 28 21 27 3 4 45 6 30 22 12 10 1 28 3 46 7 21 9 44 11 28 13 34 15 14 19 41 21 44 22 45
7 3 4 23 8 40 10 45 3 4 33 7 31 9 31 3 11 27 19 29 22 31 7 5 47 10 18 11 27 13 26 19 48 20 45 22 22 13 5 30 7 12 8 22 9 21 14 33 15 46 16 29 17 17 18 26 19 12 20 32 21 40 22 32 12 1 32 2 17 3 16 4 30 7 23 9 43 11 33 12 22 13 35 15 12 19 22 21 44 7 4 26 6 34 9 32 12 49 14 26 15 14 16 30
3 4 3 18 5 46 6 13 17 48 8 2 41 3 31 6 36 10 10 12 49 15 23 16 22 19 38 10 3 38 6 14 8 21 10 42 13 26 14 11 15 30 16 33 17 31 18 26
5 5 5 40 6 10 8 21 16 40 20 44 9 2 28 4 32 8 22 9 44 13 38 16 26 19 41 20 17 21 30 8 2 37 3 28 6 19 9 39 12 15 17 42 19 37 20 26 4 8 22 10 24 12 37 16 43 9 1 27 2 32 4 39 5 47 6 34 9 27 12 44 20 42 22 42
5 10 1 27 2 30 4 10 9 37 12 15 17 35 19 14 20 31 21 12 22 41 5 2 36 4 16 14 27 19 28 20 48 7 1 33 5 26 15 27 16 16 17 12 20 47 21 46 6 5 27 11 17 12 35 15 26 17 40 19 14 12 2 14 3 12 4 24 5 11 6 16 7 12 8 23 11 22 14 46 17 47 20 41 22 10
6 6 4 24 11 35 12 26 16 19 20 14 22 23 13 1 12 2 38 3 36 4 36 5 49 6 39 9 48 11 16 13 40 15 43 16 24 20 38 22 29 9 1 19 7 22 8 13 10 12 11 39 14 49 17 16 20 31 22 26 9 1 20 4 38 9 20 10 21 11 10 14 11 17 37 21 49 22 39 11 2 32 5 21 7 45 8 12 10 39 13 30 14 28 16 21 17 11 18 16 19 29 5 11 39 14 50 17 47 18 23 19 44
4 13 1 32 2 37 4 44 5 16 6 20 8 30 9 49 10 50 13 26 18 13 19 17 20 44 22 48 13 1 15 3 17 4 45 5 31 7 39 8 41 10 41 12 47 14 30 17 16 18 20 21 28 22 15 10 2 12 6 29 7 17 9 46 11 20 13 20 18 27 20 33 21 10 22 35 7 4 12 6 20 8 42 9 16 10 14 14 35 15 41
5 8 1 13 2 39 5 36 6 21 7 37 9 23 20 19 21 38 7 4 25 5 47 6 25 11 23 12 17 13 16 19 25 5 2 11 4 38 5 34 12 48 18 24 11 2 30 3 39 4 34 5 19 7 29 8 41 9 19 13 40 14 31 15 45 19 15 12 1 23 2 14 3 13 10 45 11 20 13 38 14 38 15 25 16 17 17 34 19 28 21 11
5 12 1 48 4 27 5 42 7 42 10 29 11 29 12 44 13 47 14 26 15 50 16 38 22 24 4 15 45 16 30 17 23 19 22 12 2 33 3 40 6 35 8 24 11 47 12 33 13 23 14 19 15 15 17 16 18 30 22 50 4 2 29 5 37 7 35 16 29 12 2 24 5 27 6 19 8 42 9 37 11 36 14 14 16 49 18 19 19 17 20 10 22 21
7 12 4 10 5 31 6 24 7 35 11 50 12 48 14 42 16 32 17 41 19 12 21 28 22 25 3 5 45 7 32 21 29 8 3 46 4 18 8 18 10 17 17 37 18 10 21 50 22 12 12 1 15 2 27 7 14 8 21 9 33 12 25 15 44 16 23 17 47 20 41 21 27 22 37 12 1 27 3 22 5 29 6 25 8 34 9 26 11 45 12 24 13 11 14 19 16 28 20 25 12 1 16 2 42 4 46 5 11 7 21 8 18 10 28 12 45 15 28 16 46 17 24 19 41 3 9 27 15 18 16 11
7 11 1 41 2 46 4 31 7 50 9 39 10 15 12 20 15 44 18 19 21 14 22 40 6 3 14 7 34 9 36 12 31 17 39 22 49 5 1 34 2 29 4 24 16 46 18 30 12 1 12 4 35 5 46 6 29 8 30 11 40 13 31 14 50 18 39 19 14 20 32 21 44 13 1 35 2 44 3 25 5 14 7 42 8 50 12 21 13 19 15 25 16 48 19 46 21 31 22 17 5 3 31 7 41 11 38 12 33 18 14 8 4 32 5 43 7 12 9 41 10 19 15 24 17 15 19 41
8 8 1 29 2 40 4 47 5 24 9 50 10 26 17 19 20 10 8 3 22 6 39 7 25 11 13 15 19 16 24 17 31 21 31 6 3 41 5 12 7 21 11 48 16 42 22 26 4 1 18 4 36 11 16 19 17 6 1 16 5 37 7 11 8 16 16 26 19 11 7 2 18 8 23 9 18 12 23 13 20 15 34 20 11 12 1 33 2 27 3 45 4 20 5 46 6 40 8 28 10 37 15 50 17 15 18 33 22 30 13 1 30 2 47 4 48 8 19 10 19 11 39 12 50 13 14 15 33 18 48 19 32 21 41 22 35
3 12 1 37 3 20 5 24 7 11 8 21 9 39 10 15 11 27 13 25 14 16 18 12 19 12 11 1 15 5 21 6 47 9 43 10 40 11 23 12 43 13 27 14 28 15 31 22 15 7 4 15 8 34 11 48 14 40 17 16 18 50 20 21
6 7 5 28 8 33 9 45 10 21 11 35 18 21 20 39 4 5 48 11 36 18 17 22 15 11 1 13 2 32 4 27 6 26 12 32 13 46 14 28 15 11 16 35 19 28 22 33 4 4 50 5 29 11 28 18 31 7 1 10 2 17 5 14 6 50 8 23 10 29 18 48 12 2 11 5 30 6 28 8 11 9 28 12 38 13 42 15 47 16 29 17 50 18 22 21 47
3 5 5 24 7 43 11 40 17 10 20 23 10 1 16 6 10 9 46 11 16 14 17 15 38 16 35 19 18 20 34 21 25 10 1 47 2 29 4 11 6 47 10 22 14 36 17 42 18 30 19 17 20 25
8 7 5 50 6 46 7 29 9 26 16 36 18 26 20 23 12 1 32 2 37 9 32 10 29 13 34 16 24 17 36 18 26 19 15 20 48 21 49 22 36 9 8 41 9 17 10 13 11 41 12 40 14 10 16 17 20 40 21 38 3 3 21 4 24 17 27 13 2 39 3 21 4 39 6 35 8 48 9 39 10 35 11 40 13 43 14 27 18 17 19 19 22 25 4 3 49 4 24 11 24 13 27 11 2 27 5 16 7 47 8 44 9 10 10 43 12 14 13 33 15 34 18 29 19 25 12 1 13 2 34 4 41 6 38 7 26 10 34 13 42 17 13 19 22 20 48 21 10 22 40
7 13 1 19 2 36 3 41 4 29 5 47 7 15 8 38 11 27 12 33 13 30 14 28 15 36 17 42 4 11 49 13 36 15 20 20 32 11 2 16 7 44 9 50 11 13 12 24 13 19 14 11 19 32 20 23 21 13 22 34 7 2 15 9 29 11 42 15 12 17 11 19 43 20 23 3 5 45 9 44 21 39 9 3 37 4 17 6 36 7 38 8 47 10 13 13 11 15 40 20 50 4 3 42 11 11 15 20 16 16
4 11 1 15 2 22 6 15 7 48 9 17 10 15 13 41 17 35 19 48 21 24 22 16 4 2 10 4 11 8 20 21 34 10 2 37 4 23 7 15 8 47 11 40 15 36 18 14 19 22 20 43 21 35 13 1 47 2 44 3 15 4 26 7 30 10 15 12 12 13 30 15 47 16 34 17 18 19 32 22 27
7 13 1 16 2 26 3 13 5 42 6 11 9 47 10 47 13 14 14 18 16 31 18 10 19 24 20 39 8 2 31 10 33 11 30 12 31 16 50 17 15 18 26 20 49 3 7 41 9 46 21 28 10 3 41 8 28 9 30 13 15 14 39 15 38 16 35 17 25 21 12 22 28 12 2 17 3 40 4 23 7 44 8 50 9 23 11 35 12 50 17 28 18 18 20 50 21 42 8 2 40 3 41 4 25 7 16 8 45 11 10 14 46 22 22 13 1 29 3 20 4 32 5 14 7 15 8 38 9 50 10 48 13 10 14 43 17 39 18 30 22 41
6 10 1 10 6 47 7 12 10 15 11 10 13 13 15 49 16 47 19 32 21 44 8 1 19 3 40 4 34 5 12 7 23 11 29 12 45 19 27 10 1 33 2 40 5 14 6 21 9 50 11 35 12 41 15 39 17 20 22 43 3 2 13 6 48 15 13 4 9 45 12 12 13 41 14 48 10 2 45 6 28 7 38 9 42 11 12 12 29 13 10 15 32 17 40 18 21
7 7 4 48 10 35 11 50 16 27 17 31 19 22 21 40 8 2 12 5 48 7 48 9 33 13 44 16 24 17 25 20 10 8 3 17 7 40 8 32 15 49 16 46 18 19 19 41 22 14 4 7 28 10 29 15 20 19 23 9 4 14 5 38 6 42 7 49 8 34 10 50 12 15 14 26 19 15 12 1 41 4 33 8 20 9 18 10 17 11 44 14 32 16 12 18 46 19 24 20 21 21 11 9 1 35 6 15 8 26 11 48 13 48 15 43 16 15 17 20 21 46
6 4 16 47 18 12 19 42 20 42 6 2 50 14 37 16 38 20 21 21 41 22 12 9 3 14 6 12 13 18 14 12 15 14 16 27 18 30 19 50 21 10 8 3 15 5 33 6 32 9 42 17 29 18 17 20 32 22 22 4 9 10 15 32 16 46 22 11 11 1 44 3 27 5 39 6 30 7 15 10 29 12 18 13 18 14 10 15 18 22 16
6 5 2 36 11 16 16 36 19 20 22 36 8 2 11 3 13 5 21 6 43 15 32 16 31 21 50 22 42 5 4 35 6 13 8 17 11 46 17 10 6 3 37 5 34 8 27 13 15 15 37 16 23 7 2 47 4 26 5 32 7 26 15 27 17 42 18 44 3 16 24 18 34 22 14
6 5 4 22 6 46 13 43 14 22 21 22 8 2 37 8 23 9 48 13 44 15 31 16 40 19 18 20 37 5 2 17 3 45 9 49 12 19 14 24 7 3 43 6 29 14 19 17 31 20 13 21 43 22 40 9 2 42 4 46 8 20 14 44 15 10 18 41 19 48 20 42 22 27 4 1 19 3 28 15 31 20 14
8 12 3 36 4 20 5 39 8 46 10 45 12 44 13 38 14 39 16 49 18 12 19 46 22 15 11 2 35 4 24 6 25 10 11 12 15 13 46 15 49 16 37 18 33 19 38 22 21 7 9 12 12 16 13 37 14 21 15 36 17 14 18 27 11 2 14 3 41 4 32 5 13 6 49 8 27 11 21 15 18 17 15 21 31 22 10 8 1 44 2 34 9 16 10 48 11 14 16 45 19 45 21 12 5 1 49 9 10 11 30 15 30 16 29 12 1 45 2 41 4 26 6 25 8 24 9 22 11 33 13 36 16 30 17 33 19 46 22 28 13 2 34 3 11 4 28 5 48 9 28 11 24 12 30 13 19 16 49 17 19 18 25 19 13 21 30
6 9 3 23 4 43 5 21 6 10 8 19 12 35 15 26 16 11 21 39 9 2 38 8 20 9 10 11 13 12 10 17 10 18 21 21 23 22 28 4 5 23 7 33 10 32 12 50 10 1 24 4 40 5 48 8 10 9 42 10 27 12 34 15 10 20 47 22 25 9 5 15 10 30 11 45 14 36 15 39 16 36 17 32 19 16 21 16 13 2 48 3 27 4 33 6 31 7 33 8 27 9 44 10 16 13 18 16 28 19 28 21 25 22 18
6 5 1 41 6 38 17 32 21 28 22 35 13 1 19 2 17 5 26 6 32 7 14 9 13 10 12 13 48 14 41 15 23 16 30 19 21 22 10 3 2 22 7 25 13 45 13 1 33 2 13 4 27 9 33 10 18 13 11 15 32 16 36 17 16 18 44 19 39 21 50 22 28 4 4 32 12 28 18 41 20 29 9 1 43 8 40 9 14 10 13 12 29 16 18 17 42 19 43 20 23
4 5 5 13 6 24 10 24 15 29 21 42 5 3 44 4 20 17 41 20 37 22 49 10 1 26 4 26 6 39 8 10 9 46 14 29 18 33 19 18 20 19 22 30 6 4 20 9 44 10 23 14 44 16 45 22 45
3 6 1 28 3 39 8 10 10 30 12 18 18 29 6 6 45 9 34 11 24 16 19 19 14 20 14 11 3 40 4 43 7 27 8 30 9 25 11 40 13 29 14 43 18 23 20 28 22 28
5 11 1 38 4 25 7 13 9 39 10 19 11 16 12 13 14 20 17 37 19 49 21 43 12 1 44 6 30 7 25 8 27 9 28 11 23 12 29 13 34 16 40 17 26 20 45 21 43 13 2 42 5 34 6 19 7 26 8 46 12 44 13 21 14 36 16 41 19 40 20 33 21 23 22 47 6 1 27 7 35 10 27 19 41 20 49 21 17 13 1 33 4 36 5 16 8 35 9 16 10 43 11 28 12 34 14 28 17 43 18 38 19 10 21 38
3 13 2 37 3 21 4 50 10 24 12 26 13 50 14 13 15 49 17 17 18 10 20 26 21 35 22 20 6 1 12 12 48 13 28 17 25 18 14 20 11 9 2 29 3 39 4 46 7 35 9 28 12 35 13 47 16 10 18 10
6 12 4 18 7 36 9 10 10 47 11 22 12 22 14 23 15 16 16 38 18 22 20 35 21 17 5 7 36 9 15 15 50 16 43 17 41 5 6 47 9 31 15 45 19 28 21 21 13 4 10 5 11 6 30 7 22 8 34 11 43 13 32 14 26 17 33 18 16 20 21 21 47 22 40 10 2 40 5 30 6 32 7 23 8 50 10 27 14 15 16 19 17 15 21 22 5 2 38 3 21 7 21 9 47 20 14
4 7 3 32 11 50 13 25 14 27 15 35 19 48 22 25 13 4 30 5 19 6 42 7 10 8 43 9 26 11 41 13 33 15 28 17 11 19 15 20 40 21 21 9 1 17 3 25 6 38 7 29 8 46 12 31 14 49 15 35 21 35 13 5 17 7 37 8 15 9 33 10 13 12 23 13 17 14 33 16 20 17 16 20 47 21 41 22 19
7 7 1 32 4 13 12 42 13 49 15 18 19 16 21 39 11 1 29 2 41 4 26 5 36 11 15 12 11 13 45 15 19 19 43 20 50 22 10 11 1 19 3 48 5 32 6 11 7 25 10 46 12 44 13 19 14 10 16 10 22 21 11 2 22 3 21 5 27 8 24 10 48 11 24 16 35 17 25 18 36 20 29 22 40 9 1 32 2 34 3 14 5 20 9 11 12 27 13 41 15 15 19 39 9 1 12 5 20 6 23 7 40 8 20 9 22 10 47 15 39 19 19 11 1 44 3 21 4 37 5 24 8 45 9 17 10 33 13 19 17 18 18 43 22 45
37 137 46 53 73 116 79 91 146 113 136 69 65 97 93 154 64 121 78 82 57 100 50 151 95 61 108 109 84 85 38 110 86 65 84 101 91 90 116 116 80 99 77 109 57 94 151 96 43 61 64 97 68 68 97 92 125 138 55 118 39 101 134 62 96 85 130 78 118 101 158 85 72 70 38 85 43 82 60 112
1 1 2 2 2 2 1 2 3 1 3 2 2 2 3 1 1 2 3 2 3 1
# Instance ID: 76
# Size type: large
# Total operations: 449
# Actual flexibility: 0.365
# Generated: 2026-02-07 22:12:21
# Format: Extended Brandimarte format for MOFJSP