32 16
6 7 2 46 6 39 9 40 10 20 11 16 12 34 15 45 2 2 31 13 25 9 2 42 3 27 7 31 8 29 9 13 10 16 11 42 14 18 16 20 9 1 50 3 24 4 18 5 19 6 13 9 26 10 15 13 27 15 27 9 2 33 3 46 4 48 7 22 9 10 10 18 11 50 12 10 16 18 2 1 27 7 19
5 5 3 32 5 18 8 16 12 25 13 33 5 2 42 3 15 13 36 14 31 15 13 8 1 38 4 39 6 39 7 32 9 35 11 47 13 16 14 49 5 1 20 2 48 5 15 11 36 13 14 9 1 17 3 11 4 26 7 25 9 44 10 27 13 14 14 49 16 34
7 8 2 10 3 42 4 13 6 33 7 35 8 45 10 33 13 36 8 1 46 2 42 3 35 4 33 7 33 13 13 15 29 16 47 6 1 35 5 22 7 29 8 48 9 22 11 24 8 1 22 3 18 5 20 7 34 8 18 10 37 11 17 12 15 6 4 18 5 31 7 45 11 30 13 27 16 19 3 2 41 9 48 12 49 3 3 25 11 29 14 15
6 8 3 39 4 21 5 33 6 13 9 33 14 44 15 25 16 24 5 1 25 4 14 9 15 12 33 14 43 9 1 41 5 31 6 39 7 35 8 47 12 27 13 50 14 31 16 22 7 5 34 6 48 7 42 8 34 10 14 15 37 16 23 6 2 11 3 44 5 10 6 46 13 31 16 49 6 3 19 6 30 7 33 10 46 14 34 16 35
7 6 1 27 2 18 3 25 4 33 8 47 15 17 6 1 26 2 44 5 47 6 22 7 25 11 20 8 1 46 4 36 5 24 6 39 8 24 13 16 15 11 16 11 3 9 32 14 20 16 19 3 3 45 6 38 12 15 6 3 21 4 37 5 42 6 39 11 26 16 27 9 1 31 2 19 3 24 4 38 7 39 8 38 9 18 11 46 16 37
3 8 1 13 2 12 4 50 5 32 7 19 8 38 11 44 14 14 2 6 43 12 12 2 1 19 15 40
7 4 2 30 3 39 5 22 16 17 8 1 43 2 50 4 15 5 41 7 20 10 12 13 22 15 17 5 6 19 10 43 12 35 13 21 14 11 4 4 18 6 33 13 49 16 32 5 3 38 8 24 11 49 14 22 15 43 4 1 24 5 32 6 24 8 18 5 2 12 6 40 7 35 9 15 14 13
7 9 2 22 3 34 7 12 8 16 9 10 10 41 14 17 15 19 16 35 3 11 45 12 24 14 45 4 3 50 8 37 11 26 14 44 6 4 18 5 19 6 23 8 23 13 19 15 19 4 1 48 2 28 11 26 13 19 7 3 21 5 32 11 35 12 13 13 34 14 21 15 49 7 1 25 4 14 6 17 7 44 8 13 11 27 16 35
4 9 1 17 2 45 4 30 5 19 6 10 8 14 9 24 13 34 14 21 8 2 33 4 34 5 14 7 30 8 27 9 40 11 12 13 33 7 2 33 3 15 9 37 10 27 11 14 13 14 14 46 7 1 46 2 34 5 47 7 23 10 47 11 30 16 38
4 9 1 20 3 37 5 20 8 10 11 14 12 49 13 41 14 16 15 18 3 2 22 5 46 16 25 8 1 46 7 43 8 40 9 23 10 14 11 20 13 37 15 41 9 1 39 2 31 3 46 7 43 8 44 10 49 12 40 13 44 16 36
8 7 4 29 8 22 10 17 11 48 12 15 14 50 15 34 7 1 21 4 24 6 17 9 19 10 12 11 20 16 17 3 1 32 12 41 14 34 6 5 10 8 13 10 10 11 18 13 36 16 45 9 5 46 7 38 8 47 9 38 11 29 12 15 13 36 14 22 15 34 7 1 36 5 25 6 32 11 30 12 24 14 40 16 22 2 5 46 13 37 4 2 50 8 46 14 32 15 18
4 8 1 10 4 21 6 33 8 32 10 17 12 20 15 43 16 20 9 2 43 4 49 5 45 6 46 7 31 11 49 12 35 14 32 16 28 8 4 26 5 14 6 29 11 49 12 17 14 35 15 46 16 48 5 5 47 8 38 12 28 13 24 14 46
7 6 1 45 5 20 9 19 11 24 12 13 14 47 7 3 44 4 43 8 47 10 27 12 16 14 25 16 20 3 1 46 13 38 15 18 2 2 40 6 12 9 4 31 5 40 6 47 7 18 9 18 11 12 12 25 14 10 15 12 6 2 19 5 49 7 24 9 46 10 13 14 11 4 2 17 3 23 12 39 13 31
5 8 4 50 6 40 7 10 9 45 10 37 12 15 13 46 16 49 5 3 29 5 22 6 26 9 30 12 35 8 1 23 2 28 4 21 6 22 8 36 9 20 12 18 15 12 5 3 26 5 36 7 23 8 16 15 11 6 7 42 8 35 10 44 11 11 12 12 16 45
7 7 1 19 5 15 7 41 10 38 14 28 15 14 16 39 6 1 19 4 24 5 44 6 33 7 13 15 20 4 6 21 7 38 9 31 15 20 5 3 24 7 10 9 18 10 11 15 18 7 1 11 2 24 4 22 10 26 12 36 13 39 16 38 3 4 39 7 33 11 10 9 3 13 4 21 6 27 8 33 10 23 11 13 12 15 13 21 14 24
5 6 1 18 3 12 4 18 5 44 14 28 16 39 3 1 20 2 20 8 18 6 1 26 2 44 6 39 7 16 8 40 15 50 9 2 13 3 34 5 33 7 50 10 44 11 24 14 44 15 38 16 19 9 1 34 2 35 3 44 5 28 6 26 9 42 10 19 12 25 15 41
5 5 2 21 7 16 8 18 10 15 13 15 2 4 39 9 42 2 8 32 12 45 8 1 50 2 24 5 48 8 19 11 32 12 16 13 47 16 49 6 2 41 3 16 6 21 10 21 12 19 16 41
4 8 1 33 3 28 4 19 8 19 9 17 11 34 15 21 16 34 7 1 44 4 22 7 22 9 28 10 28 11 29 12 38 2 9 43 10 41 7 1 49 3 34 5 42 6 32 8 14 13 49 16 30
6 5 5 21 8 35 10 37 12 50 15 23 4 4 21 5 38 7 41 11 40 7 1 15 3 35 6 32 7 44 10 15 15 19 16 48 4 1 20 6 19 10 47 11 28 3 3 36 6 23 14 12 4 6 47 11 35 13 24 16 37
3 5 3 36 11 21 12 49 13 28 15 21 2 7 14 14 31 6 1 22 2 23 6 16 9 24 11 44 15 12
4 2 9 44 10 24 4 2 21 3 19 11 16 14 21 3 5 42 12 17 16 33 4 7 41 9 35 14 29 15 10
4 3 4 26 6 45 9 44 2 5 29 13 18 2 2 34 13 21 9 4 50 6 35 7 28 8 35 9 29 11 17 14 48 15 37 16 18
6 5 2 19 3 37 10 19 11 21 16 14 5 1 12 2 28 5 20 6 49 12 26 5 4 46 5 17 8 15 9 40 12 49 9 2 20 5 42 7 22 10 17 11 45 12 11 13 13 14 24 16 37 8 1 10 3 32 10 22 12 20 13 44 14 31 15 22 16 44 8 1 21 2 27 6 25 7 43 11 25 12 45 13 10 14 32
3 4 10 20 13 46 14 49 16 13 2 7 44 15 37 4 4 24 7 21 13 45 15 23
7 8 2 50 4 17 6 50 7 44 8 35 9 21 14 35 16 39 3 7 29 8 16 9 10 3 3 42 7 20 11 22 5 2 24 5 32 9 21 11 39 13 48 3 6 11 12 35 16 40 9 1 50 2 44 3 43 6 16 7 27 11 25 13 14 14 49 16 18 9 2 44 4 29 6 32 7 41 8 21 9 11 14 19 15 35 16 34
8 7 3 46 6 16 7 18 9 30 10 38 13 23 16 29 4 4 27 6 37 10 50 11 50 2 12 29 15 18 2 5 50 15 40 4 5 14 7 38 10 46 14 49 8 1 41 5 26 8 45 9 32 10 49 14 46 15 28 16 35 6 3 29 4 17 9 36 10 39 13 25 15 28 9 2 28 4 47 7 44 9 11 10 26 11 28 12 30 14 10 16 48
8 4 1 20 6 17 13 12 15 20 8 1 11 5 44 7 21 8 27 9 44 13 26 14 32 16 43 3 1 44 8 46 9 45 5 2 44 5 45 6 25 8 49 11 48 9 2 10 4 19 6 38 7 33 9 10 12 13 14 10 15 23 16 12 7 2 32 7 23 10 11 11 32 13 34 14 28 16 16 6 5 37 7 38 8 46 9 13 11 42 14 40 2 4 40 9 20
7 8 1 13 2 24 4 27 6 28 7 29 11 26 14 18 16 48 2 8 27 13 31 8 1 18 3 17 5 30 6 32 7 49 13 48 14 37 16 40 4 7 21 11 21 13 21 15 17 2 4 23 11 50 6 1 40 5 34 8 29 13 44 15 28 16 30 7 2 44 3 24 4 30 6 10 7 41 8 15 10 18
4 6 2 48 3 13 4 10 6 25 11 35 12 18 4 2 40 3 25 14 50 15 19 9 3 45 4 30 5 30 6 45 7 30 9 20 11 21 13 47 16 29 4 3 16 6 35 12 17 16 42
3 7 1 31 2 13 6 43 8 50 10 13 13 33 16 29 3 8 29 9 27 15 40 5 3 29 4 38 6 43 11 28 12 17
4 9 4 28 5 48 6 23 8 12 10 31 12 24 13 41 14 42 16 44 2 4 17 8 43 5 2 22 13 25 14 43 15 48 16 21 8 2 32 3 21 8 40 9 44 12 40 13 22 15 10 16 28
5 8 2 29 3 36 6 30 8 23 11 30 13 24 15 40 16 42 2 4 46 9 16 7 4 41 5 15 7 40 8 38 11 34 12 20 14 47 8 3 34 4 50 5 37 7 26 10 31 14 13 15 49 16 47 2 2 13 16 44
96 63 109 94 85 50 84 108 50 59 106 70 114 67 108 98 63 73 106 40 59 77 109 48 134 142 139 115 61 54 64 68
2 2 1 1 3 3 3 2 1 1 2 2 1 1 2 2
# Instance ID: 41
# Size type: medium
# Total operations: 173
# Actual flexibility: 0.353
# Generated: 2026-02-07 22:12:21
# Format: Extended Brandimarte format for MOFJSP