27 14
8 4 3 11 10 16 12 35 13 37 3 4 19 9 18 12 18 8 1 21 2 13 3 33 4 34 5 18 6 11 12 16 14 49 8 1 24 2 46 4 16 5 22 9 24 10 21 12 33 13 21 6 2 31 3 36 4 28 5 31 7 18 12 23 4 3 29 5 49 7 38 9 37 8 1 27 2 21 3 13 5 47 7 32 9 25 10 37 11 39 7 4 21 5 49 6 40 8 24 9 32 11 35 14 15
8 4 3 33 7 31 12 46 14 14 4 3 33 7 25 8 50 13 42 2 7 36 10 29 2 5 33 8 24 3 7 33 10 20 12 28 5 5 24 6 31 7 23 12 45 13 47 7 3 25 6 19 7 28 9 22 10 34 12 41 14 47 3 2 40 5 15 6 20
5 7 4 30 7 27 8 23 9 28 10 36 11 45 12 31 6 1 36 4 16 7 35 10 44 11 19 12 28 6 4 14 8 36 9 16 10 32 11 24 13 42 2 2 42 7 22 7 1 40 2 18 4 34 8 13 11 40 12 20 14 10
3 2 5 49 9 37 8 1 27 3 46 6 23 7 17 8 18 9 17 12 28 13 35 8 3 27 4 19 5 47 6 50 7 20 8 34 10 28 11 32
5 8 2 47 3 47 4 50 6 29 7 10 8 23 10 35 13 46 4 2 17 9 21 11 36 13 34 7 2 11 5 36 7 45 8 24 10 23 12 31 13 24 6 1 32 2 46 3 11 7 17 12 35 14 25 6 1 22 2 24 5 24 10 27 12 27 14 23
6 5 4 27 7 44 8 16 11 28 14 12 8 1 37 2 41 5 48 7 23 9 12 10 14 12 26 14 44 2 2 10 7 28 6 1 13 2 29 10 20 11 12 12 19 14 43 6 2 12 7 14 9 49 12 48 13 12 14 25 4 2 42 3 31 4 29 5 45
4 4 1 22 3 14 4 37 6 13 7 2 44 4 34 8 13 10 15 11 30 12 40 14 16 8 2 29 3 11 4 18 5 29 8 39 11 10 12 20 13 43 6 2 18 5 44 10 39 11 50 12 29 13 30
8 3 2 48 8 23 12 37 5 6 28 7 37 8 22 9 48 14 14 3 2 12 9 50 13 41 4 2 17 7 46 10 28 11 20 3 2 32 3 28 11 13 2 4 15 12 31 3 1 48 6 37 7 21 5 2 31 5 20 6 30 7 21 9 41
6 7 1 14 2 39 3 47 5 44 6 48 8 49 14 27 6 5 42 6 46 7 48 9 24 10 13 12 11 4 2 37 6 38 10 32 11 35 3 6 28 9 19 14 21 5 2 34 3 35 8 18 11 33 12 35 4 1 40 5 11 7 12 14 15
6 4 2 24 5 10 11 34 14 42 7 1 10 2 10 3 50 5 36 7 36 8 44 9 48 2 5 16 11 41 3 1 40 3 36 9 20 3 2 17 9 32 12 20 3 3 19 4 21 9 21
7 6 1 30 3 19 5 43 8 22 9 32 13 48 6 1 12 2 45 5 27 10 38 12 48 13 17 3 2 17 6 25 13 32 7 1 20 3 43 4 47 6 18 8 10 12 37 13 28 2 11 33 12 41 6 1 18 4 44 8 11 9 14 10 11 14 29 2 5 31 10 25
4 4 2 42 3 16 6 26 10 28 5 3 45 5 12 7 21 8 15 9 42 7 1 41 4 45 6 11 7 24 9 39 10 45 12 47 8 2 35 3 48 4 46 5 10 8 30 11 31 13 45 14 30
6 4 6 46 8 29 10 11 13 44 8 1 29 3 32 5 19 6 43 7 48 10 44 11 37 12 10 5 1 36 2 39 6 25 7 24 12 38 8 1 38 2 36 5 15 6 24 7 36 8 45 10 14 13 29 6 1 42 3 27 4 22 6 40 9 35 13 49 6 3 29 5 39 7 41 10 21 11 30 12 10
6 6 3 21 4 23 5 29 11 42 12 10 14 12 4 2 29 3 17 8 31 12 31 3 7 16 10 30 14 44 4 5 11 6 34 8 21 10 41 6 1 33 3 38 5 13 7 25 11 23 13 24 7 3 21 5 24 6 15 10 30 11 50 12 44 13 18
4 6 1 48 3 37 4 35 5 21 7 49 12 48 2 3 16 8 41 4 3 11 10 29 12 15 14 36 5 2 25 3 47 6 21 9 35 13 34
4 6 1 32 3 12 4 23 7 17 8 24 14 47 3 1 44 5 32 9 10 3 1 16 3 47 7 13 2 4 25 10 23
6 4 4 41 8 15 10 48 14 13 2 1 11 11 21 7 2 21 3 31 6 34 7 27 10 41 11 14 13 42 7 1 24 3 10 5 28 6 32 8 23 10 18 14 24 2 7 50 11 39 5 2 34 5 28 6 38 9 28 13 25
4 5 1 28 2 32 10 22 12 49 13 16 2 8 41 11 37 5 1 21 6 40 7 36 12 14 14 18 2 10 20 13 45
6 2 12 30 14 40 6 1 19 2 18 7 25 10 14 11 17 14 35 5 1 34 8 50 9 40 11 50 14 37 3 3 19 4 22 6 41 2 6 47 9 19 2 3 34 14 50
6 6 5 24 6 41 7 15 9 15 11 28 12 19 6 1 39 4 31 5 25 11 46 12 44 13 46 7 2 37 3 32 4 48 5 50 12 42 13 34 14 34 6 2 41 3 45 4 22 5 41 8 36 9 31 6 1 16 2 16 3 27 4 11 6 34 9 32 3 7 28 12 21 13 37
7 5 2 19 4 41 6 21 13 27 14 30 4 4 33 8 35 13 30 14 34 6 5 28 7 47 8 37 9 20 11 20 14 27 8 1 50 2 18 4 30 5 10 6 36 10 47 12 18 13 46 5 2 19 6 13 7 36 9 18 14 38 5 3 30 4 11 8 49 10 38 12 47 8 2 17 3 29 4 37 5 33 10 10 11 21 12 19 13 22
3 4 8 10 9 28 11 32 14 41 7 2 13 3 39 5 11 6 23 8 24 9 49 10 43 3 2 45 5 19 8 25
6 3 8 19 11 13 12 46 7 2 38 5 10 6 35 7 22 8 36 10 50 12 24 7 1 14 2 18 3 19 4 11 7 13 9 43 13 28 6 3 23 4 23 5 37 7 38 9 46 14 34 2 9 20 13 44 6 2 34 4 10 7 31 8 50 11 26 12 48
5 4 1 45 3 33 7 36 10 27 6 1 49 2 33 3 15 4 46 5 23 12 33 2 11 10 14 14 2 5 35 6 17 5 1 44 6 13 9 23 11 43 13 42
8 6 1 50 5 14 10 13 11 28 12 13 13 27 3 2 34 6 42 7 31 2 4 31 11 22 6 2 40 4 29 5 39 9 30 11 32 14 42 2 1 49 4 50 2 2 43 7 30 5 2 45 5 26 8 12 11 15 13 48 2 3 16 8 35
3 6 4 16 8 37 9 15 11 16 12 33 14 43 5 2 15 7 46 9 46 13 40 14 34 5 4 22 6 20 9 36 10 14 12 40
3 8 1 22 3 26 4 32 6 44 9 14 12 47 13 32 14 37 4 3 33 8 25 9 33 12 25 3 10 42 11 20 14 28
155 142 74 42 88 81 60 99 81 80 112 75 118 105 58 70 104 77 78 85 89 42 79 76 126 38 37
1 2 1 2 3 2 2 1 1 3 3 2 2 3
# Instance ID: 44
# Size type: medium
# Total operations: 147
# Actual flexibility: 0.342
# Generated: 2026-02-07 22:12:21
# Format: Extended Brandimarte format for MOFJSP