21 17
7 9 1 35 2 43 3 20 4 13 9 17 10 23 11 10 14 41 17 14 8 2 34 3 24 4 22 11 36 12 17 13 25 16 14 17 40 10 1 40 4 20 5 48 9 32 10 28 11 33 12 43 13 31 14 42 15 24 7 2 19 8 40 9 27 10 23 11 48 14 50 17 19 4 2 27 8 14 11 48 17 21 7 2 21 3 22 7 35 8 12 9 17 14 44 17 35 5 2 45 4 26 5 30 9 24 12 16
3 7 1 40 4 48 7 35 10 43 13 31 14 49 17 12 8 3 50 8 27 9 12 10 45 12 49 13 48 15 21 17 16 9 2 14 6 14 7 23 9 23 11 49 13 40 14 22 16 37 17 38
8 2 5 17 16 40 5 1 18 3 20 5 20 10 27 12 16 10 2 10 3 16 4 44 5 16 6 29 7 28 8 27 11 20 13 28 15 45 6 1 33 3 10 4 48 5 29 12 38 17 36 7 3 14 4 31 7 36 9 27 11 10 12 49 15 46 6 4 44 6 49 8 14 10 22 16 39 17 12 7 2 50 5 49 6 13 10 42 11 21 14 34 16 14 3 1 34 6 30 7 49
3 6 1 40 3 34 4 34 6 37 11 47 17 37 4 4 44 6 34 12 15 15 46 6 3 48 4 11 9 49 11 24 14 29 17 18
4 6 1 21 5 42 7 22 10 27 11 36 14 22 5 4 40 5 33 8 16 10 43 15 34 8 2 28 3 25 5 45 6 21 7 34 9 49 13 18 17 45 7 1 46 4 32 5 20 6 45 8 50 11 43 16 49
3 7 1 37 4 48 9 37 10 28 11 30 14 23 16 30 3 6 12 13 26 16 39 3 1 12 7 47 17 47
5 7 4 28 5 49 8 35 9 34 15 43 16 37 17 37 9 1 47 2 13 7 15 8 26 9 49 12 38 14 15 15 15 16 11 5 8 16 9 31 12 35 13 40 17 32 8 1 37 2 11 6 16 9 34 11 41 14 28 16 26 17 46 4 4 33 7 49 10 50 12 37
7 10 1 46 5 24 6 41 7 31 9 29 11 12 13 18 15 26 16 21 17 45 8 3 38 6 17 9 29 10 12 12 18 14 31 16 13 17 25 10 2 25 3 43 5 28 7 46 9 25 11 36 12 45 14 13 15 34 16 22 7 1 15 2 19 4 38 12 45 14 46 16 34 17 48 7 1 33 3 19 5 41 7 39 9 32 11 43 13 34 9 1 23 2 26 3 29 4 28 6 23 7 50 13 48 15 26 16 35 10 2 33 3 38 4 36 8 15 9 40 11 13 13 38 14 24 15 17 17 38
4 6 3 36 7 18 8 34 9 25 12 35 15 38 10 2 33 5 49 8 27 9 28 10 25 11 28 12 42 14 31 15 18 17 47 7 1 25 5 40 7 34 8 39 12 36 13 45 15 40 6 1 36 3 39 8 32 9 15 14 29 17 48
3 9 2 13 4 49 5 47 6 13 7 12 8 12 10 46 12 27 14 12 8 3 26 4 31 5 25 6 43 9 31 12 37 13 33 17 25 7 3 12 6 50 7 10 11 12 12 26 14 39 16 11
8 3 2 25 3 29 12 47 7 2 46 3 47 9 35 10 30 12 15 14 15 17 45 3 7 38 11 27 12 35 8 2 42 3 36 5 42 7 41 8 10 10 27 12 39 13 47 8 1 18 3 33 6 35 9 31 10 48 12 47 13 33 17 11 10 1 41 3 37 4 28 9 11 12 30 13 27 14 40 15 25 16 49 17 44 8 1 15 2 44 4 34 5 34 6 12 15 29 16 41 17 29 9 2 20 5 26 6 39 7 29 8 29 9 18 10 10 15 22 17 30
5 6 1 24 3 42 4 40 10 24 11 32 12 15 10 2 23 4 33 5 14 8 42 10 22 13 10 14 19 15 32 16 42 17 33 5 6 15 9 32 13 23 14 49 17 43 10 1 46 2 43 6 29 8 14 9 20 10 45 11 34 12 31 16 33 17 43 3 6 49 13 21 15 23
5 10 1 13 2 22 4 44 5 14 7 26 9 34 10 22 12 26 15 18 16 48 4 2 48 6 33 10 46 12 39 5 2 30 3 19 4 40 9 22 17 28 3 3 35 10 15 12 22 5 3 33 6 22 11 13 15 14 16 30
3 5 1 28 2 10 5 38 7 38 13 44 3 2 36 4 33 10 49 10 4 29 5 17 6 45 7 21 8 48 10 47 11 16 12 19 13 36 15 49
7 6 1 15 5 49 7 16 11 11 16 36 17 16 8 1 20 3 26 9 18 12 17 13 35 15 44 16 19 17 36 10 2 49 3 46 5 34 6 19 7 11 8 43 10 22 11 50 15 27 17 41 3 1 46 6 24 17 18 7 3 13 5 22 8 20 9 19 11 11 13 12 16 39 6 3 45 4 39 5 17 11 19 12 49 16 32 3 3 12 10 31 11 42
3 2 5 11 13 34 2 1 21 10 21 6 1 26 5 38 6 35 8 48 13 31 14 12
4 2 3 50 9 42 10 1 50 2 32 4 37 5 18 6 24 7 42 11 45 12 41 14 43 15 42 10 2 34 4 13 6 36 7 18 10 18 11 47 12 11 13 15 15 16 16 22 10 1 23 2 42 5 11 8 23 10 31 13 17 14 26 15 43 16 47 17 30
3 5 2 17 5 26 6 39 10 46 16 13 7 3 32 4 15 8 36 9 40 10 23 16 50 17 13 7 1 45 5 26 7 42 8 43 11 35 12 50 17 43
5 8 3 44 6 21 10 20 11 43 12 20 13 44 16 10 17 17 10 1 37 4 44 5 29 6 37 7 41 9 36 10 50 14 41 15 42 17 11 8 4 46 5 30 8 46 9 40 11 31 13 19 16 15 17 24 7 3 48 6 50 7 20 8 42 11 49 13 41 14 27 10 2 20 5 37 7 38 9 30 11 17 12 17 14 49 15 49 16 41 17 37
3 6 5 30 6 14 7 32 8 37 10 29 11 17 8 1 32 4 42 10 21 12 13 13 17 14 35 15 22 17 12 3 11 50 16 19 17 21
7 6 5 23 9 29 13 48 15 20 16 40 17 34 8 1 12 2 27 7 10 9 23 11 22 12 29 16 45 17 10 3 8 25 11 33 16 43 8 2 11 5 32 6 25 7 47 12 19 13 35 14 12 16 49 8 3 18 7 13 8 50 9 31 11 23 12 35 15 29 16 49 3 4 43 5 32 12 36 9 1 45 2 25 3 11 4 41 5 39 6 31 11 30 12 45 16 18
88 41 147 56 75 43 94 89 61 55 106 78 98 55 109 40 75 45 76 43 106
1 1 1 1 3 2 2 2 1 2 2 2 3 3 3 1 3
# Instance ID: 46
# Size type: medium
# Total operations: 100
# Actual flexibility: 0.392
# Generated: 2026-02-07 22:12:21
# Format: Extended Brandimarte format for MOFJSP