35 18
7 10 1 35 4 43 7 19 8 10 12 33 13 10 14 34 15 44 16 19 18 15 4 6 20 8 15 12 35 18 33 2 11 16 15 26 8 2 35 3 39 5 48 6 12 10 45 14 47 16 44 17 27 5 1 12 3 31 10 12 14 48 15 24 10 3 45 5 50 6 14 9 15 10 28 11 32 12 38 14 50 16 44 17 42 9 2 34 3 40 4 22 6 44 7 21 8 11 9 49 15 38 16 27
6 8 3 44 7 19 8 49 9 46 10 37 15 42 16 41 18 19 4 7 12 8 44 11 30 17 43 2 6 50 13 25 7 1 34 2 49 6 31 7 39 9 46 11 12 14 11 3 6 31 9 33 18 27 6 6 22 7 18 8 32 10 49 13 28 17 21
3 5 5 24 9 22 13 44 14 46 15 16 7 2 21 6 44 9 31 11 40 13 21 14 31 17 34 4 6 24 8 31 13 43 14 48
7 7 4 33 6 11 7 41 8 43 9 26 12 34 18 45 7 1 24 5 10 11 22 13 29 15 50 16 49 17 17 10 1 47 3 25 4 27 6 12 8 15 9 33 10 23 16 35 17 29 18 15 7 4 16 6 23 10 21 14 33 15 49 16 23 17 36 9 1 49 4 27 6 19 7 16 8 28 11 15 13 12 16 32 17 21 9 1 48 4 18 8 40 9 10 10 27 12 33 13 18 17 25 18 42 10 1 30 3 47 6 42 7 36 9 38 11 44 12 38 13 27 15 29 18 20
3 4 11 27 12 44 16 50 17 31 8 3 17 5 15 9 37 10 31 11 11 12 18 15 10 16 12 2 5 33 10 50
5 5 3 17 8 30 11 30 17 14 18 23 2 11 40 18 12 10 2 49 5 34 6 34 7 47 9 49 10 41 11 19 12 41 13 24 14 37 9 1 20 3 33 6 28 9 23 10 14 12 43 14 23 15 21 18 44 3 3 18 5 22 7 48
3 4 1 34 3 10 10 15 18 43 5 3 45 4 39 9 32 14 11 16 44 4 3 39 11 21 13 21 16 32
8 9 5 18 6 34 8 19 9 46 11 12 12 30 15 19 16 49 17 15 10 1 17 2 40 3 21 7 14 8 39 9 23 12 22 13 38 15 23 16 46 4 1 19 3 46 6 46 11 49 5 4 30 6 47 7 14 12 50 14 29 5 3 30 5 33 8 25 15 46 18 44 5 2 41 7 39 9 41 10 24 11 20 8 1 41 5 49 6 17 8 21 10 38 13 48 15 47 18 38 2 6 38 18 14
3 4 2 48 8 39 11 43 17 41 3 7 18 11 47 16 45 10 1 13 2 45 3 22 5 21 6 12 7 12 8 26 11 45 13 41 17 48
3 9 4 32 6 21 9 25 11 50 12 44 15 35 16 13 17 12 18 22 2 9 25 10 34 3 4 14 11 32 15 20
8 5 1 20 3 47 5 32 10 11 11 15 6 7 42 9 22 11 13 12 49 14 22 16 10 8 2 17 3 19 7 35 8 13 10 50 11 19 14 19 16 17 5 4 18 6 13 7 17 8 48 15 15 3 4 16 13 18 17 21 2 2 38 4 18 7 4 23 8 12 10 28 12 46 13 22 15 37 17 34 7 1 43 5 16 6 19 7 28 8 21 11 16 14 15
6 6 1 46 5 30 6 18 13 19 15 48 18 28 8 1 14 5 10 6 23 7 46 12 48 13 32 14 18 16 47 9 1 32 2 45 3 30 4 44 5 33 7 34 8 29 16 18 17 23 2 3 19 9 11 4 2 33 14 49 16 20 17 40 5 1 48 3 49 9 13 16 38 18 15
3 8 1 16 3 31 4 30 5 26 9 20 14 50 16 10 18 24 6 1 33 2 35 8 41 10 46 16 50 18 38 7 3 32 6 33 8 28 10 37 11 21 14 25 17 26
8 9 1 13 2 17 4 42 5 17 7 12 8 23 9 11 13 36 16 45 5 4 15 5 41 13 20 15 37 16 43 2 1 43 18 16 7 1 31 2 13 4 39 5 15 10 22 12 42 15 12 8 1 15 4 13 6 28 8 33 12 43 15 27 16 41 17 29 5 4 11 6 11 12 46 13 37 16 21 7 7 48 8 26 12 41 14 11 16 23 17 17 18 45 2 7 22 11 48
7 8 3 15 6 32 7 47 9 14 13 43 14 25 15 18 17 40 2 2 27 18 35 8 1 17 2 13 4 38 6 47 10 41 11 39 14 17 16 26 2 1 47 9 25 10 1 21 2 12 3 26 4 49 6 48 9 42 10 12 11 47 13 29 18 48 9 2 47 4 38 8 17 11 36 13 34 14 48 15 45 16 28 17 16 8 1 40 4 46 5 27 8 25 13 24 14 21 16 30 17 37
5 4 7 46 10 17 16 49 17 38 2 3 20 9 37 4 1 42 7 39 15 44 18 20 3 2 20 3 11 14 50 6 3 49 4 46 6 42 8 48 11 42 12 47
5 9 1 28 3 42 4 11 5 14 8 44 9 35 10 26 12 29 13 44 4 4 32 6 43 15 42 16 24 9 1 26 3 44 9 12 11 36 12 40 14 30 15 40 16 15 17 21 5 3 15 7 15 10 20 13 42 16 41 6 5 35 6 47 8 40 12 50 13 13 14 27
3 2 8 17 12 26 3 4 37 12 12 14 41 10 4 31 5 34 6 32 8 16 9 39 11 47 12 35 13 21 14 28 16 50
6 2 10 49 14 34 8 1 38 5 42 7 29 8 19 9 14 10 38 15 10 18 19 10 3 44 4 44 5 18 6 10 7 42 10 46 11 24 13 27 15 44 17 35 10 2 43 3 38 5 48 7 46 8 14 13 37 14 11 15 49 17 14 18 15 6 3 25 4 32 7 48 10 50 12 20 13 23 8 1 21 4 25 6 12 7 26 8 30 12 45 16 42 17 16
6 8 1 19 5 26 6 17 8 49 11 16 13 37 14 30 16 12 5 1 36 9 35 10 14 13 40 18 40 3 5 48 9 44 17 46 10 1 38 2 27 3 36 5 43 8 16 9 24 11 30 13 49 14 21 18 35 8 7 45 8 38 9 29 10 42 12 34 14 46 15 29 17 15 7 1 17 2 49 9 18 11 48 13 21 16 13 18 40
7 7 2 15 6 37 8 13 13 24 14 48 16 44 18 45 8 3 16 4 42 7 47 11 26 12 30 14 33 16 48 18 13 8 1 29 2 18 10 29 11 43 13 47 14 26 16 21 17 13 6 9 49 12 37 13 37 16 41 17 36 18 13 7 1 30 5 37 6 33 9 41 13 38 14 31 18 44 2 10 30 15 24 5 1 33 3 26 4 35 14 34 17 18
3 4 1 16 10 35 11 50 14 31 7 1 21 2 17 3 21 7 19 8 28 11 21 12 38 8 3 14 6 34 7 11 10 16 13 15 16 21 17 27 18 16
5 3 9 44 12 43 17 50 8 1 40 2 41 7 45 8 18 9 22 10 15 17 21 18 46 7 1 26 3 20 7 50 8 37 9 14 12 19 15 17 4 2 40 4 31 7 24 9 37 7 2 33 3 26 6 42 9 21 11 29 13 18 15 17
6 10 1 26 5 29 6 33 7 28 8 39 11 31 14 19 15 22 16 14 17 17 4 5 44 7 49 15 41 17 49 3 13 23 15 25 18 28 4 1 45 4 44 6 34 16 20 3 1 44 12 13 16 14 8 1 34 2 48 4 24 6 30 8 44 9 42 11 19 12 27
3 5 1 50 8 16 10 42 11 14 15 35 9 2 26 3 26 5 33 6 26 7 26 9 37 10 13 16 44 17 23 10 1 30 2 25 3 48 4 17 8 19 9 44 10 39 12 42 15 42 16 26
6 10 1 40 5 47 6 18 10 40 12 16 13 27 14 38 15 18 16 26 18 34 5 2 21 3 27 5 18 12 23 13 45 5 4 16 6 19 8 17 10 45 15 41 2 6 46 13 23 4 2 46 12 45 17 23 18 20 4 1 21 2 24 4 21 18 10
8 2 3 34 17 39 8 1 45 2 40 4 34 9 17 10 10 11 45 13 15 15 28 5 1 25 3 45 5 28 12 30 13 25 3 2 27 16 36 17 45 4 7 47 10 30 11 16 18 12 2 1 39 7 35 4 1 47 6 34 9 38 12 14 7 1 27 2 15 7 14 11 10 13 35 14 33 15 29
6 3 3 10 8 38 10 44 7 1 43 4 49 8 10 9 33 10 45 13 22 17 37 8 3 46 7 49 9 35 10 20 15 34 16 48 17 39 18 10 10 2 33 4 11 8 33 9 47 11 37 12 21 13 33 14 39 15 14 18 46 9 1 39 2 50 3 43 6 46 7 45 8 21 13 34 15 10 17 29 3 1 18 12 14 18 39
5 7 2 28 8 15 11 18 13 41 14 28 17 34 18 48 4 3 15 4 48 5 47 16 35 4 3 19 6 48 9 40 14 31 10 2 16 3 45 5 32 6 28 12 33 13 41 14 12 15 30 17 37 18 42 4 1 33 5 41 14 10 17 46
4 2 2 50 3 35 5 1 20 8 23 9 18 11 27 14 40 4 6 27 11 10 15 13 17 15 9 3 15 4 18 5 36 6 14 8 34 12 44 14 33 17 10 18 40
7 3 2 15 12 17 18 46 7 1 15 2 30 6 21 11 37 13 15 15 12 16 33 5 1 12 2 39 4 14 5 37 15 47 7 1 42 2 46 5 29 11 45 12 30 16 28 18 24 4 10 45 14 46 15 23 17 36 7 2 15 5 49 7 42 8 19 9 40 13 22 17 29 10 1 49 3 35 5 24 6 21 7 14 9 39 13 28 15 23 16 33 18 38
7 6 3 43 7 13 8 35 11 27 14 44 17 37 2 14 22 15 47 10 3 30 4 24 5 34 8 50 9 29 10 35 13 18 14 44 15 13 17 31 7 1 35 2 33 5 38 12 49 15 31 16 32 17 15 7 1 48 3 12 6 44 7 31 10 30 12 16 13 12 9 1 42 2 34 4 16 8 48 10 11 12 19 13 31 15 28 16 38 8 1 33 2 24 6 30 7 27 10 15 11 21 12 10 17 15
5 4 6 46 11 32 13 13 15 10 4 2 17 3 31 6 23 14 21 7 1 41 5 16 8 38 9 22 11 18 15 39 17 48 10 1 35 2 28 4 49 10 23 11 29 12 10 14 23 15 47 17 17 18 10 6 2 12 4 42 5 49 7 28 12 14 15 14
6 10 3 32 4 25 6 33 8 46 9 31 10 19 11 12 13 33 14 34 18 14 2 2 41 14 46 2 1 46 13 37 10 1 42 2 27 3 18 4 23 5 22 8 46 12 28 13 29 14 47 16 33 5 1 34 8 20 13 31 15 30 18 10 5 1 23 2 34 6 30 8 26 12 18
3 8 3 13 4 50 5 21 6 46 8 19 9 24 10 24 17 29 7 1 12 3 36 4 12 10 32 12 25 13 10 16 50 10 1 38 2 24 3 18 4 49 7 10 9 28 10 31 12 39 14 31 18 46
121 80 40 84 39 63 47 148 48 40 136 84 58 122 116 73 93 54 104 93 126 56 69 111 41 77 128 98 99 61 102 116 77 107 47
2 3 2 3 3 1 2 2 2 1 1 3 1 3 3 3 3 1
# Instance ID: 40
# Size type: medium
# Total operations: 186
# Actual flexibility: 0.332
# Generated: 2026-02-07 22:12:21
# Format: Extended Brandimarte format for MOFJSP