92 30
5 8 3 38 4 20 13 27 17 38 19 45 22 49 24 17 26 26 14 1 18 2 13 3 19 6 47 8 42 9 47 12 50 13 32 14 32 20 29 21 43 24 17 26 39 27 21 10 2 26 3 39 5 20 7 15 8 14 10 40 16 26 19 33 22 50 23 37 16 1 38 2 45 3 34 5 26 7 45 10 48 13 38 14 16 15 26 16 25 21 48 24 37 26 36 28 50 29 50 30 12 15 1 22 2 28 3 49 7 10 8 21 13 32 15 40 17 31 18 15 19 13 21 45 22 15 25 47 27 23 29 48
3 18 1 23 2 48 4 44 6 46 8 32 10 28 11 38 12 36 13 48 14 10 19 46 21 27 22 15 23 31 25 43 26 34 28 24 30 16 13 2 27 6 45 8 14 11 25 12 46 14 18 16 47 19 26 22 21 23 43 27 40 28 18 29 41 10 1 41 2 22 3 17 4 50 6 11 10 34 11 33 23 20 24 34 26 40
8 11 1 26 3 14 4 12 8 35 10 18 13 42 14 35 15 26 19 41 27 50 29 48 6 3 34 7 15 16 16 23 26 24 38 27 50 12 4 22 5 49 9 37 10 49 11 27 13 32 14 48 17 16 18 32 27 17 28 14 29 34 5 4 42 8 49 10 38 23 14 27 46 9 1 23 4 41 6 17 8 45 9 48 11 22 13 19 21 39 29 35 10 1 29 5 12 8 16 10 27 12 22 14 35 15 37 17 26 24 26 30 37 13 1 14 2 42 5 46 6 24 9 25 12 17 13 48 14 26 15 38 21 18 26 25 27 31 28 20 18 2 31 3 14 4 34 5 42 8 34 9 19 10 17 13 19 16 29 17 24 20 46 21 13 23 50 24 43 25 17 27 32 28 48 29 39
5 14 3 21 4 46 5 35 7 44 9 48 11 28 18 32 20 41 21 18 22 47 23 49 26 42 28 38 30 20 15 1 22 3 18 4 49 5 11 11 46 13 39 15 17 16 25 17 38 18 50 20 23 22 45 25 44 27 27 28 48 9 7 28 8 48 9 41 11 21 17 40 18 39 22 46 26 15 30 23 8 2 34 5 14 8 35 10 40 12 34 18 26 19 31 28 36 12 10 42 12 35 13 25 15 27 16 12 18 32 20 44 21 19 24 49 25 12 28 49 30 39
5 4 10 37 21 43 24 23 28 21 6 7 28 12 41 15 15 19 29 22 32 25 31 18 1 22 2 40 4 11 8 38 9 27 10 22 12 27 13 42 14 38 15 32 18 12 19 11 21 21 22 46 23 42 26 13 27 48 30 36 9 2 34 3 42 6 30 10 15 11 37 19 22 22 32 24 41 29 41 6 1 42 4 44 15 25 17 36 19 15 20 37
4 8 8 18 12 14 13 35 18 15 20 17 22 48 27 46 29 31 12 3 12 5 44 6 25 9 13 15 13 17 11 18 40 21 33 22 25 23 40 25 15 30 28 6 2 25 6 37 13 20 16 35 20 27 24 27 7 5 31 8 32 15 40 17 26 18 47 27 18 29 34
4 16 1 12 2 42 4 38 5 33 6 32 7 14 8 41 14 24 15 46 16 48 20 18 22 12 24 30 25 14 28 41 30 39 5 15 26 17 48 18 26 29 26 30 21 7 2 40 3 25 4 16 9 49 17 16 21 47 30 38 9 1 27 6 32 8 37 13 47 14 45 16 38 17 36 24 23 25 28
4 12 2 11 5 43 7 31 9 49 11 24 13 45 15 45 21 41 23 12 24 32 27 37 29 41 10 1 25 2 25 6 15 7 18 9 20 15 38 17 45 22 13 26 42 28 15 4 15 13 17 22 18 29 26 27 8 2 24 7 28 15 32 16 22 17 35 21 30 24 24 30 30
8 13 1 32 7 12 11 30 13 20 17 35 18 42 19 36 22 36 23 41 24 34 28 33 29 36 30 27 4 1 23 13 11 19 25 29 39 8 1 24 2 49 14 18 21 27 24 48 25 27 29 45 30 27 4 4 22 8 40 17 39 21 27 6 6 30 9 15 17 38 18 50 26 41 29 33 10 9 17 11 44 13 15 14 34 17 31 18 26 19 37 23 25 27 34 30 42 15 2 41 3 34 5 15 6 34 9 32 10 32 11 25 12 18 13 21 15 50 20 35 25 37 26 26 29 21 30 37 15 3 10 4 30 5 40 8 10 11 31 13 46 14 16 15 40 19 42 22 50 23 41 25 36 26 36 28 50 29 23
4 8 5 42 6 25 7 32 8 37 18 20 22 41 26 23 28 40 5 3 19 17 10 19 35 22 10 27 28 9 1 23 6 13 10 14 14 15 17 23 20 28 21 44 25 20 27 36 9 3 27 5 42 7 14 11 46 15 31 18 40 21 16 24 29 26 35
7 7 1 32 7 20 11 50 16 46 20 39 28 13 30 48 10 1 23 3 20 5 47 7 40 8 36 11 49 15 16 16 17 17 25 26 16 12 5 42 8 25 9 45 12 15 13 36 15 29 18 32 20 24 23 40 25 35 28 37 29 17 8 2 29 3 21 4 33 8 44 16 41 18 15 23 16 28 36 18 2 29 4 19 5 11 6 36 7 34 9 38 10 16 11 21 12 27 15 49 16 27 18 27 23 24 24 29 25 42 27 30 28 26 29 19 4 19 45 23 50 24 37 25 11 16 6 42 7 14 9 15 10 18 11 22 16 50 17 36 18 20 19 47 21 23 22 44 23 19 24 42 26 43 28 39 30 38
6 11 1 32 4 40 7 26 8 25 11 25 16 47 18 31 23 11 24 22 27 47 28 38 12 1 42 4 42 8 43 9 35 10 35 13 25 15 16 17 43 20 23 26 35 27 40 29 28 10 2 27 7 34 8 39 10 12 19 18 22 41 26 34 27 45 28 10 30 50 10 2 10 7 37 9 49 10 11 16 25 18 30 23 32 25 34 27 27 29 14 10 1 16 2 45 4 49 5 43 6 11 14 23 15 19 19 37 20 23 29 14 4 3 25 26 42 28 45 29 13
3 12 5 22 6 17 13 46 14 16 20 50 21 20 22 21 23 35 24 36 26 38 28 32 29 33 9 7 48 8 49 11 42 16 41 18 25 21 29 24 35 27 44 28 49 18 4 23 5 12 7 25 8 45 9 33 10 26 11 39 14 19 15 43 18 46 20 33 21 49 23 26 25 18 26 17 27 17 28 27 29 31
5 16 1 43 2 15 4 44 5 15 10 26 12 12 13 39 16 18 17 46 18 27 19 45 23 44 24 23 25 14 27 43 30 14 4 2 11 16 33 28 41 29 25 11 4 12 7 47 8 35 9 14 15 47 16 43 17 28 19 25 21 21 25 21 27 11 7 2 25 4 41 6 20 10 41 12 40 18 37 28 25 5 3 25 4 36 11 35 22 33 27 16
7 16 1 14 3 43 4 28 7 38 8 34 9 17 10 20 13 29 14 12 16 34 18 19 20 48 21 23 23 38 24 42 28 47 9 2 47 9 25 10 20 16 13 22 42 23 18 25 44 27 29 30 16 12 4 23 9 35 11 43 14 36 16 26 18 50 19 22 21 36 22 45 27 17 28 19 29 43 5 3 14 7 10 16 30 22 20 24 15 9 3 27 5 19 6 49 7 50 8 48 14 20 16 34 18 26 24 40 10 1 11 2 38 3 50 8 41 11 22 14 11 17 49 20 33 21 31 27 49 15 3 18 4 13 7 28 9 34 11 29 14 28 15 28 16 35 18 18 19 40 21 26 24 14 27 23 28 48 29 41
3 18 1 21 2 29 3 45 8 36 10 22 11 16 12 14 13 25 14 27 15 22 19 24 20 50 23 45 24 15 25 22 27 19 29 10 30 16 10 1 23 5 36 10 44 11 29 13 10 14 35 16 47 24 38 28 20 30 20 9 2 38 3 21 4 34 5 29 6 19 8 41 15 21 21 30 22 14
7 10 2 30 3 23 9 32 13 27 14 25 15 26 16 37 20 48 22 48 25 29 15 1 35 2 22 3 21 11 49 15 19 16 23 17 38 18 22 19 18 22 23 24 32 25 17 26 28 27 19 30 24 15 1 18 6 43 8 22 10 16 11 37 13 45 17 19 22 34 23 45 24 43 25 21 26 40 27 10 29 42 30 36 18 2 15 3 40 4 27 6 50 8 18 9 41 11 26 12 28 13 43 14 47 17 48 18 45 20 44 21 17 22 34 24 45 26 45 27 25 14 1 33 3 35 4 32 6 40 10 37 11 16 12 11 14 45 17 20 23 43 25 43 26 25 28 26 30 37 13 1 19 2 30 7 21 9 36 11 14 12 30 13 46 20 45 24 21 25 34 26 42 27 16 29 13 18 2 34 5 24 6 30 7 23 11 40 12 22 13 18 14 23 17 28 18 21 21 48 22 13 23 11 24 10 25 26 28 41 29 36 30 35
7 13 1 46 2 12 6 46 8 50 9 30 11 20 14 23 15 24 17 34 18 22 20 17 21 26 26 31 8 3 33 6 30 12 16 14 47 21 35 23 41 26 30 27 41 11 2 10 3 11 4 50 6 10 9 37 14 18 17 17 24 45 25 21 27 23 30 33 12 3 43 7 48 8 13 9 29 13 27 14 46 15 31 18 21 19 36 24 34 25 34 29 27 9 2 29 4 42 5 10 14 26 15 12 20 33 22 26 23 16 28 19 11 2 23 7 43 8 28 10 40 12 36 13 21 23 23 24 35 25 19 27 19 29 43 12 2 36 4 48 5 49 8 28 11 25 13 30 15 35 16 48 20 32 21 16 22 24 27 47
5 8 8 38 9 39 10 45 11 40 13 24 15 39 20 14 28 33 6 2 13 7 37 8 18 16 40 21 38 23 19 14 3 41 6 24 8 36 9 31 11 13 13 40 14 23 15 25 16 17 19 26 21 11 27 40 28 26 29 48 16 1 10 2 43 4 37 5 17 6 20 8 11 10 42 14 44 17 31 20 45 22 23 24 13 26 34 28 31 29 35 30 25 7 7 22 12 12 13 18 17 26 23 14 28 44 29 37
6 16 1 30 2 30 4 29 5 49 6 10 7 28 8 41 10 34 11 50 13 37 14 24 15 47 16 12 24 32 29 37 30 32 6 6 48 7 13 11 27 12 22 13 27 19 18 4 12 35 15 34 16 14 29 25 4 1 10 8 16 14 47 28 30 10 3 27 5 41 7 44 9 48 15 22 16 13 18 34 22 46 25 19 26 49 4 11 33 23 28 24 22 29 43
4 5 6 44 12 21 18 47 23 27 24 23 17 1 45 2 32 4 49 6 30 7 42 10 12 11 14 13 22 15 18 16 34 18 27 19 29 23 41 24 23 26 47 27 45 29 26 11 1 16 7 21 10 45 12 33 14 33 16 20 17 38 20 48 21 48 23 22 27 34 10 1 13 4 24 6 15 10 39 12 26 17 42 21 41 22 11 24 28 26 15
8 16 1 47 3 39 6 24 8 23 13 50 15 43 17 15 18 29 20 25 22 30 24 48 26 38 27 22 28 23 29 32 30 15 5 5 15 9 32 11 40 12 38 26 48 6 11 23 18 11 21 46 23 19 29 20 30 37 18 4 32 5 31 6 38 7 48 8 17 9 43 10 13 12 31 13 22 17 23 18 40 19 45 21 30 24 17 25 20 27 19 28 21 30 46 9 7 13 9 10 11 33 14 37 20 17 21 28 24 15 26 12 30 27 17 3 35 6 24 9 10 10 44 11 17 13 18 14 15 15 47 16 37 17 38 18 50 19 25 21 50 27 48 28 40 29 17 30 19 16 1 41 4 12 6 42 7 31 10 15 12 39 13 35 15 38 16 31 17 15 18 35 21 14 22 11 27 18 28 41 30 50 18 1 45 3 19 7 42 8 25 11 36 13 39 14 48 15 36 17 17 18 18 19 10 21 41 22 46 23 33 24 46 26 41 27 11 29 49
6 18 1 25 2 49 3 38 4 21 5 21 6 25 7 27 8 21 9 15 10 30 12 29 16 23 18 44 19 12 22 11 25 39 26 18 28 46 6 7 48 12 43 14 47 15 16 23 28 25 37 12 2 40 4 19 5 33 6 27 9 12 11 16 14 26 20 45 24 37 25 16 27 19 29 38 5 8 48 23 11 24 31 26 22 30 36 6 3 24 14 30 15 23 16 43 26 47 29 48 4 13 47 19 32 21 46 25 28
8 14 1 37 2 32 5 35 8 15 10 15 11 42 13 38 15 26 18 13 19 40 20 26 26 49 28 47 29 14 16 1 24 4 30 7 11 10 40 12 12 13 17 15 50 19 49 20 20 24 47 25 33 26 10 27 50 28 32 29 12 30 43 10 1 12 3 28 4 50 12 50 13 49 14 22 20 46 23 43 26 13 30 32 4 3 43 6 30 10 17 26 18 4 8 19 13 37 21 31 27 24 7 8 26 10 21 11 10 13 38 14 33 19 28 28 19 17 2 39 3 19 5 45 6 31 8 37 9 10 10 11 11 41 12 24 13 44 14 44 17 49 19 30 23 11 24 17 27 45 30 10 18 1 50 2 33 3 42 4 18 5 18 7 43 10 19 11 30 12 42 14 32 19 39 22 38 25 10 26 20 27 46 28 45 29 50 30 12
5 11 1 42 4 33 5 34 12 19 14 31 20 30 21 43 23 14 24 25 25 36 27 34 10 2 19 3 27 15 33 18 48 20 33 21 30 25 19 27 16 28 18 30 18 5 11 22 12 16 13 27 22 26 28 11 8 9 30 11 37 14 20 15 34 16 49 17 17 22 28 26 21 15 1 16 4 15 5 13 6 44 8 16 11 20 13 22 15 27 16 44 18 48 19 25 21 21 23 23 26 34 28 28
5 14 1 45 3 13 4 40 11 48 14 28 15 35 17 36 18 17 20 24 21 13 22 22 25 11 29 25 30 32 10 1 18 3 11 5 50 6 47 7 33 9 44 11 40 13 35 16 10 21 14 15 2 49 3 24 4 22 6 40 8 18 11 33 12 15 15 23 18 24 21 44 23 37 24 23 25 46 26 49 28 38 9 5 22 7 17 10 18 11 33 14 38 16 23 17 24 18 27 23 12 18 1 25 5 40 6 22 7 12 8 13 10 16 11 36 13 22 14 45 19 44 20 14 21 40 22 41 23 18 24 19 26 10 28 15 29 10
5 14 1 19 3 48 6 33 7 37 8 28 10 37 15 46 16 50 17 28 23 41 24 14 28 25 29 12 30 39 16 1 27 4 45 5 23 6 17 7 21 8 22 9 12 13 35 14 42 17 14 19 21 25 30 26 42 27 40 28 43 30 17 14 2 34 3 12 4 36 5 16 6 28 11 21 14 26 16 30 18 45 21 37 22 27 25 15 26 28 29 31 15 3 11 6 38 7 38 8 23 10 39 15 33 17 23 18 29 20 41 23 27 24 39 25 27 27 34 28 29 30 10 6 1 29 7 15 12 18 21 17 27 20 28 29
3 6 7 48 11 50 17 26 21 35 25 14 29 13 14 1 24 2 32 4 38 5 46 8 16 9 11 13 10 14 50 16 22 21 22 23 16 26 35 28 38 30 33 18 1 14 2 35 4 33 5 42 6 33 11 30 13 41 15 38 16 32 17 29 19 27 20 45 23 17 24 50 25 34 26 12 29 38 30 15
8 11 3 48 6 33 7 27 12 49 14 22 15 13 19 28 24 13 25 37 26 28 30 45 16 1 40 3 26 4 28 5 49 7 27 8 12 9 17 13 25 15 34 16 15 17 36 19 12 20 39 23 30 24 46 28 49 5 1 11 2 14 4 19 26 44 27 23 14 2 50 5 13 6 29 8 24 12 42 13 47 14 50 15 32 18 13 22 13 24 31 27 27 28 14 29 24 5 11 17 13 19 15 12 17 32 23 13 5 5 15 7 24 16 19 22 11 29 48 4 10 34 13 17 25 18 27 49 10 3 14 4 36 8 18 12 36 13 41 16 45 19 18 23 15 27 27 28 32
6 14 2 16 4 45 6 50 10 34 11 14 12 25 13 29 14 38 15 14 17 41 23 35 24 50 29 15 30 22 17 7 37 8 20 9 35 10 32 12 47 14 17 15 17 16 40 18 48 19 49 20 34 24 22 25 46 27 15 28 14 29 41 30 48 6 7 24 17 27 18 11 21 21 23 50 26 33 12 1 18 6 17 7 10 8 43 13 39 14 25 15 40 17 38 18 29 20 21 29 28 30 29 16 1 24 2 12 5 31 8 39 9 48 10 34 11 29 13 24 14 45 15 45 16 38 17 22 19 23 25 28 26 34 29 20 6 5 44 9 39 10 20 13 20 23 24 27 16
6 18 1 11 3 29 4 48 6 32 7 22 9 37 10 28 11 13 14 25 17 32 19 20 21 38 24 12 25 23 26 50 27 20 28 10 30 22 10 3 25 5 42 8 27 13 21 18 28 19 44 21 15 24 19 26 13 27 10 12 3 42 5 15 6 11 8 45 9 32 12 12 14 12 17 12 19 48 20 16 24 48 29 41 10 2 47 4 41 7 15 10 15 11 17 12 39 15 10 20 44 25 41 26 45 15 5 30 8 12 9 50 10 34 11 22 13 27 14 26 15 39 16 10 17 47 22 27 25 28 26 29 28 21 30 41 8 2 13 4 34 9 17 10 46 13 20 14 12 16 42 25 50
7 8 2 25 3 44 5 41 23 37 25 38 26 23 27 44 28 29 6 3 16 10 19 13 18 17 25 19 47 24 16 12 2 28 4 12 5 20 8 49 10 21 12 35 14 34 22 41 24 23 27 16 28 37 29 38 12 1 33 3 26 7 18 8 24 9 47 10 39 12 19 15 42 16 10 21 16 26 45 27 41 4 6 42 11 26 24 32 27 24 14 2 48 3 43 4 20 7 47 9 42 12 14 15 50 17 10 18 42 20 35 25 12 27 29 29 27 30 50 18 2 23 3 25 4 39 5 16 6 30 8 47 9 40 11 26 12 24 13 24 14 22 17 29 18 23 19 27 21 14 25 17 26 50 28 42
7 6 4 27 12 44 21 35 24 26 27 11 30 19 6 2 19 8 19 9 10 17 29 19 43 21 38 6 8 49 10 28 15 22 17 32 21 45 22 34 17 2 44 3 35 4 33 5 46 8 43 9 32 10 29 15 14 16 41 18 23 20 21 21 22 23 28 25 20 26 31 27 17 29 22 12 3 49 4 26 7 20 11 35 14 19 15 12 21 50 24 50 26 37 27 16 29 46 30 28 16 1 14 6 18 8 28 9 27 10 41 11 43 12 45 14 28 15 23 17 13 18 11 24 31 26 11 27 39 28 50 30 22 9 5 47 6 31 7 40 9 48 10 39 11 45 20 34 26 50 30 17
7 6 1 26 2 18 7 20 13 20 18 33 25 34 6 9 40 13 30 16 14 23 35 24 35 27 36 7 1 16 3 37 4 20 5 29 8 27 16 20 22 14 10 1 10 2 50 3 29 13 13 14 44 15 22 19 46 22 22 24 37 29 35 14 2 50 5 40 7 17 11 12 13 23 14 31 17 50 18 31 20 45 21 27 23 32 25 23 28 41 29 41 14 1 18 3 17 4 25 5 32 8 42 9 44 10 41 12 11 15 26 16 23 19 19 26 12 27 44 29 11 15 2 37 9 40 11 22 14 22 17 27 18 33 19 47 20 42 22 26 24 12 25 40 26 16 27 39 28 30 29 20
5 8 8 31 14 11 15 19 18 10 20 10 24 30 26 21 28 47 9 6 31 9 44 10 37 13 17 21 22 22 27 26 39 27 34 30 14 16 1 32 3 22 4 45 5 43 6 10 8 35 10 39 11 40 17 19 20 20 24 29 25 22 26 24 27 46 28 10 29 35 13 1 14 3 18 4 45 6 24 8 24 10 40 11 11 21 38 24 49 25 13 28 12 29 23 30 13 6 6 23 9 16 15 35 19 35 21 25 30 19
6 18 1 19 3 42 5 10 6 22 8 14 9 18 10 26 12 23 14 43 16 40 17 13 18 15 22 38 24 35 25 48 28 23 29 17 30 28 4 5 48 9 15 15 48 18 19 13 6 11 7 37 8 19 10 47 12 29 15 18 16 12 19 27 20 50 22 41 25 36 26 23 30 24 4 3 11 6 30 26 17 27 27 8 9 18 17 39 19 41 21 45 22 45 23 33 29 38 30 14 4 4 23 5 46 15 40 25 44
8 16 1 49 4 38 9 13 11 15 12 24 13 50 14 15 15 33 16 11 17 44 18 12 20 37 21 20 22 38 26 20 27 46 11 3 28 5 21 6 24 7 20 10 19 16 23 17 12 22 47 23 50 25 39 28 50 4 3 45 6 18 13 16 23 25 7 5 24 7 36 9 19 15 18 23 22 27 47 30 43 18 1 22 2 28 3 37 5 20 6 49 7 12 8 40 9 31 10 19 13 20 14 38 16 40 19 31 20 43 22 42 24 43 29 38 30 17 8 7 26 8 39 11 48 13 40 19 13 22 22 23 18 30 43 12 2 44 9 50 10 25 11 34 12 40 14 47 19 18 24 13 25 44 26 49 29 28 30 32 10 1 14 4 50 5 45 11 44 16 19 19 37 23 37 24 17 29 40 30 13
5 5 8 32 14 24 21 11 25 10 26 26 14 1 24 6 32 11 48 12 27 14 42 15 20 17 41 18 14 20 34 22 45 23 18 25 14 26 24 28 24 12 4 17 7 22 8 29 9 33 10 40 12 13 13 45 14 16 17 41 18 40 19 30 29 23 8 7 47 8 27 10 30 16 33 20 24 22 11 25 47 28 33 6 4 45 8 10 14 13 16 33 21 36 22 25
3 8 5 45 8 42 9 18 15 31 18 46 23 48 26 40 28 44 9 1 45 4 41 10 48 11 11 12 27 26 42 28 13 29 34 30 12 16 1 31 3 48 5 13 6 29 7 35 8 44 9 28 13 12 15 42 19 46 20 28 22 10 23 49 24 26 26 22 27 26
7 11 9 19 16 36 17 42 19 37 20 19 23 28 24 30 25 43 27 22 28 14 30 28 4 4 38 19 17 21 27 22 40 6 2 47 7 33 8 27 15 50 20 47 25 45 14 2 22 5 40 7 49 8 23 11 21 14 31 15 33 16 26 20 46 22 12 25 26 26 17 29 44 30 29 9 3 49 6 34 7 41 13 38 17 29 19 25 24 26 25 50 29 16 17 1 50 3 48 6 10 7 14 9 24 10 23 11 28 13 24 14 34 15 47 16 29 18 34 21 28 22 32 25 46 26 28 30 26 9 1 39 2 33 4 18 10 12 14 10 15 24 23 29 25 46 29 48
5 15 2 16 3 11 4 44 5 34 6 40 9 19 10 28 11 11 13 23 19 11 20 31 22 26 25 37 29 33 30 45 14 3 47 5 45 8 37 10 22 11 21 14 39 15 23 16 14 17 17 21 50 26 20 27 48 28 45 29 20 14 1 49 4 38 7 10 8 42 9 37 14 24 15 20 17 46 18 32 19 35 20 41 23 31 25 45 27 27 13 4 17 5 50 8 50 9 41 10 21 13 19 16 19 19 45 23 25 26 11 27 29 29 42 30 36 17 4 35 5 21 7 25 8 50 10 28 11 50 12 10 15 20 16 14 17 34 18 26 21 36 22 37 25 38 26 16 28 49 29 25
5 8 5 44 10 18 14 49 18 21 20 21 22 46 28 26 30 24 6 4 14 6 30 15 18 23 23 25 32 28 41 12 1 42 2 18 3 41 4 49 6 49 10 14 11 27 12 10 18 26 25 17 28 45 29 36 15 1 33 2 19 6 36 8 30 10 27 12 34 13 13 17 35 18 41 19 48 21 21 22 36 23 42 26 45 28 42 18 1 30 6 13 8 22 10 38 11 35 12 29 13 41 14 42 17 47 19 17 20 24 21 24 22 49 23 10 24 10 27 40 29 29 30 37
3 6 2 31 4 10 13 36 17 44 19 23 27 33 12 3 26 4 13 7 33 13 25 14 41 16 36 18 38 20 12 23 26 27 15 29 30 30 17 4 3 31 6 19 13 13 29 35
4 18 2 46 3 30 4 35 5 12 6 32 8 36 9 12 10 40 11 25 15 39 17 38 20 15 21 17 23 42 25 44 26 21 27 26 29 20 4 11 17 26 21 28 33 29 25 6 1 26 4 16 5 38 13 24 19 40 21 16 18 1 25 2 26 3 42 4 36 5 22 6 33 9 30 10 38 11 41 12 30 20 26 21 22 23 50 25 39 27 21 28 48 29 30 30 28
6 5 6 30 22 21 23 16 26 15 30 17 16 1 27 2 22 7 42 9 35 12 31 13 21 15 36 17 43 18 28 19 15 23 45 24 37 25 11 26 30 28 22 29 49 4 1 33 2 45 20 27 28 43 16 3 22 4 12 8 45 11 10 12 20 13 31 14 26 17 23 19 39 20 23 21 16 22 35 25 38 26 36 27 49 28 42 11 1 35 4 21 9 30 10 14 11 12 13 27 22 44 23 21 24 42 25 13 26 14 14 6 22 10 10 12 16 13 21 14 23 15 14 16 49 18 46 20 33 23 50 24 35 25 34 26 20 28 35
8 13 1 17 5 46 7 40 9 37 11 32 12 42 13 43 14 35 16 11 19 45 20 17 23 20 24 32 18 2 29 3 13 4 35 6 14 7 33 8 40 9 22 16 37 17 25 18 32 19 36 20 15 21 48 23 12 24 37 26 19 28 44 29 22 16 1 25 2 39 3 33 4 47 8 19 9 37 11 17 13 19 14 37 15 26 17 13 23 26 24 12 26 38 29 47 30 45 6 1 25 7 16 14 31 21 13 22 36 27 50 17 1 20 2 38 3 11 4 43 6 24 7 47 9 39 14 17 15 50 16 31 20 22 21 29 22 42 23 38 25 16 28 22 30 29 17 2 19 3 33 6 41 7 37 10 30 12 10 15 12 18 39 19 27 21 27 22 48 23 16 24 28 25 20 26 21 28 24 30 50 8 2 17 3 38 9 49 11 23 15 21 19 15 23 32 30 28 17 1 45 2 16 4 28 5 45 7 43 9 39 10 14 11 10 14 36 16 47 17 31 18 34 19 21 22 30 23 14 24 29 30 35
4 9 6 25 13 14 17 38 19 40 20 39 22 17 23 43 24 15 25 24 4 4 15 6 21 13 36 24 42 7 4 46 6 37 7 37 9 12 23 12 25 32 29 42 11 8 16 10 16 12 11 19 19 20 47 21 10 22 23 24 35 25 35 28 42 30 27
7 4 10 17 16 49 26 45 27 25 12 4 44 8 14 15 14 16 16 17 23 18 21 19 38 25 45 27 32 28 50 29 45 30 21 5 2 18 3 34 6 19 14 28 30 11 12 1 49 5 44 6 41 10 18 13 29 20 47 22 30 25 42 26 13 27 37 28 48 30 33 7 1 31 2 29 3 17 5 24 7 46 21 22 26 42 9 1 29 7 47 11 16 15 33 16 41 19 30 28 17 29 26 30 10 17 1 34 2 35 4 33 7 32 8 36 9 21 10 15 11 19 13 34 14 16 15 22 16 39 21 15 23 35 25 29 27 11 30 25
5 6 9 50 15 22 18 32 26 39 29 11 30 12 16 2 15 3 27 4 45 9 38 13 23 14 15 15 28 18 37 19 10 21 17 24 13 25 26 26 38 27 33 28 41 30 33 7 1 15 3 40 8 14 10 16 21 12 22 35 26 31 12 5 41 6 31 7 42 12 50 15 33 17 31 18 16 19 18 22 20 26 27 27 28 29 48 8 2 47 16 23 17 27 23 35 24 38 28 28 29 50 30 27
3 17 1 38 6 11 7 27 8 20 10 38 13 44 14 38 16 38 17 17 18 14 20 21 21 39 23 42 24 14 25 34 27 17 28 22 18 2 31 4 39 6 20 7 12 12 11 13 38 14 15 15 50 17 20 18 12 19 42 20 14 21 24 23 25 24 21 27 28 28 17 30 19 9 1 44 4 33 7 22 8 35 10 43 14 16 19 46 24 13 30 47
3 12 3 26 10 41 14 15 15 19 16 33 19 12 23 46 26 25 27 40 28 13 29 12 30 48 5 3 22 4 40 11 40 14 31 24 28 10 2 21 4 42 6 23 7 46 10 36 13 41 18 38 22 33 25 41 29 21
6 18 1 19 2 48 3 25 4 43 6 19 9 24 10 16 12 29 14 14 15 10 18 28 19 34 20 44 21 38 22 16 23 32 29 36 30 15 6 1 38 6 14 14 30 23 33 27 33 28 35 9 1 32 2 37 9 13 11 31 12 39 13 18 15 23 22 34 27 50 8 1 10 5 40 8 37 10 40 16 15 18 29 19 37 20 20 7 4 20 11 20 17 20 21 27 23 44 25 45 29 29 16 2 38 3 37 4 40 6 42 8 45 11 19 12 25 15 32 18 33 19 14 20 24 22 32 24 22 25 21 28 39 30 32
4 13 2 45 3 39 5 42 8 30 10 14 12 29 16 33 17 25 19 42 20 45 22 30 26 21 29 42 7 9 11 13 50 15 47 17 42 21 36 26 25 29 36 18 2 28 4 47 5 12 7 44 9 14 11 39 13 21 15 18 16 33 17 43 19 13 21 22 23 47 24 41 26 18 27 40 28 42 30 17 13 3 30 6 40 7 42 10 26 11 12 13 15 14 23 15 34 19 37 20 18 22 19 29 13 30 37
6 17 1 32 2 24 3 25 6 50 7 41 9 47 11 45 12 11 13 30 16 25 18 12 23 50 24 45 26 15 28 37 29 48 30 30 11 1 48 5 42 7 22 10 13 11 32 15 16 18 18 21 21 22 11 27 35 30 22 18 2 18 3 33 4 50 6 38 8 28 12 35 13 26 15 15 16 32 17 39 18 26 19 44 20 10 21 42 22 34 24 34 29 22 30 15 10 8 31 10 24 12 36 17 17 20 13 21 25 22 44 23 38 25 29 26 45 11 1 12 2 31 4 23 5 25 9 17 10 37 12 28 13 10 20 13 22 39 29 46 18 1 50 3 24 4 43 5 22 10 39 12 47 13 38 14 42 15 32 16 40 17 11 19 42 23 26 24 40 25 13 26 38 28 46 29 38
5 11 1 49 2 33 5 47 10 30 12 24 13 28 15 17 22 13 23 39 25 28 28 29 7 1 17 2 26 6 11 7 15 18 43 21 27 27 17 12 1 46 5 36 6 20 7 29 10 42 12 49 13 41 14 30 19 28 23 42 24 20 25 49 8 4 20 5 36 8 39 10 19 14 27 15 23 17 40 27 15 14 1 16 3 30 6 26 8 28 10 11 13 14 14 29 17 10 18 16 19 31 23 18 26 30 27 13 29 23
6 4 2 35 22 50 24 26 27 34 17 2 34 3 43 4 15 7 14 8 16 9 11 10 28 11 14 13 26 16 31 18 14 21 38 22 29 23 47 24 13 27 36 28 26 16 1 49 2 25 3 14 4 23 7 45 10 47 12 30 14 33 17 38 20 15 22 39 24 48 25 29 26 25 27 36 30 31 9 5 17 7 43 8 10 15 21 20 31 26 12 28 50 29 18 30 19 10 5 16 6 25 10 17 12 19 13 19 18 26 21 23 25 10 27 50 30 26 13 3 21 5 13 7 40 10 14 11 12 13 44 14 26 17 19 21 32 22 34 23 32 29 45 30 47
8 18 2 26 3 20 4 35 5 29 10 43 12 27 13 39 14 36 17 26 18 14 20 39 21 25 23 15 25 27 26 16 27 13 29 42 30 50 12 4 26 6 25 8 28 10 30 12 19 13 29 16 24 17 35 18 42 21 10 26 15 28 41 18 1 32 2 39 6 32 7 14 8 28 9 35 11 49 12 33 15 27 16 34 18 10 19 41 22 35 23 44 27 19 28 22 29 16 30 50 18 2 15 3 24 4 20 5 37 6 48 9 38 10 14 12 40 13 49 14 25 15 21 18 44 22 33 25 42 27 35 28 27 29 21 30 41 17 2 16 3 15 4 18 6 18 8 40 10 29 11 38 13 23 15 14 17 48 20 43 21 40 22 28 23 11 26 35 27 18 29 16 9 3 33 5 31 8 35 16 46 18 31 22 29 23 33 24 38 25 16 16 1 39 2 19 3 19 6 12 8 39 9 11 12 32 13 22 15 26 16 21 17 10 20 19 23 37 24 24 28 28 30 50 13 1 50 2 15 4 20 10 15 11 12 13 24 16 17 17 30 19 30 21 23 22 45 27 22 28 17
3 10 2 20 4 23 6 38 7 40 8 48 12 36 17 29 19 27 25 22 27 49 14 1 24 2 33 3 28 4 42 5 10 6 40 8 14 15 47 16 49 19 47 21 25 24 17 26 49 30 35 16 1 36 2 47 3 15 6 26 8 17 9 23 10 18 11 40 12 11 13 29 16 25 17 48 22 16 26 38 29 47 30 45
3 18 2 34 3 30 4 34 5 22 6 33 7 47 10 41 12 19 16 47 17 23 18 14 20 21 24 22 25 37 26 42 28 47 29 21 30 49 11 3 50 10 28 11 48 13 26 14 48 16 38 17 27 18 35 19 46 21 20 25 25 17 1 10 3 27 7 44 8 47 9 10 10 38 12 19 13 48 15 23 16 16 19 19 20 19 22 42 23 34 25 45 27 23 29 30
7 5 1 26 5 20 21 33 26 36 27 25 8 3 47 4 11 6 47 7 13 10 39 14 47 23 22 25 47 14 1 40 5 35 13 21 15 31 18 46 19 49 20 36 21 21 22 16 23 27 26 48 27 21 29 34 30 15 17 3 22 4 25 6 15 7 48 10 25 11 22 12 25 13 44 14 21 16 29 17 34 18 34 20 11 21 48 23 22 29 41 30 25 16 1 17 2 43 4 36 5 12 6 25 11 19 12 17 14 29 16 29 18 35 21 30 22 26 25 28 26 48 28 48 29 43 15 2 28 3 15 6 19 8 14 10 27 11 33 13 31 16 36 19 36 22 28 23 27 26 33 27 40 28 39 29 19 4 1 11 12 42 18 12 27 26
7 9 5 15 6 30 7 44 9 47 11 48 12 43 17 22 18 18 20 19 8 6 34 7 36 9 35 15 14 18 36 19 11 28 14 30 12 11 1 49 9 47 10 15 12 33 18 40 20 49 21 32 22 35 24 14 26 46 30 30 18 1 27 4 24 5 43 6 42 7 30 9 22 11 42 13 12 16 30 17 22 18 22 20 26 23 23 24 19 25 34 27 31 29 42 30 45 6 4 10 12 50 14 44 16 42 17 32 18 13 17 2 41 3 25 5 33 6 44 12 37 14 38 15 29 16 19 18 43 20 12 22 31 24 43 25 43 26 37 27 46 28 16 30 31 4 1 46 7 15 26 50 28 25
5 11 1 19 2 41 3 22 6 37 8 24 16 39 18 50 20 47 22 24 24 31 28 44 16 3 18 4 18 5 42 8 46 9 19 10 44 11 31 15 12 17 21 18 40 19 27 20 48 22 26 25 13 28 36 29 12 10 2 48 7 34 8 45 15 41 17 36 20 39 25 16 26 21 27 19 30 22 11 1 33 2 40 5 13 6 18 7 37 8 37 12 12 15 40 19 46 21 12 26 21 13 1 17 2 45 3 47 6 20 10 36 13 31 15 13 17 12 18 24 22 49 24 46 26 14 29 33
8 10 4 23 7 30 9 16 10 22 15 47 18 32 22 48 23 19 28 41 29 26 10 1 38 4 15 5 32 7 40 14 15 17 27 18 11 23 35 27 48 28 20 16 4 28 5 48 8 22 10 39 11 34 15 22 16 14 17 22 19 14 23 13 24 44 25 33 26 50 27 32 28 37 29 12 8 3 49 10 29 12 14 13 38 16 40 19 38 22 33 30 44 6 4 27 8 39 11 12 14 21 18 37 28 11 5 2 40 9 27 14 22 18 36 25 47 14 2 15 8 30 9 25 10 12 11 30 12 22 13 43 18 37 21 25 23 40 26 39 28 20 29 33 30 23 15 3 19 6 35 10 41 12 24 14 47 17 11 19 43 20 50 21 37 22 47 23 26 24 24 27 43 29 22 30 41
4 8 2 27 6 12 11 13 12 24 18 50 23 33 28 23 29 19 8 8 23 10 30 11 15 14 35 15 35 17 12 18 41 28 40 7 7 44 13 36 14 44 15 34 17 38 27 16 30 48 18 1 40 3 35 4 41 5 19 6 24 7 20 8 23 14 20 15 46 16 50 17 10 18 39 20 31 21 37 23 43 24 17 25 45 29 45
6 16 2 48 3 21 4 14 7 11 9 49 10 44 11 25 12 13 13 48 14 19 15 28 16 32 18 12 19 10 20 29 25 49 10 2 16 8 35 14 18 16 20 17 20 18 38 19 50 21 13 24 12 28 21 10 3 31 6 13 7 34 8 26 10 35 12 11 14 11 19 15 20 33 29 32 5 1 44 6 46 13 44 14 34 16 30 12 2 33 3 11 8 40 10 34 14 33 17 35 19 40 21 25 23 44 24 32 27 39 29 33 5 3 20 10 20 12 29 15 14 30 27
5 15 1 13 2 27 4 28 7 26 10 16 11 45 19 17 21 39 22 37 23 46 24 24 25 31 26 13 27 45 29 23 15 2 48 6 19 7 11 8 35 11 22 13 44 14 11 16 40 17 35 19 47 21 36 23 49 26 41 28 19 30 48 4 2 25 9 50 13 45 29 29 6 5 24 8 47 14 17 17 35 19 25 26 44 12 1 22 5 38 11 50 13 25 15 31 16 26 17 43 21 34 24 35 26 46 28 16 30 28
7 16 5 25 10 22 11 45 12 41 16 35 17 30 19 50 20 40 21 33 22 45 24 19 25 26 26 11 27 45 29 24 30 26 5 11 23 12 47 17 22 18 34 23 35 4 11 22 12 38 21 42 22 20 18 1 46 3 12 4 33 5 40 8 43 10 47 11 32 12 43 14 26 15 19 17 49 19 31 20 21 23 28 25 49 26 36 28 39 29 20 10 1 31 3 12 4 43 6 25 7 24 13 30 18 11 19 29 20 20 21 32 12 7 22 12 31 13 17 17 14 18 49 21 13 22 23 23 32 25 46 26 22 29 38 30 33 10 3 48 8 25 12 32 13 32 17 37 18 29 22 20 27 49 28 18 30 40
6 16 1 26 3 20 5 29 6 49 7 24 8 48 9 39 10 37 13 43 15 26 18 43 21 26 22 49 27 11 29 12 30 10 10 2 47 5 45 6 49 7 23 13 17 20 29 21 30 22 34 24 37 29 19 9 4 29 6 34 12 31 13 24 17 10 21 15 26 49 27 22 30 44 8 1 32 9 15 10 33 15 20 22 30 23 36 24 34 26 21 12 2 44 3 10 5 29 6 38 7 36 8 38 11 40 12 44 14 25 16 48 17 13 28 15 12 2 13 4 22 7 50 8 28 9 49 10 13 17 21 20 21 23 31 24 31 26 48 29 13
7 15 2 36 3 40 5 47 7 45 8 25 12 20 13 42 16 46 17 16 18 34 19 36 23 15 25 18 27 34 28 43 16 4 39 5 28 6 28 7 29 10 31 11 50 17 36 18 47 19 25 21 33 24 44 25 24 26 33 27 26 28 14 30 13 15 1 16 4 26 6 28 7 29 8 28 14 17 15 13 18 29 19 45 20 36 21 43 24 49 25 11 26 37 27 24 11 2 34 3 30 9 47 13 24 17 39 19 49 23 24 24 10 25 14 28 23 29 16 4 11 16 15 37 23 46 26 48 8 3 45 8 37 11 40 13 29 17 44 19 28 23 38 24 31 12 1 30 3 41 5 10 10 19 11 19 13 28 14 31 16 45 17 32 24 19 25 39 27 41
6 16 1 23 2 22 4 28 8 16 12 20 14 22 16 14 17 32 18 13 19 23 20 25 21 40 25 41 26 40 27 26 30 40 18 1 24 2 14 5 50 7 40 8 39 10 17 14 18 16 19 17 45 19 13 20 29 21 28 22 18 23 27 24 17 26 34 27 36 28 12 16 6 35 7 43 10 24 11 28 12 43 16 21 17 19 19 38 20 40 23 43 24 48 26 22 27 26 28 43 29 26 30 50 7 5 42 7 46 9 13 13 10 28 11 29 16 30 48 4 7 40 18 36 19 15 30 50 14 2 27 5 16 6 10 7 25 8 26 10 32 12 32 13 32 15 13 19 16 23 26 25 31 26 23 27 13
4 14 1 38 2 38 5 25 6 40 7 37 16 30 19 33 21 33 22 12 23 28 25 29 26 35 28 21 30 21 18 1 48 2 47 3 47 7 16 8 21 11 50 12 11 13 18 15 43 16 13 17 20 19 14 20 24 21 21 22 35 24 27 25 10 27 15 15 2 30 3 32 4 12 5 39 8 45 12 37 13 16 14 25 15 13 17 43 18 30 19 42 20 33 21 11 27 13 5 14 46 15 20 22 12 29 47 30 49
5 16 1 22 2 12 5 43 6 46 7 37 10 29 11 37 12 46 15 34 17 21 18 28 20 22 23 27 24 17 25 25 28 26 13 5 49 6 19 10 15 11 37 12 41 18 18 19 18 20 25 22 29 23 11 24 21 25 45 30 39 13 7 18 8 27 11 34 12 34 14 45 15 47 19 35 20 41 21 34 22 14 25 23 28 36 30 15 11 2 30 7 37 8 42 9 39 11 29 14 18 19 49 23 14 25 18 27 47 29 22 4 3 24 7 12 10 15 22 19
6 16 2 27 3 14 4 43 5 40 6 26 11 19 12 48 14 27 16 45 17 45 18 12 19 34 21 27 26 50 28 12 29 35 12 1 29 8 50 9 47 11 33 13 48 18 40 20 48 21 32 22 43 23 20 25 25 28 19 17 1 29 2 44 3 22 5 30 9 33 10 22 11 44 14 15 15 10 16 35 18 37 21 35 22 15 24 21 28 45 29 16 30 34 8 1 35 4 23 6 50 8 30 19 44 22 39 23 46 27 19 17 1 16 3 31 5 18 8 33 11 40 12 28 14 17 18 49 19 21 20 19 21 47 23 15 25 30 26 22 27 27 28 50 30 37 5 3 38 18 43 20 39 26 31 27 45
8 6 7 36 11 21 15 23 22 21 26 34 30 17 4 1 12 6 22 16 17 28 29 16 1 38 2 13 3 46 4 42 6 34 7 17 10 40 11 18 12 48 19 21 23 44 24 43 25 23 26 18 27 18 29 47 12 1 23 2 14 3 49 6 41 8 14 10 40 14 30 15 39 16 35 21 21 24 42 25 23 11 8 38 12 22 13 22 15 31 16 26 20 39 23 19 24 27 25 11 28 14 29 43 13 1 34 3 17 4 31 11 33 12 33 14 22 17 30 18 14 20 25 22 30 23 46 27 20 28 13 11 13 26 14 18 16 41 17 31 19 45 20 28 23 50 24 34 26 35 27 50 29 18 7 5 39 6 44 9 40 10 34 13 15 20 43 26 40
3 4 1 17 12 13 16 47 17 14 7 5 36 7 36 10 29 19 23 26 16 29 19 30 17 12 2 10 3 13 4 48 5 10 9 47 11 44 13 38 17 44 18 34 21 48 22 38 25 20
8 12 1 25 4 33 12 25 15 13 17 26 20 43 21 26 22 40 23 36 26 47 28 41 29 22 13 1 19 4 25 5 33 10 12 13 20 16 46 20 17 23 22 24 50 25 49 26 24 28 13 30 21 16 2 11 3 10 6 47 7 35 8 19 10 15 14 33 15 47 18 50 19 27 23 44 24 12 25 30 28 43 29 37 30 47 5 8 46 11 22 13 50 20 42 21 36 9 2 20 4 49 9 13 13 37 18 31 19 44 21 21 29 44 30 21 5 4 17 8 50 12 35 20 16 30 22 10 1 48 6 20 10 49 11 43 12 26 16 39 18 45 19 22 25 31 27 10 5 8 25 14 22 19 37 20 16 30 30
8 13 2 30 3 34 5 19 6 34 14 37 15 32 16 40 21 44 22 16 23 34 25 33 26 39 27 28 16 1 39 2 13 3 19 4 36 5 35 6 46 9 16 12 48 17 17 19 33 21 41 23 20 24 34 26 31 28 20 29 50 15 4 37 6 44 7 26 9 11 10 12 11 35 12 32 14 44 19 34 20 14 22 31 23 42 26 26 28 24 30 31 12 3 23 4 37 5 41 10 32 17 45 20 12 21 12 22 34 23 36 26 20 27 20 28 41 11 1 18 2 15 3 13 4 31 5 37 6 49 8 12 10 17 16 38 21 16 23 35 17 3 33 4 11 6 21 7 19 8 40 9 44 10 24 11 16 12 17 15 34 17 46 21 31 22 19 23 25 26 33 28 48 30 22 13 1 16 2 18 6 16 8 43 9 38 15 45 19 30 21 28 23 21 25 40 27 10 28 21 30 11 13 1 28 7 25 9 24 10 17 11 37 14 45 15 19 19 11 20 39 23 38 27 43 29 33 30 20
3 16 2 24 4 46 5 39 6 26 7 31 8 12 10 20 11 17 13 28 15 33 16 25 19 16 21 15 22 33 24 46 30 40 8 14 28 16 22 18 49 20 16 21 23 23 21 26 35 27 14 8 1 43 2 24 6 29 9 32 11 14 12 19 20 46 29 16
8 14 2 38 6 27 7 21 11 18 13 30 14 45 16 30 18 23 20 46 21 36 26 25 28 31 29 11 30 19 13 1 38 7 36 9 30 11 18 15 43 16 35 17 45 19 23 21 44 22 26 25 22 27 20 29 27 11 3 24 8 25 9 33 10 11 14 36 17 43 21 46 23 40 26 27 28 28 30 26 10 1 49 4 30 9 30 15 20 18 49 20 44 22 10 25 38 26 15 27 41 18 1 44 3 36 4 28 6 48 7 35 8 29 11 34 12 30 13 43 14 42 15 49 16 29 18 48 19 19 20 14 21 29 23 41 30 33 12 1 50 2 23 6 35 9 49 11 12 13 18 15 33 19 43 20 30 24 31 25 21 26 32 5 4 30 5 28 14 11 19 15 27 38 13 7 12 8 20 9 28 12 14 16 12 17 32 18 20 19 42 20 25 21 33 23 49 24 36 29 25
6 7 2 41 4 21 8 40 9 14 15 26 26 40 30 39 12 1 50 2 43 3 40 4 13 6 28 12 38 13 46 18 22 20 18 23 11 26 11 30 18 15 3 39 5 37 6 10 7 34 8 48 9 25 13 41 14 16 17 20 21 16 22 45 23 24 25 30 26 23 30 44 8 1 45 4 16 6 31 7 17 8 43 14 10 15 27 30 47 18 1 11 2 31 4 45 6 11 7 47 13 48 14 43 16 20 18 34 21 20 22 37 23 36 24 30 25 36 27 45 28 12 29 28 30 19 12 1 34 3 30 7 23 8 27 12 40 14 24 15 43 16 25 18 33 24 21 27 16 30 28
6 14 1 24 2 16 3 12 4 16 8 15 9 20 15 39 17 26 18 41 21 12 23 30 27 28 28 13 29 48 16 2 40 3 48 6 39 9 35 10 16 11 44 12 30 13 40 14 50 15 28 17 25 19 42 21 37 23 36 24 18 26 32 4 6 30 9 15 17 44 25 15 12 3 16 6 27 7 16 8 10 9 12 11 48 17 32 18 39 21 43 26 20 27 47 28 27 15 2 43 3 20 8 39 9 18 11 15 13 31 16 32 20 12 22 22 23 47 24 50 25 37 26 42 27 11 28 17 5 3 39 5 26 14 12 18 34 30 26
6 13 2 18 5 18 6 47 8 26 12 46 13 28 15 33 21 16 22 22 24 50 27 14 29 48 30 44 16 1 21 2 15 3 32 8 35 9 11 10 16 11 23 16 47 17 47 19 26 20 40 21 35 22 31 23 49 27 42 28 27 9 2 20 3 11 6 37 11 44 13 17 15 10 21 36 23 47 25 36 5 7 25 15 28 18 24 25 30 27 40 17 1 13 2 20 3 22 5 43 8 44 9 16 10 23 11 46 15 23 16 38 21 18 22 46 23 48 24 44 26 17 29 45 30 41 10 2 26 3 12 4 48 5 23 6 11 8 36 9 46 17 27 21 44 28 21
3 16 2 26 3 20 5 32 6 29 8 34 9 25 10 24 13 13 15 41 16 18 17 40 22 23 23 14 25 18 27 31 30 37 13 4 20 9 35 10 36 12 50 13 13 20 30 23 24 25 22 26 46 27 20 28 10 29 23 30 24 15 1 28 4 24 7 26 10 18 11 45 13 43 16 16 18 17 19 42 20 29 25 35 26 21 27 47 28 42 30 21
8 4 2 18 4 21 16 44 29 39 5 3 43 10 43 14 41 24 45 25 48 12 1 24 6 49 7 36 8 30 11 28 12 10 16 21 21 39 24 44 27 36 28 31 29 36 4 3 44 9 43 14 15 16 50 5 8 43 10 27 14 15 19 49 26 45 16 1 50 2 15 4 26 7 45 8 44 11 11 12 14 16 47 17 23 19 49 21 27 22 22 25 28 27 48 29 25 30 43 15 3 24 4 32 7 49 8 26 9 37 10 29 11 30 12 40 14 32 16 21 19 37 24 20 25 17 27 50 29 50 7 7 35 16 10 18 19 20 10 22 29 25 17 30 30
3 9 2 36 4 28 8 37 17 24 20 17 21 21 22 14 25 19 27 44 7 1 49 3 13 8 35 21 47 23 19 24 47 27 30 5 5 49 9 10 21 47 22 21 30 50
6 14 1 22 2 14 3 16 5 19 8 47 12 13 17 26 19 39 20 20 22 39 25 10 26 10 27 25 30 16 16 1 42 3 30 6 33 7 33 8 11 9 21 12 28 13 24 17 37 20 12 22 29 23 16 24 16 25 12 28 25 30 38 17 2 40 4 45 5 27 9 29 10 24 11 40 13 34 14 17 18 12 21 47 22 19 24 33 25 46 26 27 27 28 28 33 30 20 12 3 29 4 16 7 33 9 41 15 47 17 16 19 49 21 18 22 47 26 15 27 21 30 37 12 2 49 3 45 4 32 9 14 13 46 15 21 16 16 21 44 23 13 25 27 27 25 29 47 16 4 19 6 24 7 12 9 22 14 33 15 19 16 36 19 10 20 21 21 27 24 42 25 37 27 48 28 34 29 36 30 25
8 14 3 20 5 28 6 16 7 47 8 38 10 31 12 25 13 23 14 18 16 45 17 27 24 12 25 47 29 24 13 1 27 5 15 7 44 8 17 9 34 11 19 12 23 14 10 20 48 23 20 24 38 26 12 27 41 12 1 39 2 20 3 48 13 21 18 26 20 18 21 47 22 46 24 47 27 13 29 34 30 22 15 4 20 6 36 8 42 11 23 14 25 15 15 16 38 17 28 19 24 20 12 21 15 23 41 26 14 27 46 30 48 17 2 37 3 28 10 49 11 21 14 38 16 24 18 11 19 31 21 32 22 47 23 23 24 17 25 49 26 28 27 18 28 36 29 13 14 1 12 4 14 5 36 6 38 12 45 15 11 17 38 18 23 19 48 21 31 22 35 24 50 26 19 29 24 16 2 19 4 38 6 29 9 44 13 32 15 34 16 15 18 24 22 34 23 34 24 20 25 36 27 21 28 45 29 38 30 22 8 3 43 5 18 10 14 13 15 15 19 18 16 19 41 30 42
8 9 1 10 4 19 5 30 13 23 19 20 22 27 23 45 27 28 29 11 9 1 35 4 33 5 13 9 34 16 27 19 44 25 19 28 22 30 41 13 3 20 4 46 6 28 7 15 8 14 12 15 13 36 14 43 16 37 17 34 18 50 23 49 28 43 15 1 49 2 20 3 20 10 41 12 38 14 20 17 44 19 35 20 37 23 25 25 28 26 32 27 50 29 24 30 12 4 2 24 9 17 16 46 27 28 15 4 37 6 38 7 13 8 45 9 27 10 30 11 10 13 27 18 25 19 41 24 22 25 40 26 14 27 18 30 30 10 1 50 3 28 4 44 9 31 16 25 18 16 19 42 23 18 24 29 28 36 16 2 14 3 18 4 36 5 28 7 17 8 32 9 12 12 39 15 49 16 31 17 36 18 41 19 33 23 50 26 50 27 39
7 10 2 42 3 23 4 28 6 20 8 19 11 46 19 42 23 19 25 34 27 48 10 4 38 6 18 9 42 11 16 12 22 17 37 19 18 21 19 27 38 28 37 11 2 22 3 17 6 38 7 47 9 28 11 37 15 19 19 25 22 43 23 25 30 36 14 1 28 3 38 4 29 5 35 7 25 8 48 9 31 10 21 11 26 14 35 16 50 19 34 25 22 27 19 5 1 42 7 10 13 43 25 10 30 38 7 3 23 4 22 11 20 13 39 21 27 22 26 26 48 11 2 46 3 38 4 49 6 12 10 50 12 14 17 27 18 25 21 41 25 25 28 33
7 11 1 11 2 14 4 48 5 20 8 47 9 45 14 43 21 12 22 49 25 19 29 45 12 1 49 2 15 5 42 11 38 12 33 13 49 18 50 23 26 24 34 26 21 27 36 28 14 7 4 44 5 10 6 45 14 15 17 34 26 21 30 16 11 1 31 3 25 5 44 6 27 8 28 10 24 14 37 15 37 24 31 28 19 30 13 8 1 25 4 12 6 50 8 39 13 34 17 49 25 32 29 12 4 6 25 15 23 18 46 29 33 5 1 14 16 26 18 23 21 14 23 21
4 16 4 19 5 27 7 27 10 43 12 35 13 22 17 48 18 50 20 42 21 38 22 40 23 16 26 30 27 34 28 31 29 17 4 2 17 25 43 27 10 29 24 9 3 27 5 11 6 46 11 24 14 44 16 25 23 32 24 18 27 41 17 1 15 3 21 5 30 7 35 11 19 13 26 15 42 16 38 17 43 18 14 19 48 20 48 22 22 25 32 27 40 28 20 29 32
5 10 1 20 2 22 4 44 5 14 8 47 11 35 16 21 17 37 22 22 26 24 10 7 38 9 25 12 25 15 34 16 20 17 23 22 28 24 21 25 50 29 32 18 1 39 5 23 6 45 7 18 9 28 11 11 12 38 13 47 14 22 15 34 18 31 19 21 20 42 22 48 25 47 28 42 29 44 30 33 18 2 49 6 17 7 11 8 27 11 18 12 45 13 30 14 30 16 41 19 49 21 45 22 40 23 22 25 19 26 17 28 35 29 19 30 45 6 1 12 7 24 18 33 22 33 26 49 27 45
84 53 130 63 71 50 77 71 117 67 123 119 40 91 87 55 130 133 89 113 73 150 90 108 63 82 78 57 111 76 118 120 121 107 95 75 117 60 48 101 79 94 50 79 73 159 71 87 92 50 42 107 61 91 71 86 114 37 40 139 102 71 155 77 118 97 90 102 109 95 51 74 85 133 55 143 143 47 154 119 92 90 53 125 37 95 153 150 118 121 68 90
2 1 3 1 2 1 3 3 3 2 2 2 1 2 2 2 3 2 3 3 3 2 3 2 3 3 1 3 1 3
# Instance ID: 74
# Size type: large
# Total operations: 517
# Actual flexibility: 0.368
# Generated: 2026-02-07 22:12:21
# Format: Extended Brandimarte format for MOFJSP