80 30
6 10 2 34 4 25 6 11 14 27 15 11 19 49 21 39 22 11 23 31 26 49 12 1 22 2 24 5 39 6 20 10 46 12 22 16 35 19 20 20 41 24 18 25 25 26 21 10 1 34 4 48 7 14 8 49 10 44 13 49 14 11 16 44 26 49 27 41 10 4 48 7 42 9 16 11 22 14 19 16 11 19 27 22 24 25 16 29 22 14 1 28 2 47 6 17 7 50 8 16 11 30 13 18 15 27 21 29 25 19 26 22 27 13 29 43 30 34 8 1 48 10 18 12 46 13 47 15 37 20 28 27 23 29 26
3 18 3 48 4 42 6 28 7 37 8 37 10 26 14 34 15 44 16 37 18 42 19 22 20 10 23 40 24 35 25 30 26 28 27 35 29 31 15 8 36 10 48 11 44 12 47 13 26 14 39 17 25 18 39 21 37 22 37 23 34 25 11 27 14 28 48 29 35 4 7 19 10 34 14 38 19 25
7 4 10 16 11 38 21 49 25 25 12 3 31 5 33 7 46 8 24 11 33 12 16 15 10 16 30 17 41 18 22 23 43 26 37 13 1 25 3 12 6 39 12 35 14 21 15 50 18 33 19 42 21 16 22 47 23 23 26 25 27 35 16 1 35 3 24 5 29 7 45 8 19 9 35 10 31 16 12 19 38 20 43 21 37 22 24 25 36 26 37 27 29 30 46 8 2 26 3 39 8 41 9 25 10 30 17 44 19 47 29 22 11 1 37 6 41 10 23 14 32 18 20 20 24 23 48 24 31 25 12 27 32 29 46 9 6 25 7 17 8 27 12 30 19 24 23 36 24 31 27 37 28 12
7 18 1 30 3 35 4 42 5 15 6 44 7 30 8 22 12 17 13 14 15 43 16 25 17 18 21 41 22 28 24 32 26 32 27 22 30 50 13 3 17 4 39 7 26 9 46 11 16 13 17 14 45 15 26 21 31 25 14 27 18 28 44 30 45 5 3 46 8 47 12 23 14 47 21 16 16 2 15 3 24 4 47 5 49 6 21 8 21 10 31 12 40 16 44 17 32 18 48 19 27 20 27 22 36 23 50 28 38 16 2 16 5 25 6 22 11 41 12 23 13 24 15 33 16 49 17 48 20 10 21 28 22 27 23 46 24 29 26 44 27 37 7 2 48 8 34 16 27 24 40 26 21 29 47 30 31 11 2 50 8 31 15 42 16 31 17 36 19 43 20 14 21 17 28 48 29 38 30 33
3 5 13 50 16 18 20 48 24 29 28 32 11 3 15 9 13 12 32 13 31 15 20 20 46 22 47 23 39 25 48 27 48 29 17 17 1 42 2 34 3 49 5 40 6 25 7 19 8 19 9 26 15 15 16 50 20 43 23 23 24 47 25 30 26 45 28 29 29 18
5 7 1 36 4 27 6 46 9 17 12 49 19 22 24 14 4 12 20 20 39 21 24 24 16 5 13 17 18 32 26 46 27 32 30 14 7 2 20 8 37 15 45 16 46 21 13 25 48 28 28 8 2 30 8 19 11 45 16 32 17 40 19 39 21 34 26 32
3 9 3 43 4 43 6 36 10 45 13 23 20 14 21 28 23 37 30 39 15 1 47 3 31 5 28 7 43 12 27 14 37 16 29 19 25 20 17 24 34 25 18 26 48 27 28 29 27 30 40 18 2 49 3 18 5 24 6 34 9 21 11 47 13 47 14 19 15 18 16 47 17 12 19 11 21 41 24 24 25 12 27 22 29 22 30 41
7 15 3 26 4 37 6 38 9 50 10 42 11 31 12 41 14 33 16 50 19 12 20 29 21 45 22 35 27 10 30 46 15 1 32 2 49 4 37 6 31 7 45 10 22 12 33 15 24 18 11 20 15 21 11 23 46 24 50 25 10 30 37 9 2 18 3 32 4 11 7 42 9 29 11 20 14 22 21 27 29 41 15 2 16 3 11 5 49 7 32 10 10 12 34 15 12 16 10 17 46 19 21 21 39 23 25 24 47 25 20 28 10 15 1 36 9 21 12 16 14 32 15 29 16 20 17 28 19 20 20 35 21 29 22 29 23 29 24 33 25 15 29 47 17 3 19 5 45 7 50 8 37 10 10 11 32 12 29 13 30 15 50 16 26 17 14 19 41 21 12 22 22 23 17 28 12 29 39 6 2 31 4 23 10 47 17 18 18 19 27 47
5 12 4 50 6 26 7 21 9 46 10 14 12 11 19 13 22 19 24 28 25 34 26 14 30 44 16 2 20 5 43 6 45 7 40 9 11 11 33 13 38 17 25 18 26 20 34 21 33 22 28 23 38 25 30 28 46 30 18 6 3 18 4 25 5 13 7 16 10 19 20 16 14 1 18 3 29 5 50 7 14 8 22 12 37 13 14 15 13 19 19 21 16 24 29 25 35 26 16 30 24 16 1 21 3 17 4 39 5 27 6 42 7 38 11 14 14 22 15 17 17 33 18 17 19 34 21 14 26 28 29 19 30 11
5 18 1 41 2 40 3 43 4 30 5 36 6 10 8 10 11 28 16 22 17 11 18 42 19 38 23 45 24 35 26 16 28 12 29 24 30 12 14 1 47 4 25 10 13 11 38 12 17 13 26 15 15 17 14 19 44 20 32 23 20 24 12 27 35 30 26 17 1 17 2 24 5 14 9 23 10 40 11 42 12 47 13 19 16 26 17 12 19 19 20 41 22 40 24 37 25 15 26 21 27 44 6 2 43 6 49 17 37 21 36 29 28 30 14 12 2 43 3 16 5 33 14 10 15 22 16 31 17 46 19 36 24 48 26 18 28 26 30 29
3 12 1 34 8 19 10 38 12 49 14 42 18 21 21 41 23 24 26 30 28 25 29 39 30 21 16 1 26 2 19 4 22 6 30 7 14 9 30 10 39 13 42 16 40 20 23 21 25 24 16 26 27 27 42 29 40 30 38 8 3 49 5 43 11 22 13 45 17 15 18 27 22 35 30 45
7 13 3 21 4 35 7 25 10 34 11 16 13 25 14 18 17 38 23 13 25 16 26 45 28 46 29 21 8 8 44 11 32 12 19 16 38 18 14 20 44 24 22 25 19 11 1 19 4 42 7 44 8 44 9 33 11 29 13 44 14 42 16 37 17 25 18 11 6 5 36 12 28 13 17 20 42 26 39 30 26 15 9 48 10 29 11 33 12 31 14 23 16 44 17 15 19 16 20 22 21 47 23 20 24 12 27 40 29 36 30 19 4 7 48 25 31 26 20 28 34 17 1 44 3 27 6 50 9 42 10 35 12 34 13 27 15 37 16 16 18 38 20 27 21 28 22 22 24 45 25 35 26 23 30 22
6 7 3 30 8 24 9 35 15 28 18 33 22 21 29 31 9 2 32 7 37 11 30 14 28 21 41 24 31 25 27 27 23 30 23 8 7 27 10 49 12 23 21 29 25 50 26 14 28 43 29 35 7 9 50 10 33 12 15 19 44 22 22 24 40 28 26 15 1 49 2 29 6 38 7 44 9 28 10 46 13 12 14 45 15 42 18 18 20 19 25 39 26 19 27 47 30 41 8 2 35 9 34 23 34 25 22 26 39 28 35 29 48 30 16
7 5 4 13 12 22 13 20 14 48 17 29 15 2 19 4 50 8 46 9 47 12 41 15 33 16 30 17 44 19 12 22 40 23 31 24 22 25 41 29 32 30 50 11 4 20 6 31 8 18 9 12 12 34 13 27 14 26 19 44 26 22 27 16 28 13 11 3 47 6 26 9 46 10 14 11 43 13 10 15 28 22 31 24 10 25 15 29 46 7 2 15 3 46 5 11 10 49 12 48 15 13 24 31 6 7 43 12 41 19 46 20 28 23 26 29 30 6 4 34 5 32 7 27 16 41 17 22 30 18
4 18 1 33 3 50 6 40 8 24 9 37 14 28 16 37 18 41 20 40 21 36 22 23 23 11 24 19 25 31 26 17 27 26 28 40 29 25 18 2 13 4 17 8 17 10 19 11 27 12 34 13 40 14 46 17 15 18 34 19 16 20 23 22 21 25 47 26 10 27 23 28 37 29 23 8 2 13 9 35 13 12 14 35 21 12 22 25 29 21 30 44 11 1 23 2 47 6 47 8 22 9 31 10 25 11 27 14 12 22 46 23 14 28 28
8 4 15 27 17 26 24 24 30 48 9 6 20 8 31 9 32 12 41 20 43 22 26 25 13 26 38 29 17 17 1 14 3 31 6 15 9 18 10 18 12 34 14 18 15 16 16 43 18 43 19 17 20 13 22 19 23 47 26 48 27 45 29 11 4 11 12 17 12 21 30 30 38 14 5 14 8 44 9 12 10 43 12 16 13 37 15 41 16 48 17 34 21 45 23 40 25 41 26 16 27 23 11 3 42 4 34 5 34 12 33 13 38 14 33 18 37 22 22 24 37 28 46 30 46 14 2 27 3 16 4 12 5 25 6 27 10 45 15 23 16 20 17 11 18 43 19 39 28 20 29 10 30 45 10 1 18 4 24 5 39 8 24 9 26 10 36 15 23 20 30 24 42 28 40
6 6 4 28 22 12 23 40 24 21 25 23 30 26 5 12 36 13 10 16 48 19 13 24 14 4 4 41 11 39 26 24 27 34 6 4 30 5 14 12 17 15 34 22 12 25 38 18 2 11 3 36 4 22 5 18 6 34 7 42 8 21 11 13 12 16 14 40 15 12 18 32 19 47 20 13 23 27 24 12 26 22 30 21 4 12 49 13 20 22 14 29 30
5 5 2 43 13 26 21 22 24 30 29 30 9 6 22 9 32 11 44 12 49 13 31 19 24 23 19 25 35 26 30 17 1 37 4 20 5 49 6 26 7 17 8 10 9 46 10 43 12 24 13 23 14 14 15 10 18 19 20 14 21 35 26 17 28 27 13 2 33 4 37 6 25 8 35 9 13 10 26 12 18 15 31 17 38 23 45 24 13 26 26 27 48 11 2 29 3 28 5 45 7 40 9 43 10 29 14 39 22 48 23 29 24 24 25 42
6 11 1 44 5 27 8 12 12 31 13 10 15 12 16 12 22 27 27 25 28 46 30 41 16 2 14 3 26 4 37 9 14 10 45 11 20 13 12 15 32 18 39 20 22 21 29 23 38 24 14 25 43 28 41 30 20 4 7 36 9 23 22 27 23 29 10 1 48 5 35 14 49 16 29 18 25 20 13 23 39 25 27 27 43 28 42 16 3 38 4 28 5 14 8 29 10 16 13 25 16 11 18 47 19 13 21 27 23 29 25 27 26 11 27 19 28 45 29 11 17 1 34 2 13 4 11 8 20 9 22 10 31 11 33 12 40 15 22 16 21 17 49 23 33 24 36 25 35 27 39 29 17 30 45
5 12 1 16 3 43 4 37 7 40 8 31 9 47 10 39 14 49 17 47 21 13 27 27 29 38 15 4 19 6 12 7 44 8 22 10 30 14 13 15 37 16 48 19 23 23 25 26 27 27 10 28 45 29 32 30 15 12 1 49 2 30 3 33 4 13 9 33 10 46 11 14 13 30 16 48 20 40 27 45 30 12 4 3 11 5 47 10 39 20 28 13 2 40 3 26 6 14 7 41 11 11 12 14 14 17 15 45 17 43 19 43 21 19 28 34 30 25
5 4 13 49 17 22 28 22 30 26 4 7 47 15 44 25 46 27 34 5 2 43 11 22 12 42 26 12 29 19 4 10 15 17 24 23 39 28 17 6 6 31 11 12 14 36 20 43 21 42 27 42
6 14 1 49 2 11 5 15 6 24 8 49 9 43 14 31 15 44 17 39 19 50 20 20 27 23 29 44 30 15 8 1 50 8 21 9 20 14 15 16 32 23 24 25 39 26 24 15 1 29 3 35 4 17 6 19 7 26 10 16 11 10 13 25 14 27 16 40 20 20 22 42 26 10 27 47 30 47 13 2 17 3 39 6 37 7 22 8 43 9 22 15 25 16 24 18 34 24 45 27 25 29 47 30 27 6 1 26 2 26 3 46 14 42 17 19 19 32 15 2 12 6 16 9 38 12 29 13 11 17 36 18 50 19 24 20 24 24 42 26 39 27 39 28 16 29 10 30 14
5 17 1 11 2 40 4 34 5 48 7 34 8 45 10 33 11 15 12 31 15 13 21 39 22 48 25 31 26 46 27 36 28 17 29 11 8 2 29 4 29 7 24 10 34 11 36 12 40 13 40 28 39 4 1 11 4 47 13 25 15 45 7 4 33 9 11 12 25 20 31 21 10 23 42 30 45 13 5 24 6 32 9 28 12 44 13 10 14 22 15 44 18 12 21 27 22 17 23 37 26 24 27 31
5 16 2 38 4 43 5 26 6 20 8 28 9 47 10 34 12 29 14 13 16 23 19 27 22 39 23 34 25 30 28 15 29 50 9 1 37 4 25 14 42 21 10 24 49 25 25 26 45 27 32 29 13 6 9 20 19 11 20 48 25 46 29 35 30 47 15 1 17 2 29 3 14 8 20 10 28 11 28 12 32 13 35 14 45 15 11 16 44 21 20 23 44 26 12 30 26 18 1 28 2 30 4 19 6 39 7 23 8 37 9 20 11 19 15 45 16 32 20 18 21 32 22 47 23 18 25 26 26 46 27 10 28 43
4 12 3 26 5 42 9 27 16 32 18 25 19 43 20 31 21 21 23 21 24 27 26 39 28 11 14 2 38 3 40 9 44 10 44 11 42 13 47 15 23 17 48 18 46 20 29 23 28 25 46 26 42 27 28 14 3 35 6 17 9 47 10 40 14 44 16 14 19 33 23 25 24 16 25 11 26 26 27 36 28 18 29 21 17 1 21 3 50 4 16 6 11 7 11 9 18 10 41 11 44 13 31 17 50 18 38 19 24 20 35 21 41 22 38 28 16 30 38
7 17 1 41 3 13 4 13 10 29 11 23 12 45 14 10 15 44 16 32 19 33 20 48 21 16 22 30 24 40 25 19 26 45 27 21 18 1 14 2 37 3 30 4 30 5 50 7 42 8 39 11 30 12 48 13 29 14 38 16 22 17 43 20 41 24 13 28 44 29 42 30 18 10 2 33 3 47 4 12 6 14 11 15 12 43 16 13 19 36 20 16 30 50 13 2 34 3 17 4 15 6 43 7 40 8 15 9 39 11 46 14 42 15 45 16 13 22 38 23 42 6 1 16 5 32 15 28 23 28 24 40 25 30 4 2 49 7 47 14 19 21 34 9 1 15 4 41 10 32 11 40 20 15 21 16 25 11 28 41 30 16
7 18 1 11 5 45 6 38 9 10 10 43 11 15 12 16 13 49 14 25 15 11 16 48 18 13 19 35 20 42 21 43 22 46 28 43 30 43 12 2 31 6 44 9 15 10 22 11 15 14 31 18 12 20 48 22 34 23 47 25 38 27 49 12 2 21 4 50 6 11 11 11 13 31 14 29 16 43 17 23 21 27 24 30 26 42 30 21 6 12 21 15 48 16 37 20 41 25 26 28 18 12 3 39 4 25 5 12 6 43 9 31 11 39 13 28 15 32 16 32 18 18 23 44 29 20 10 1 24 3 47 8 24 17 47 21 45 22 49 24 38 26 20 27 23 30 20 8 1 34 5 38 8 17 10 44 11 11 13 18 18 15 27 38
8 6 3 34 4 39 5 35 6 31 18 34 24 31 8 2 34 3 10 5 49 8 15 15 33 16 39 18 40 20 20 9 1 46 3 39 6 40 10 40 11 31 14 23 19 24 22 48 26 47 12 1 35 5 26 6 20 7 39 11 37 13 10 17 36 18 21 19 49 21 11 22 25 28 30 6 3 19 4 27 12 42 14 29 20 47 27 46 4 10 24 15 11 22 16 24 11 16 1 36 2 13 3 34 5 18 6 45 8 43 9 27 14 36 16 50 17 34 18 35 19 28 22 31 24 19 27 31 28 39 6 1 45 2 32 7 26 12 47 17 42 26 45
8 14 2 16 4 42 5 40 6 16 8 43 9 50 12 41 13 12 14 16 18 28 19 18 21 44 29 10 30 27 14 2 28 3 12 7 39 8 32 9 41 12 31 15 47 19 40 20 12 21 33 22 18 23 27 25 36 26 20 15 1 22 3 23 4 20 6 30 8 11 11 15 13 32 15 44 17 50 18 11 21 36 22 39 28 27 29 10 30 50 11 2 43 5 12 7 26 10 31 11 11 15 11 16 37 18 43 26 46 28 27 30 43 13 1 37 4 26 5 35 6 28 9 20 10 27 11 43 14 38 15 10 16 29 19 13 20 43 22 16 11 2 34 5 38 6 20 7 22 9 50 13 49 17 40 24 13 27 34 28 26 30 46 15 3 19 5 30 6 48 7 23 8 50 9 48 10 41 12 40 13 33 18 43 19 49 20 43 27 12 28 46 29 24 13 1 12 2 31 6 45 7 11 12 17 13 25 15 23 17 41 19 24 23 41 24 12 26 41 28 22
4 7 4 45 5 32 10 38 14 26 18 16 26 22 29 41 16 1 15 4 29 7 41 9 21 10 49 12 26 13 14 16 13 17 22 18 31 20 14 21 42 25 30 27 31 28 32 29 28 13 1 14 4 17 6 37 8 30 9 22 12 30 13 29 16 45 18 16 20 16 26 49 27 46 30 19 16 4 33 5 27 6 33 7 28 13 11 16 29 17 11 18 47 20 22 24 40 25 12 26 42 27 29 28 50 29 40 30 29
8 14 2 11 3 35 4 36 5 41 6 34 7 22 8 17 10 10 11 45 12 25 18 41 21 43 28 35 30 43 8 4 39 8 12 19 27 20 50 22 23 23 49 25 23 28 11 9 4 11 6 14 7 10 10 45 11 30 12 20 13 10 23 16 26 27 6 10 45 17 44 20 48 23 40 24 43 27 44 12 1 21 2 38 7 42 9 21 13 19 14 10 15 40 16 33 18 48 19 11 24 38 26 20 11 1 14 3 34 4 37 6 14 11 40 12 40 14 32 15 26 16 42 17 39 24 31 14 1 26 3 39 4 41 5 50 8 50 10 44 15 27 17 12 18 24 19 10 20 36 22 22 25 28 28 22 16 2 24 5 30 7 47 10 45 13 36 14 36 15 24 16 15 17 37 18 26 19 49 22 26 23 11 24 12 25 10 26 10
6 12 2 25 6 18 8 44 9 24 11 24 12 22 15 25 21 38 25 49 26 10 27 38 28 42 15 1 27 2 23 5 39 6 29 7 37 10 42 11 14 15 49 16 42 19 22 21 27 22 39 25 18 28 11 29 11 13 1 25 3 46 8 13 12 22 14 25 16 19 17 25 22 17 25 36 26 13 27 21 28 14 29 24 12 2 46 7 34 10 16 11 11 12 46 16 40 20 11 21 15 25 15 28 23 29 11 30 46 5 2 24 7 50 9 19 13 38 23 40 13 6 19 9 20 11 11 12 15 13 23 15 29 16 12 20 43 22 24 25 28 26 26 27 34 29 39
3 6 8 11 12 15 16 40 18 10 23 46 25 42 8 1 31 7 50 11 36 18 31 19 23 25 22 27 36 30 41 18 1 32 3 26 4 17 5 48 6 45 7 42 10 12 11 20 13 11 14 29 16 30 17 19 19 12 24 38 26 14 27 32 28 43 29 39
3 15 4 20 6 40 7 47 8 42 11 11 12 38 13 18 18 26 19 16 20 49 23 28 25 39 26 43 28 28 30 18 9 9 44 12 47 15 11 20 25 21 20 23 32 24 29 26 43 30 45 14 1 43 3 44 4 45 5 16 12 38 13 31 15 14 18 18 19 44 22 31 25 41 27 21 28 41 30 49
3 15 2 47 3 37 4 48 7 30 9 20 13 28 15 29 16 18 17 17 18 29 20 32 23 21 24 12 26 18 29 36 10 4 19 6 49 12 19 13 23 15 21 17 45 18 23 23 47 25 14 27 23 18 1 32 3 22 4 43 8 16 9 10 10 50 11 16 14 45 17 36 18 33 19 48 20 48 22 41 23 28 24 18 28 49 29 19 30 25
4 13 2 44 5 24 6 35 7 24 8 50 9 18 13 34 19 41 20 13 23 25 26 24 28 13 30 45 17 1 46 3 46 7 41 9 33 12 28 14 31 15 26 16 34 17 17 18 28 19 23 21 32 22 14 24 42 26 39 27 11 30 21 12 1 40 2 18 3 42 9 14 10 16 12 13 13 19 14 21 16 46 21 33 26 42 28 29 17 1 15 2 42 6 24 10 18 11 23 12 26 13 39 14 12 16 12 17 16 18 34 19 29 25 27 26 19 27 31 28 49 30 22
4 17 1 27 2 35 3 35 5 31 6 10 7 32 8 38 9 16 10 24 12 30 15 15 16 11 17 46 23 35 27 17 28 43 30 48 11 1 34 3 41 4 12 6 49 9 32 14 11 17 37 19 42 22 45 25 25 30 31 10 6 18 10 33 11 41 15 47 19 17 20 17 21 16 23 29 29 27 30 37 14 2 46 3 48 7 33 8 42 11 44 13 35 14 20 15 35 17 11 19 21 21 41 23 50 28 10 29 47
5 4 7 21 13 18 18 41 28 41 5 2 14 10 46 17 25 25 26 27 37 10 2 35 7 15 10 29 13 20 15 10 19 12 20 28 22 13 26 48 30 28 16 1 41 2 34 3 22 4 16 7 33 9 48 10 40 12 12 15 49 16 26 17 43 18 20 19 20 27 19 28 26 30 10 5 2 18 9 28 14 44 21 23 27 41
3 17 1 42 2 11 6 41 7 32 8 11 9 20 11 32 13 50 16 47 17 23 19 10 21 19 22 49 24 27 26 15 29 20 30 33 9 1 49 2 15 8 47 10 13 13 36 20 47 21 18 28 12 30 28 12 2 29 8 24 14 48 15 35 17 11 20 30 21 49 22 14 25 22 26 48 27 41 30 23
6 16 2 10 5 39 6 30 7 42 8 20 9 49 10 21 11 26 12 16 16 50 17 17 18 46 19 41 25 50 29 13 30 36 9 3 28 4 31 6 30 7 18 8 15 12 44 15 18 19 30 26 30 8 2 29 4 39 5 10 6 26 10 48 21 28 23 13 26 24 9 2 43 6 33 7 41 8 48 17 39 18 32 21 41 22 40 30 38 9 11 20 19 22 20 13 21 35 23 48 24 30 28 42 29 28 30 28 9 1 15 7 34 9 19 14 25 16 22 20 38 22 28 27 43 29 10
8 7 2 50 9 15 12 30 14 46 22 36 24 16 29 24 12 5 12 8 23 9 45 10 39 14 33 16 11 18 49 19 43 20 19 21 38 23 21 26 50 16 1 38 4 40 5 48 6 27 7 25 8 39 9 15 11 15 13 25 17 26 18 49 19 26 21 47 24 22 26 25 29 30 15 1 40 2 42 3 18 6 43 9 46 10 33 11 26 13 34 16 33 17 50 18 28 25 45 26 20 29 25 30 36 13 1 31 2 34 6 47 8 43 10 29 12 21 17 18 19 50 26 44 27 47 28 33 29 47 30 43 7 5 48 10 42 15 33 16 25 17 38 20 27 26 12 13 2 12 6 14 8 19 10 44 11 19 13 50 14 30 16 40 18 43 21 35 26 20 27 34 29 18 5 4 41 14 44 17 46 22 45 29 31
6 16 1 34 3 24 6 43 7 19 8 31 9 27 17 26 18 45 19 37 20 31 21 49 22 29 23 29 26 42 27 35 29 40 9 1 21 3 29 11 40 16 16 19 38 22 24 24 32 25 39 27 31 11 1 33 7 32 8 17 10 29 12 36 13 42 20 12 23 11 25 25 27 23 28 46 4 6 22 7 26 18 11 30 45 12 2 34 10 13 11 28 12 29 19 19 20 16 22 27 23 48 24 16 26 25 28 32 29 37 10 4 37 8 25 9 33 12 17 13 12 15 26 22 17 24 38 29 16 30 18
8 17 1 24 2 28 4 10 5 29 7 14 10 22 12 44 13 31 14 20 17 26 20 31 22 47 23 25 25 20 27 46 28 44 29 29 7 5 33 7 26 11 36 17 23 26 16 27 12 29 12 7 2 39 12 26 14 44 15 32 16 37 22 44 30 29 13 2 48 6 31 7 13 11 31 13 18 17 17 18 36 20 39 21 49 23 21 25 50 29 41 30 38 18 1 13 2 23 3 34 4 15 5 29 6 21 8 15 9 33 12 36 17 44 18 29 21 28 22 15 23 30 27 22 28 47 29 43 30 40 17 1 34 6 36 8 39 9 21 10 35 11 37 14 39 15 38 17 17 18 27 19 33 23 22 24 16 25 35 26 39 29 25 30 23 4 13 17 18 10 26 14 28 21 4 11 11 20 26 24 44 28 34
3 12 2 30 8 35 11 38 12 33 13 31 16 10 18 20 20 16 21 22 22 20 23 11 30 35 17 1 47 2 49 3 39 4 38 5 20 7 20 8 12 12 29 13 50 15 28 17 21 18 30 21 13 22 30 23 11 24 24 29 28 6 1 32 8 48 21 30 23 21 27 26 28 29
3 9 1 25 11 27 12 47 17 14 18 16 22 49 24 17 28 35 30 12 15 2 19 4 13 5 32 8 18 11 48 13 11 16 48 18 29 20 27 21 45 22 27 24 37 26 49 27 39 28 31 15 1 18 2 42 4 32 5 10 6 27 7 49 9 11 12 38 13 40 17 34 20 33 21 10 23 25 25 34 27 23
3 11 1 39 7 33 12 41 13 36 14 38 17 35 18 20 22 40 24 47 28 13 30 18 17 5 30 6 45 7 22 10 20 12 13 13 22 15 18 16 25 19 26 20 33 23 12 24 22 25 44 27 32 28 31 29 29 30 32 10 3 36 4 21 5 43 6 23 10 49 13 16 14 39 16 38 17 16 27 30
4 12 8 39 10 33 11 38 12 17 14 40 16 45 17 20 18 29 23 13 24 20 26 20 27 36 5 2 44 4 27 9 35 21 12 22 46 8 3 28 4 31 6 18 8 24 11 20 12 33 14 14 18 37 18 3 13 5 46 6 13 7 47 9 19 10 43 12 25 15 13 16 38 17 23 18 40 19 14 20 42 21 26 23 41 25 11 27 41 28 18
8 6 1 33 8 17 12 33 16 44 22 29 30 43 9 1 12 6 24 7 26 12 22 15 31 21 38 22 45 23 10 24 10 13 2 30 3 46 6 44 9 14 10 22 11 50 12 42 21 12 22 48 24 36 27 39 28 22 30 45 14 2 12 3 48 5 45 7 42 8 16 12 48 15 32 16 40 17 46 18 45 20 43 23 10 27 22 28 38 4 2 37 13 29 19 33 25 31 14 6 47 7 39 8 47 13 36 15 36 17 37 18 20 19 38 20 16 22 24 23 47 26 16 27 30 28 45 17 2 33 5 40 6 20 7 42 8 29 10 16 11 30 12 18 13 13 16 42 18 25 20 50 23 41 27 32 28 47 29 47 30 43 14 1 19 2 33 5 21 7 46 10 39 11 16 12 43 14 21 15 32 17 48 22 32 23 35 27 44 28 27
4 16 2 15 4 16 7 28 9 16 10 45 11 13 15 35 17 13 18 36 22 32 23 50 24 18 25 37 26 31 28 12 29 30 9 1 42 5 41 9 44 12 45 21 19 24 28 27 41 29 42 30 22 9 4 37 5 28 11 44 12 16 14 36 18 38 21 41 23 41 25 18 16 1 50 6 16 7 37 10 12 11 47 12 14 13 50 14 13 15 41 18 39 19 40 20 21 21 35 23 34 25 29 28 26
4 11 5 38 7 39 11 47 13 40 16 47 19 30 22 26 23 24 27 49 28 32 30 10 10 1 41 2 28 9 50 10 30 13 45 18 40 19 18 20 26 21 13 26 38 6 2 10 7 26 9 23 12 31 24 42 30 20 10 2 29 7 41 8 11 10 34 14 32 16 21 19 45 24 11 25 42 29 29
7 10 4 39 8 45 9 27 11 19 15 16 18 47 21 41 26 37 28 50 30 22 7 9 14 10 21 13 43 14 45 17 29 25 30 30 35 11 2 34 7 24 8 10 9 27 10 34 12 18 16 41 23 46 25 10 26 29 27 34 15 1 30 3 10 6 16 9 44 11 39 14 50 17 48 19 11 23 18 24 28 25 30 26 43 27 45 28 26 30 20 16 1 25 3 49 6 22 7 17 8 24 10 26 11 42 12 15 13 46 17 45 18 44 20 39 21 39 23 42 27 26 29 17 9 6 31 8 13 11 39 12 32 19 29 24 50 27 21 28 34 30 22 18 1 40 2 26 3 35 7 15 9 23 10 44 11 38 12 45 13 49 14 20 15 43 16 19 17 22 20 30 22 30 23 48 27 48 28 37
6 14 1 11 2 11 9 10 12 48 13 40 15 36 17 42 19 36 21 33 23 25 24 21 26 33 28 46 30 38 9 1 23 5 21 6 40 8 39 10 23 18 17 20 31 24 39 28 21 16 4 18 5 48 7 11 8 44 9 12 10 11 11 49 12 17 19 44 20 33 22 22 23 49 24 26 27 32 28 13 29 25 14 5 20 7 47 8 46 9 42 11 36 15 14 17 48 18 34 20 14 22 10 23 36 24 10 26 12 28 48 4 2 13 13 32 19 29 22 33 10 5 23 13 35 14 43 15 29 16 11 17 30 21 18 22 12 24 26 28 19
6 16 2 49 3 27 6 11 7 41 9 35 10 21 12 50 15 14 17 48 18 14 21 44 22 33 23 49 24 37 26 26 30 36 16 1 26 2 31 4 15 7 24 8 44 9 28 12 18 13 25 15 19 16 50 18 17 19 41 20 46 22 46 23 45 26 10 4 5 17 21 18 25 32 26 30 9 3 18 7 14 12 34 15 43 19 44 22 40 23 20 25 11 26 47 4 8 25 11 40 22 47 26 45 18 1 40 2 40 4 38 5 36 6 49 8 18 10 48 11 12 14 21 15 30 17 49 20 18 21 25 23 41 25 31 26 28 27 14 29 15
5 13 1 18 3 41 6 23 7 19 8 20 9 48 10 16 16 21 18 37 24 20 27 17 28 22 29 47 12 1 12 5 12 12 34 18 41 19 42 22 26 23 39 25 42 26 35 28 50 29 19 30 26 6 1 27 2 44 7 45 16 20 21 31 28 45 5 1 48 5 26 18 42 20 10 21 14 8 5 18 8 26 12 42 17 22 21 31 22 20 23 38 29 36
4 7 2 36 6 45 7 30 9 43 14 39 16 43 24 26 18 2 21 3 49 4 23 7 35 10 20 13 41 17 17 18 47 19 41 20 13 21 39 22 39 23 35 24 30 25 15 27 31 28 17 30 37 9 6 47 12 46 16 25 19 50 22 30 24 38 27 22 28 29 30 28 16 3 19 4 23 6 25 8 18 10 14 11 44 12 48 13 26 15 27 17 21 18 21 19 22 21 25 25 30 26 28 29 27
8 14 2 21 3 36 4 21 5 11 7 29 8 33 10 18 11 40 15 27 17 20 18 48 20 46 24 50 27 34 12 1 46 2 19 9 13 11 11 12 48 14 34 19 41 20 44 22 36 23 17 27 42 29 41 9 1 33 6 30 10 26 16 22 22 14 23 36 25 12 29 44 30 39 14 4 13 5 30 9 30 10 10 15 35 16 29 19 14 22 42 23 19 24 50 25 13 26 23 27 11 29 37 16 2 46 6 25 7 11 8 36 11 49 13 10 14 47 15 27 16 15 20 29 21 31 23 48 24 11 26 18 27 32 28 30 5 2 35 3 37 11 11 12 23 27 46 10 4 34 5 16 9 32 11 27 14 22 18 21 19 14 20 35 22 26 27 29 11 4 21 5 41 6 34 7 10 11 36 13 13 16 26 18 49 19 40 21 48 27 45
7 11 1 20 2 16 3 27 5 18 10 27 15 24 19 31 22 12 25 13 26 10 29 24 14 2 40 4 23 5 28 7 32 9 25 11 34 12 34 14 18 15 29 18 48 19 50 20 18 21 32 22 33 10 4 29 7 44 14 33 15 48 16 36 19 36 20 14 24 23 28 24 30 49 17 8 28 9 15 11 17 12 29 13 28 14 36 16 29 17 35 18 36 21 21 22 46 24 16 25 28 26 40 27 42 29 39 30 43 16 2 14 3 29 7 48 15 35 16 14 17 42 18 15 19 15 20 30 21 48 22 13 24 31 25 49 26 49 27 27 28 38 11 3 25 8 17 9 16 11 38 12 10 13 18 15 10 17 23 22 29 25 26 28 10 17 1 25 3 11 4 23 5 42 6 39 7 40 8 45 11 30 13 40 14 49 16 38 18 20 23 40 25 11 27 43 28 13 30 26
7 6 4 21 8 15 9 31 18 41 19 44 24 10 5 4 20 7 37 9 18 16 39 24 50 7 1 26 3 44 7 49 9 49 20 31 25 17 30 33 4 5 20 7 12 17 46 18 11 8 5 21 13 22 14 17 15 50 16 14 24 35 26 47 28 12 6 3 44 6 41 12 10 13 20 14 27 29 48 13 1 43 5 20 10 17 12 18 14 27 15 40 18 32 19 23 21 33 22 39 24 17 25 10 27 28
6 7 2 48 3 43 19 38 20 38 23 30 25 32 29 18 14 3 13 4 20 5 36 7 25 9 50 12 30 14 44 19 49 20 14 21 27 23 17 25 28 26 13 30 40 9 2 13 3 31 7 46 9 13 11 20 20 49 21 50 28 13 30 15 11 3 34 4 36 8 46 9 43 15 37 18 19 20 44 25 36 26 12 28 30 29 31 5 1 17 3 33 15 20 16 39 23 37 12 2 21 4 47 5 11 13 40 16 50 18 15 20 12 21 11 23 12 26 33 29 39 30 47
4 6 1 45 5 14 8 30 10 33 19 33 21 41 12 3 19 4 26 6 11 7 21 8 31 12 21 15 38 20 26 22 42 26 14 28 30 30 43 12 3 17 5 29 6 10 9 13 17 17 19 47 20 36 21 27 23 36 24 20 26 49 29 22 17 2 40 3 45 5 20 6 23 7 24 8 14 15 35 16 29 17 37 18 16 19 12 21 37 22 13 25 27 27 35 29 34 30 21
5 5 1 40 17 41 19 22 26 27 30 39 12 8 40 9 41 12 11 15 30 16 42 17 43 19 15 20 38 23 33 25 20 26 14 27 37 4 1 29 14 13 16 28 18 23 12 1 29 2 46 3 24 5 31 10 12 12 25 13 40 16 49 17 42 20 49 25 44 29 40 18 1 39 3 29 4 30 5 42 8 11 11 21 12 36 15 17 17 13 19 33 21 12 22 20 23 36 25 19 26 39 27 22 28 45 29 39
4 9 4 21 10 49 11 15 12 20 14 16 17 44 19 41 20 33 27 25 14 2 32 3 13 4 29 5 12 6 39 7 38 9 49 10 26 11 14 12 49 13 37 17 34 18 15 28 21 9 1 19 3 35 9 25 11 46 13 34 15 34 16 41 26 37 27 30 16 2 45 3 24 5 35 6 20 7 25 8 42 9 29 12 29 15 41 16 49 17 32 20 45 22 23 24 40 25 42 28 49
3 18 1 38 2 18 3 46 4 48 5 38 8 14 10 38 12 39 14 27 16 38 17 38 19 48 20 31 23 35 26 13 27 30 29 15 30 36 17 1 50 3 16 4 37 6 20 10 27 11 27 13 14 14 16 18 17 19 48 20 29 21 20 23 42 24 41 25 43 26 23 28 43 9 4 13 7 10 8 12 10 31 14 31 16 38 18 12 28 16 29 12
4 11 4 46 5 26 6 37 8 21 9 35 11 24 12 45 13 10 20 36 24 33 29 11 14 1 41 2 36 4 40 5 19 7 34 11 18 12 44 15 37 16 22 20 11 24 50 27 49 28 36 29 35 5 9 28 15 15 18 26 19 36 26 46 13 2 49 4 18 5 30 6 14 8 14 9 40 15 47 17 49 19 18 21 13 24 38 28 15 29 38
3 18 3 24 4 23 7 47 10 25 11 50 12 29 13 41 16 37 20 37 21 28 23 42 24 10 25 40 26 36 27 20 28 26 29 30 30 43 8 1 32 7 10 10 46 11 28 12 16 15 44 18 14 28 32 18 1 19 2 45 5 15 6 26 8 29 11 48 12 49 16 50 17 35 20 13 21 32 24 19 25 23 26 24 27 39 28 20 29 12 30 20
3 18 1 19 2 46 6 47 7 49 8 22 11 36 12 35 14 33 16 18 17 12 18 29 19 46 20 49 21 20 22 26 25 21 29 25 30 25 12 1 15 2 13 5 10 11 29 14 28 17 24 21 43 23 39 24 32 25 20 27 48 30 30 6 10 33 16 14 17 19 19 28 27 41 29 19
5 15 1 34 2 34 3 44 6 48 7 29 9 28 10 12 14 44 20 27 21 11 22 48 23 18 26 23 27 29 30 47 5 8 24 9 31 15 44 27 29 30 43 10 8 42 10 32 11 17 14 41 15 10 17 23 23 21 24 32 28 46 30 35 10 2 34 8 40 10 16 11 33 15 38 18 29 20 18 23 14 26 41 28 45 6 7 17 21 40 23 23 24 12 27 40 29 17
8 14 1 20 3 42 5 36 6 38 9 25 14 23 15 48 17 50 19 26 20 23 22 44 23 43 24 40 29 22 13 1 40 5 45 7 22 8 12 10 14 11 41 13 34 15 29 17 25 23 42 25 33 29 14 30 46 11 1 43 3 10 4 43 6 36 7 25 9 16 13 30 15 45 16 27 17 21 20 27 12 3 42 5 43 6 10 7 22 10 45 12 34 13 46 15 11 17 44 20 35 23 15 27 10 16 1 31 4 41 5 23 8 33 9 20 10 36 13 36 16 11 17 43 18 22 20 21 22 27 24 35 26 38 27 18 28 44 12 1 47 5 37 6 20 7 40 9 27 11 47 16 19 18 33 21 22 22 45 28 46 29 35 11 8 14 10 33 13 47 14 46 16 40 17 19 19 36 22 41 24 25 26 42 27 46 17 3 40 4 33 5 10 7 44 8 13 11 50 14 10 15 46 17 22 19 47 20 11 22 28 23 10 24 36 25 30 26 27 27 50
6 15 3 24 7 18 8 42 9 25 12 18 14 19 15 26 16 23 19 22 20 10 25 36 26 42 27 44 28 15 29 45 4 6 36 12 38 15 23 26 13 12 1 49 2 25 3 42 4 13 5 42 7 41 10 40 12 10 17 36 19 17 26 23 27 36 9 1 16 2 38 5 27 6 45 9 31 14 18 17 45 20 29 21 11 5 4 37 12 41 16 45 26 38 29 30 15 4 41 5 23 6 49 8 29 10 28 11 36 13 14 14 18 15 26 16 46 26 22 27 46 28 28 29 49 30 47
4 5 1 34 4 21 11 46 15 50 30 34 9 5 30 13 11 17 24 18 42 20 15 22 22 25 46 26 23 29 27 18 1 29 2 22 4 16 6 50 8 25 9 34 11 10 14 50 17 28 18 46 19 49 20 43 21 10 22 31 25 41 26 28 27 44 29 31 13 2 43 3 45 9 42 10 20 11 25 17 31 18 32 19 26 20 49 22 41 24 23 26 23 29 21
3 11 3 42 7 39 8 34 9 16 10 33 12 13 14 34 16 27 22 41 26 32 30 38 7 1 44 4 21 5 14 11 42 15 41 16 18 21 23 10 2 36 6 46 18 44 23 38 24 22 26 37 27 46 28 26 29 48 30 10
4 8 6 39 9 29 14 41 16 40 17 33 19 19 21 20 27 15 16 1 45 2 19 4 25 5 50 7 38 9 48 12 19 14 19 15 36 18 44 21 13 23 22 26 36 27 39 28 39 30 16 4 1 33 2 31 24 32 27 27 13 1 41 4 44 5 37 7 42 8 17 10 11 11 19 14 14 16 40 23 11 26 39 28 36 30 27
8 10 5 13 6 13 8 19 15 14 19 16 21 41 22 42 23 35 24 39 29 24 6 1 40 2 33 5 39 8 15 23 31 27 15 16 1 28 3 41 4 23 5 24 7 42 10 49 12 50 14 20 15 11 16 21 19 20 20 13 22 32 24 43 26 29 27 37 8 2 10 4 38 9 10 17 47 18 49 21 48 24 14 26 43 7 4 19 6 23 11 19 15 37 21 43 24 21 28 17 6 4 21 7 38 9 12 19 21 23 19 26 47 4 2 34 19 44 26 21 29 16 14 4 37 5 33 7 43 8 47 9 43 11 27 14 39 15 41 17 26 21 37 22 42 25 49 27 19 30 49
6 13 2 10 4 23 8 25 12 46 14 46 15 35 16 35 20 17 21 50 22 34 25 13 26 24 30 20 14 1 39 4 38 6 23 8 46 9 18 10 28 11 25 12 33 14 34 15 48 20 29 23 47 28 25 29 12 14 1 21 5 24 6 28 8 50 11 43 15 41 17 34 20 44 21 30 23 46 24 44 25 17 27 28 30 11 4 4 15 5 44 7 49 19 33 8 3 24 10 26 11 47 13 10 14 18 17 31 23 43 28 45 5 14 20 20 24 23 37 24 41 26 20
8 8 2 17 4 48 5 20 9 10 20 44 21 43 25 20 29 24 11 8 47 9 45 11 27 14 25 18 25 19 44 20 50 21 36 22 45 24 50 27 23 9 2 43 3 19 5 27 6 29 7 39 10 23 17 12 23 33 26 35 5 12 18 13 24 17 48 25 46 27 13 18 1 33 2 18 3 35 5 18 7 48 8 43 9 20 13 41 14 45 17 31 18 37 19 37 24 35 25 28 26 41 27 49 28 18 30 43 7 3 36 5 26 6 48 10 25 14 40 16 32 18 40 14 3 11 6 35 7 23 10 29 12 28 13 44 17 15 22 25 23 18 24 27 26 15 27 29 28 19 30 38 14 1 40 3 49 6 15 11 20 12 12 15 30 16 49 18 47 20 16 23 43 26 41 27 46 29 44 30 18
6 7 2 34 4 11 13 34 17 13 19 24 25 31 26 34 17 1 16 3 47 4 41 5 21 7 14 10 42 11 48 12 42 13 31 16 30 18 32 20 23 22 49 24 30 26 33 29 20 30 24 7 3 14 8 47 12 14 14 33 15 17 16 16 25 38 8 2 44 5 20 15 28 18 31 22 47 24 16 28 18 29 29 10 2 16 4 37 7 40 9 31 11 31 17 14 19 20 20 43 21 14 22 21 18 2 23 5 36 6 14 7 41 12 37 13 50 15 40 16 36 18 22 19 27 20 33 21 17 23 48 24 50 26 27 27 36 28 31 29 17
7 18 3 20 6 34 7 18 8 16 10 19 12 49 14 15 15 13 17 14 18 14 20 13 21 37 22 46 23 35 25 50 26 28 27 41 29 38 8 6 20 8 17 12 49 14 26 17 40 24 16 26 34 29 31 9 1 49 3 31 6 36 12 24 13 13 18 12 22 41 24 39 30 29 10 3 34 5 22 8 42 12 29 14 40 23 15 24 37 26 31 28 43 29 24 16 1 23 2 24 5 50 8 36 9 17 10 27 11 23 14 26 17 14 19 26 20 14 21 35 23 49 25 25 28 10 29 44 8 2 29 10 49 15 44 18 49 19 28 20 46 28 21 29 21 13 4 41 5 37 6 25 7 18 8 43 9 36 13 32 14 13 15 44 16 35 20 31 21 42 29 14
6 7 4 37 5 22 6 22 12 45 15 41 17 30 19 48 7 1 27 6 25 7 14 9 36 14 46 16 24 18 22 11 1 49 5 32 9 41 13 35 14 26 19 17 23 20 25 31 26 25 28 41 29 20 17 2 20 3 26 5 39 6 47 7 18 8 47 9 16 10 41 12 45 14 48 16 19 20 50 21 32 24 44 25 26 27 25 29 39 18 1 12 2 18 5 30 6 18 7 48 9 32 13 41 14 14 15 35 16 20 17 30 19 47 20 39 21 20 24 16 26 15 27 45 28 46 9 5 32 10 14 11 37 15 12 19 46 23 17 26 39 27 33 28 10
5 6 6 33 12 34 14 29 15 35 23 31 26 27 15 1 48 2 37 5 21 6 50 7 20 9 31 12 18 14 20 15 50 17 18 19 15 22 37 23 27 26 37 29 10 9 4 10 7 46 11 27 17 16 20 26 21 38 23 48 24 35 28 15 7 9 41 16 40 17 44 20 11 22 33 28 28 30 30 9 6 46 7 22 10 23 11 23 14 45 16 11 17 25 22 50 23 13
8 7 1 22 8 33 10 16 11 13 17 40 22 16 28 48 9 3 30 7 33 12 20 13 49 14 45 15 18 20 41 27 49 30 43 8 3 11 9 13 10 45 12 27 16 30 18 22 25 21 30 15 11 1 29 7 21 9 37 12 49 13 47 17 22 21 18 24 30 25 50 26 24 30 30 15 2 26 5 20 7 24 8 40 10 32 11 38 13 12 14 47 16 13 18 16 21 49 24 16 25 26 26 36 30 47 15 3 41 7 23 9 21 11 38 12 20 19 18 22 19 23 39 24 43 25 13 26 31 27 37 28 49 29 41 30 13 16 2 27 10 50 11 46 12 23 14 11 15 28 16 28 17 43 19 13 20 25 21 27 25 32 26 50 27 41 28 45 29 13 5 2 17 3 40 21 33 25 23 27 36
80 55 107 93 39 65 41 128 80 72 36 94 104 89 68 111 72 78 112 76 68 77 74 75 71 119 118 158 113 55 129 111 46 51 59 79 68 92 51 113 151 106 137 38 38 46 72 111 73 54 134 88 73 97 62 138 107 120 75 53 87 77 48 67 57 44 88 97 99 62 59 63 146 91 141 99 104 93 84 138
3 3 3 1 3 2 2 2 2 3 2 3 3 1 3 2 3 2 1 2 3 1 2 2 2 2 3 1 3 1
# Instance ID: 86
# Size type: large
# Total operations: 429
# Actual flexibility: 0.367
# Generated: 2026-02-07 22:12:21
# Format: Extended Brandimarte format for MOFJSP