31 14
7 2 3 28 13 35 2 8 33 12 41 6 1 45 2 37 5 36 12 40 13 15 14 43 5 3 28 5 29 7 41 12 13 14 26 6 1 17 2 42 7 39 8 39 9 10 11 24 3 3 13 6 28 8 28 3 1 39 13 25 14 18
8 4 7 43 11 46 13 49 14 40 7 1 24 4 42 5 16 10 39 11 38 12 49 14 48 7 3 28 5 39 7 11 9 28 10 43 11 17 13 16 7 1 18 2 25 4 15 5 26 7 32 9 34 14 33 2 9 17 13 20 5 1 11 2 25 6 27 8 25 10 39 4 3 34 4 40 6 28 12 11 8 3 15 4 19 6 23 7 17 8 14 12 31 13 26 14 16
7 7 1 10 2 41 3 16 7 25 10 35 11 47 14 23 2 1 33 13 18 3 2 26 5 20 11 37 8 4 18 5 30 6 37 8 17 9 17 11 36 12 16 13 30 7 3 36 5 15 10 44 11 27 12 31 13 30 14 23 5 3 35 6 43 9 18 13 49 14 33 2 2 27 9 49
8 6 1 18 3 22 4 32 5 45 11 33 14 47 3 6 13 9 23 14 50 4 3 11 9 31 11 11 12 41 4 1 42 8 15 11 47 12 50 8 3 21 4 27 5 40 6 41 8 41 10 40 13 26 14 28 8 1 37 3 28 4 13 5 13 7 37 10 10 13 34 14 46 6 3 37 5 18 7 39 9 33 13 33 14 23 5 4 28 6 34 8 11 9 47 10 16
3 3 1 11 2 39 5 20 8 1 37 4 13 5 46 6 49 7 24 8 19 10 50 14 26 5 1 18 3 33 7 16 8 40 10 28
7 3 2 13 7 23 11 18 4 1 47 4 29 11 25 13 50 6 3 45 5 46 8 32 9 19 12 25 14 37 2 8 47 13 26 6 5 49 6 32 7 39 11 42 12 17 13 21 5 2 28 4 19 8 38 12 16 14 43 3 3 27 11 11 14 20
3 3 4 18 7 40 10 34 2 7 27 8 11 8 1 15 5 20 6 45 7 34 9 24 11 42 12 15 13 17
6 2 1 18 6 18 6 1 50 3 31 5 47 8 32 10 20 12 43 7 3 23 5 49 7 23 8 30 11 26 13 23 14 24 8 3 36 4 47 5 21 8 15 9 32 11 17 12 12 13 10 3 1 38 7 20 8 14 4 4 43 5 34 11 46 13 34
4 8 2 25 4 17 6 11 8 32 9 21 12 10 13 45 14 46 6 1 46 2 33 4 13 8 40 9 49 14 23 8 2 27 3 15 4 29 8 43 10 31 12 13 13 20 14 39 7 1 44 3 11 6 10 7 48 9 13 10 40 11 19
8 3 1 50 9 40 11 15 8 2 25 3 48 5 30 6 46 9 36 10 12 12 18 13 25 3 2 49 6 43 10 39 4 2 49 6 11 8 22 13 20 3 1 44 9 13 13 37 8 1 27 2 17 5 24 6 11 8 13 10 38 11 42 14 50 6 6 30 7 31 8 44 9 31 11 10 13 47 4 2 31 5 12 10 28 13 49
4 8 2 38 3 21 4 42 5 37 7 31 8 16 10 44 11 17 4 1 29 3 24 12 45 13 27 8 1 41 3 34 5 26 6 22 7 28 11 48 12 22 14 46 4 2 38 7 26 12 12 13 38
3 6 7 33 9 44 10 30 11 38 13 27 14 49 2 2 13 13 35 7 3 15 5 42 7 38 8 49 11 25 13 47 14 38
8 6 1 14 4 20 6 27 8 46 10 23 11 17 5 5 43 6 19 10 26 11 25 12 38 6 1 40 5 50 8 47 11 22 13 34 14 32 2 9 38 13 33 5 3 18 7 13 10 24 13 20 14 40 3 6 17 8 19 13 33 5 2 10 3 11 4 45 8 31 13 39 7 2 19 4 29 6 21 9 31 10 34 12 34 13 11
4 2 9 10 10 31 5 4 12 7 23 9 11 10 22 13 27 2 4 50 14 35 4 3 42 4 30 10 37 11 44
7 4 8 38 10 11 11 41 14 12 5 1 16 5 27 7 25 8 25 14 38 2 1 27 13 47 2 11 41 12 29 4 4 15 7 50 8 34 9 25 6 2 40 3 41 6 29 7 10 8 30 12 26 4 7 17 9 43 12 19 14 28
5 8 2 42 3 33 4 24 5 50 8 14 9 26 11 16 12 48 6 3 46 4 21 5 15 7 50 8 20 9 18 3 4 47 10 43 12 20 2 6 11 10 10 5 1 28 2 27 3 42 4 26 12 32
3 5 2 27 6 17 8 39 13 34 14 34 2 5 36 6 45 6 2 29 4 33 7 38 10 35 11 41 14 38
4 8 6 26 7 40 8 35 9 12 10 45 11 32 13 18 14 10 6 3 29 6 31 7 30 11 21 12 14 14 41 4 1 44 5 43 10 41 12 43 3 9 41 10 19 13 39
3 4 3 20 5 10 12 37 14 14 7 1 24 3 43 6 37 7 27 8 12 9 13 12 34 8 1 20 2 15 3 26 4 25 5 13 7 22 8 15 11 44
3 7 1 17 2 42 4 26 9 11 10 35 12 32 14 26 6 6 33 8 18 9 28 12 32 13 19 14 46 5 2 36 4 48 5 39 6 26 14 32
8 5 2 38 4 46 6 44 9 22 12 42 5 2 32 4 35 6 37 11 49 12 37 3 4 46 9 32 11 44 5 2 19 5 30 8 34 9 12 11 17 6 2 26 3 37 7 48 10 29 12 50 14 40 5 3 44 4 28 7 18 10 37 12 43 8 2 46 4 48 6 13 7 15 8 10 9 18 10 41 12 14 6 1 10 3 22 6 44 10 39 11 20 13 16
8 3 2 50 6 14 13 46 2 5 32 11 34 3 5 27 12 36 14 21 3 1 31 2 37 7 36 3 4 48 11 23 13 32 2 3 28 9 22 7 2 27 3 10 4 25 6 13 7 41 9 30 14 30 8 1 19 2 28 3 43 5 29 9 22 10 32 11 13 13 41
5 4 1 23 6 25 10 21 12 42 2 10 50 14 46 6 1 10 3 29 5 22 8 15 10 11 13 49 2 8 16 14 45 3 4 25 6 18 11 41
7 5 4 32 7 31 8 26 11 38 14 35 2 3 38 8 32 5 4 16 5 28 6 39 9 16 13 21 5 2 47 4 23 6 46 7 18 14 48 4 1 18 3 14 8 32 12 13 7 1 20 2 40 4 49 5 44 7 49 11 31 13 42 3 5 40 8 22 13 23
3 7 1 38 2 17 3 48 4 17 10 19 13 38 14 32 6 4 15 6 28 8 21 10 15 11 15 12 36 7 1 10 2 27 3 26 6 22 7 35 12 26 14 23
4 5 3 46 4 36 5 47 13 15 14 26 3 3 10 12 50 13 13 5 3 42 7 25 8 30 11 20 13 39 6 1 40 6 16 8 13 9 48 11 23 12 22
6 6 1 47 4 12 6 13 10 37 11 23 13 50 3 6 37 9 40 12 38 4 5 36 6 17 7 40 9 20 6 1 28 4 27 5 36 8 50 11 23 14 24 3 5 32 7 36 12 43 4 2 28 6 36 13 22 14 31
3 2 6 41 8 23 4 2 16 6 41 9 35 13 46 7 6 36 7 10 10 12 11 50 12 24 13 24 14 38
3 7 3 50 5 18 6 15 7 10 9 46 10 20 13 21 3 2 26 6 31 12 32 5 4 18 6 24 8 41 10 35 11 36
5 2 2 28 5 19 5 1 40 3 12 4 44 5 14 10 24 8 1 49 2 22 3 33 8 50 9 19 10 29 12 22 13 48 3 3 33 10 12 11 15 7 3 11 5 39 7 37 10 47 11 31 12 22 14 48
7 2 8 44 9 23 7 1 38 5 42 7 19 8 29 9 29 11 35 12 37 5 4 37 5 10 7 46 9 50 10 29 3 7 20 9 32 14 11 6 3 20 6 46 7 40 10 21 13 34 14 34 6 3 20 4 41 6 25 8 50 13 29 14 36 6 1 27 3 39 8 21 10 22 12 25 14 26
121 113 136 150 46 136 48 100 61 125 78 56 130 73 135 66 53 71 59 55 144 98 61 127 52 48 85 54 50 79 138
2 3 3 2 1 2 3 1 3 2 2 3 3 2
# Instance ID: 51
# Size type: medium
# Total operations: 164
# Actual flexibility: 0.345
# Generated: 2026-02-07 22:12:21
# Format: Extended Brandimarte format for MOFJSP