80 22
3 13 1 40 2 39 5 44 6 11 7 39 11 37 14 32 16 41 17 12 18 17 19 47 21 28 22 30 13 1 16 3 30 5 38 6 24 7 36 10 41 11 43 12 28 13 40 14 50 16 18 17 49 20 22 13 3 28 4 48 5 23 6 35 8 14 10 47 11 19 13 12 14 25 16 36 18 37 19 35 22 17
7 6 7 22 13 35 14 33 16 30 18 13 21 44 8 2 32 7 31 10 17 11 19 19 49 20 38 21 29 22 11 3 3 50 15 18 16 31 10 1 19 3 18 5 17 6 39 12 14 15 43 16 21 18 39 19 37 22 27 7 3 27 6 38 8 19 11 12 16 49 17 44 21 46 9 5 16 6 21 10 29 12 19 13 48 16 20 20 42 21 16 22 50 12 2 32 3 34 4 31 6 46 8 17 11 45 12 17 13 29 14 27 15 43 16 48 18 18
5 10 4 31 7 23 9 27 10 37 11 27 12 39 14 24 18 20 19 45 21 25 11 2 47 4 25 7 29 8 33 9 43 10 34 11 22 17 27 18 48 19 47 21 27 13 1 35 2 21 3 21 5 15 6 40 7 24 8 27 9 40 12 15 13 21 15 50 19 50 22 41 4 2 13 3 31 10 40 12 20 10 1 40 2 41 4 33 6 19 9 30 10 28 13 23 19 24 20 20 21 31
4 8 3 19 8 17 9 10 11 48 13 43 15 43 17 38 20 28 7 1 49 3 49 4 38 8 25 11 37 16 29 17 32 8 1 47 3 50 9 44 10 39 12 26 14 36 21 26 22 37 11 1 10 3 10 5 15 6 38 10 23 11 15 13 22 14 14 16 20 17 39 21 17
8 3 4 21 13 15 16 15 12 2 34 3 36 5 35 7 32 9 43 10 27 12 11 16 48 18 19 19 36 20 35 22 41 6 4 43 6 32 16 21 19 16 20 23 21 18 5 3 28 4 21 6 36 8 18 12 20 10 2 49 3 43 6 49 8 14 10 20 15 25 16 38 19 47 21 34 22 35 3 9 45 10 29 16 41 3 1 39 6 50 15 31 7 1 29 4 17 5 30 9 32 13 41 14 19 16 29
3 9 2 19 6 47 7 40 8 13 10 29 12 37 16 24 17 31 18 49 11 1 41 2 25 4 48 9 50 10 13 11 42 14 50 15 21 18 12 19 33 21 45 6 3 23 6 35 9 23 12 12 20 10 22 17
6 11 1 23 2 34 4 44 7 38 8 11 9 35 11 13 16 37 19 13 20 39 21 47 13 1 41 4 47 5 16 6 42 9 13 12 45 14 35 16 38 17 26 19 32 20 22 21 12 22 32 9 1 31 2 41 4 28 6 12 9 25 12 24 14 29 20 35 21 43 12 2 35 3 21 5 28 6 10 7 10 8 35 10 41 12 10 15 17 16 16 20 43 21 35 7 2 11 7 41 10 12 15 11 16 37 20 24 22 18 10 3 29 5 14 7 21 8 32 9 26 10 20 12 42 14 16 16 21 20 30
3 10 1 47 2 46 4 44 5 43 7 35 16 21 18 25 19 21 20 31 21 21 11 2 33 3 19 5 13 6 49 8 18 11 37 15 37 18 32 19 26 20 19 22 13 6 7 38 10 42 13 20 16 21 17 28 20 20
4 8 3 36 5 24 10 49 11 26 13 26 15 11 20 40 22 50 11 1 20 3 10 4 37 7 13 9 10 10 23 14 40 16 37 18 22 19 40 22 45 12 4 32 5 11 9 15 11 18 12 11 13 46 16 22 17 17 18 48 19 13 20 39 22 35 13 3 49 7 12 8 49 9 13 10 22 11 33 13 20 14 38 17 39 18 46 20 34 21 14 22 37
7 5 3 19 5 16 9 45 13 36 14 36 13 2 49 4 41 5 44 6 39 7 32 9 44 11 43 12 31 16 38 18 22 19 23 21 29 22 14 6 3 22 7 40 14 22 16 46 19 14 21 21 10 6 48 8 39 9 43 12 50 16 28 17 47 18 19 19 31 20 16 21 30 4 10 35 11 17 16 13 22 40 11 2 26 5 18 8 14 9 45 10 42 13 32 14 27 15 14 16 27 17 14 19 31 10 1 39 2 14 3 23 7 48 9 39 10 11 13 20 16 42 17 27 20 23
7 13 1 42 3 43 4 14 5 40 6 29 7 27 13 20 14 31 15 29 16 27 20 48 21 20 22 19 13 1 25 2 17 5 15 7 16 10 14 11 45 13 48 15 19 17 42 18 43 19 35 20 33 21 43 13 1 46 2 38 3 40 4 13 6 16 8 46 10 47 11 28 16 20 18 31 19 26 20 49 21 41 6 2 29 7 17 9 31 11 43 19 27 20 18 4 1 31 2 29 11 25 19 43 10 3 20 4 50 11 30 13 16 15 21 16 38 18 28 19 21 20 50 22 44 3 3 49 13 21 22 10
8 3 3 37 12 37 16 31 6 7 11 9 18 10 34 18 18 19 47 22 32 10 1 43 2 32 6 50 7 29 10 29 13 32 15 33 16 41 18 24 22 27 12 1 25 2 23 3 47 4 15 6 43 8 32 10 49 12 10 13 18 14 35 15 40 17 30 8 3 42 4 14 6 37 8 46 9 14 16 38 20 41 22 17 7 2 14 8 20 10 13 13 25 15 49 19 27 21 19 3 4 17 13 34 20 22 4 6 13 16 34 19 18 21 18
7 10 2 46 3 40 7 46 11 29 12 44 13 20 15 39 16 24 17 24 21 14 3 3 43 12 23 21 22 13 1 40 2 30 3 39 6 46 7 15 9 49 13 48 14 46 15 24 18 14 19 16 20 27 21 11 13 1 19 2 31 3 11 7 31 8 43 9 19 13 15 14 40 16 13 17 37 18 14 19 30 20 33 9 1 39 4 18 7 49 8 33 11 10 12 20 14 40 18 38 19 18 8 1 42 5 33 11 22 14 41 15 36 18 36 20 47 22 42 12 2 49 3 13 8 42 11 21 12 48 14 27 16 16 17 19 18 48 19 34 20 38 22 33
8 4 1 13 4 17 6 48 14 27 8 3 22 7 14 10 13 11 12 15 21 18 46 20 32 22 10 13 1 21 4 49 5 28 7 37 9 27 10 47 11 17 12 19 14 12 15 32 17 36 19 50 20 40 3 8 37 10 26 14 17 7 2 14 8 44 14 42 16 23 17 28 20 30 21 28 7 1 25 2 47 4 26 10 15 14 42 18 30 19 48 6 1 47 2 43 4 30 10 50 12 42 14 22 10 2 23 3 21 4 32 5 25 10 31 13 37 15 42 16 33 19 23 20 30
8 4 4 45 8 13 13 22 15 35 6 1 10 3 26 4 35 11 16 15 32 17 25 12 4 39 5 24 6 16 7 40 9 47 11 27 13 39 15 23 17 30 18 49 19 25 22 23 6 10 28 13 42 15 19 20 43 21 49 22 12 6 6 43 11 40 13 36 15 46 19 40 21 32 3 1 21 8 50 19 19 7 4 12 7 44 12 25 17 27 18 37 19 19 20 19 3 3 47 10 46 15 40
8 7 4 13 6 22 9 47 11 40 12 41 18 49 19 50 5 13 15 14 14 18 12 19 20 21 12 4 1 11 14 23 18 16 19 24 9 2 35 3 13 5 20 12 13 13 10 14 38 15 40 16 33 21 17 11 1 25 6 20 7 34 9 19 11 49 12 40 13 50 16 45 18 32 20 41 21 42 6 1 32 5 45 7 17 10 50 19 17 20 26 5 9 16 11 32 13 23 17 15 21 30 10 1 24 3 28 4 23 7 44 10 39 14 27 16 34 17 15 21 19 22 23
6 10 2 41 3 12 5 32 6 31 7 26 10 33 11 31 17 35 18 35 21 38 7 3 45 7 20 8 31 14 42 18 43 19 13 22 40 3 3 24 5 50 8 15 3 7 49 12 48 22 34 3 11 24 13 50 18 46 7 2 39 3 27 4 20 6 31 7 28 13 32 20 39
5 5 4 37 6 35 12 24 17 30 20 48 12 2 10 3 27 4 27 6 18 7 44 9 42 12 27 15 16 16 25 19 50 20 38 21 38 3 5 16 13 15 14 39 12 1 37 2 12 3 42 4 48 5 36 9 14 14 24 15 49 16 22 18 24 19 35 20 24 12 1 21 2 37 3 45 4 34 5 23 8 27 9 40 12 15 17 37 18 27 21 13 22 30
8 12 1 28 4 23 5 10 6 44 7 32 9 10 13 45 14 38 17 36 18 43 19 12 21 16 9 1 23 3 25 7 24 10 24 11 40 12 19 15 24 19 38 21 42 3 2 47 5 48 13 20 6 4 44 9 39 12 29 18 23 21 47 22 10 6 4 34 5 13 9 50 14 15 15 31 20 19 12 2 26 3 22 4 42 5 32 6 29 11 46 12 41 14 10 17 27 19 19 20 33 22 25 8 3 19 8 19 10 35 11 35 12 37 13 27 14 30 17 40 9 2 47 3 28 5 10 6 18 7 37 8 27 11 16 12 10 20 45
8 9 4 21 6 15 7 33 10 36 13 14 14 41 19 37 20 15 21 20 7 3 22 6 41 10 13 14 50 16 28 17 27 22 27 7 5 33 6 11 11 10 12 17 13 25 14 50 22 50 11 3 38 4 38 5 25 6 19 9 46 10 10 11 20 15 18 19 13 21 27 22 47 5 1 39 7 11 16 24 21 43 22 14 11 1 45 5 21 6 13 7 19 8 28 11 48 14 18 15 40 19 20 20 20 21 28 3 2 17 11 42 19 36 11 2 33 5 43 7 42 9 45 13 39 14 45 15 42 16 26 20 47 21 17 22 21
5 12 1 15 3 50 5 38 6 48 7 39 10 10 14 47 15 13 16 25 18 10 20 17 22 15 7 3 37 4 46 12 24 16 10 18 12 20 41 21 12 10 3 21 4 46 5 46 6 33 11 48 14 20 15 17 17 14 19 26 21 36 6 4 22 5 14 6 27 8 32 19 21 22 46 12 2 26 3 46 5 38 7 26 9 26 11 41 14 33 16 20 17 30 19 15 20 41 21 26
3 10 7 11 8 26 9 28 10 10 12 24 15 34 16 28 18 21 21 46 22 27 5 4 18 7 32 11 41 15 35 20 29 7 7 26 10 49 12 47 13 18 14 14 18 48 22 26
8 3 3 10 12 34 19 33 9 1 47 9 17 10 11 11 21 13 18 14 10 15 24 16 21 21 41 6 1 47 2 48 17 49 18 10 19 33 22 28 3 7 42 11 15 19 15 5 1 38 4 28 10 35 11 43 16 37 5 2 14 3 17 4 45 12 11 22 31 11 1 26 2 12 6 42 8 40 9 35 10 24 14 27 16 49 17 40 18 27 22 40 3 8 22 12 21 21 11
6 4 3 20 5 14 6 45 10 34 3 5 32 6 25 10 17 12 1 31 2 21 3 12 6 44 7 36 12 41 15 24 16 18 17 22 18 44 20 18 22 16 10 1 29 2 35 4 48 7 31 8 35 9 39 11 12 17 44 18 15 22 30 3 1 45 5 10 16 49 4 1 37 3 10 11 32 16 35
7 6 1 20 11 39 14 35 16 18 19 10 22 22 13 1 42 4 16 5 13 7 38 8 43 9 24 11 50 13 38 14 45 15 26 17 26 18 10 21 46 4 1 10 8 12 12 18 14 36 9 2 15 8 40 9 16 13 26 15 22 17 24 20 19 21 15 22 19 3 9 37 10 21 12 37 9 1 30 3 49 7 42 8 26 10 46 12 42 13 13 20 23 21 31 3 6 25 15 41 20 18
7 3 2 21 6 41 8 36 3 8 11 13 30 15 31 10 1 45 2 34 5 12 6 21 8 29 9 48 14 19 16 32 17 33 20 45 13 2 48 4 38 5 44 6 17 7 48 9 36 10 15 12 17 14 17 16 33 19 21 21 32 22 49 12 3 32 5 28 6 20 7 28 8 44 10 15 12 24 13 24 15 50 17 47 20 37 21 29 6 9 30 11 33 13 18 17 32 21 42 22 16 5 4 17 5 34 9 29 17 18 22 27
4 10 2 50 4 38 8 44 9 19 11 16 12 24 13 39 14 22 15 39 16 10 5 2 17 3 23 8 34 14 21 15 33 5 2 22 9 15 11 34 12 15 14 18 9 3 10 6 25 7 29 13 22 16 44 17 44 19 47 20 10 22 17
4 13 2 24 3 18 6 32 7 36 9 49 10 32 11 36 12 36 13 16 15 16 17 27 19 40 22 38 5 7 29 8 43 12 28 15 10 22 23 8 5 19 7 22 10 32 11 34 12 19 18 46 19 24 21 33 6 2 21 5 24 17 14 19 17 20 29 22 31
7 3 6 44 18 33 20 35 5 3 10 7 34 15 43 19 19 22 36 8 3 18 7 32 9 50 13 41 14 49 16 25 19 47 22 13 12 1 15 2 28 3 35 4 12 6 25 7 35 13 49 14 21 15 39 18 43 19 40 20 48 7 2 42 12 18 16 33 18 50 20 10 21 29 22 33 12 2 24 3 41 5 47 9 18 10 12 11 41 12 16 14 35 16 49 17 14 18 42 20 35 9 3 33 4 34 8 30 9 26 10 49 11 35 14 33 18 15 19 34
7 7 1 25 7 40 13 17 17 16 18 22 19 28 22 36 6 2 32 5 45 9 18 13 33 17 45 21 28 5 1 23 3 27 8 11 20 20 22 16 8 1 16 2 40 4 25 8 46 9 32 13 22 14 35 20 36 9 2 26 6 14 9 47 10 19 13 40 15 12 17 13 18 36 19 36 8 5 48 7 44 8 47 11 39 14 31 16 34 17 27 18 27 10 1 23 2 28 6 46 8 38 12 31 16 24 17 17 18 25 20 47 21 40
6 8 3 41 4 38 6 44 7 28 8 50 10 13 12 14 17 30 5 2 39 7 15 16 41 20 39 22 29 11 2 31 5 39 7 12 11 37 12 14 15 21 16 48 18 30 19 10 20 44 22 23 7 3 16 6 45 10 39 14 38 16 15 20 29 22 28 8 5 39 6 12 7 24 8 22 9 27 14 40 15 31 22 24 6 3 28 4 28 5 27 6 32 8 39 19 15
5 13 1 21 4 14 5 37 7 14 10 42 11 50 12 27 13 13 15 18 16 17 20 16 21 33 22 33 12 2 38 6 17 7 10 10 15 11 29 12 31 15 26 17 15 18 42 19 40 21 39 22 19 7 1 19 2 41 9 15 10 37 15 36 17 13 20 27 3 8 50 11 40 18 41 7 4 16 5 43 13 36 17 46 18 17 20 45 22 38
4 13 5 33 6 14 7 30 8 20 10 42 12 46 14 24 15 25 16 20 17 32 18 35 20 23 22 45 7 2 29 4 12 10 35 12 50 16 10 19 46 20 38 5 1 39 2 38 14 19 20 23 22 30 7 1 47 10 28 13 40 14 33 16 25 18 42 20 46
5 8 1 48 2 12 4 40 9 22 11 37 15 47 18 29 22 23 10 3 21 5 12 6 12 8 43 9 22 10 27 15 30 18 34 19 41 22 13 5 4 27 5 45 7 33 10 16 11 19 7 2 33 3 14 4 12 10 24 13 49 15 49 20 48 11 1 15 2 36 4 15 10 44 11 43 13 42 14 28 15 35 19 19 20 24 22 18
6 7 9 37 13 18 14 17 15 17 17 13 19 33 20 31 9 1 35 2 45 3 31 6 32 7 15 14 10 16 50 21 29 22 15 7 3 26 6 33 10 13 11 10 15 37 17 24 18 21 4 1 41 9 37 11 10 17 16 9 1 22 3 20 6 41 7 35 8 49 12 12 13 45 18 25 22 48 3 14 16 16 39 20 10
7 5 2 32 8 36 10 21 14 33 20 43 10 3 22 4 18 7 20 8 12 9 31 14 38 15 39 16 36 18 36 22 12 7 1 27 2 22 4 31 16 28 17 47 18 25 20 39 4 5 26 11 32 13 13 18 40 6 2 45 3 45 10 45 13 20 15 45 18 29 3 3 31 16 26 18 28 10 2 36 6 47 8 48 13 20 14 24 15 35 18 11 19 16 20 15 22 15
8 9 1 14 3 43 4 47 7 11 10 31 14 27 15 31 18 26 19 36 11 1 10 4 14 6 31 7 36 9 22 11 23 14 41 15 10 16 29 17 30 22 18 9 1 41 5 23 10 31 12 27 13 11 15 19 19 29 20 31 21 29 12 1 19 8 14 10 46 11 38 12 24 13 24 14 49 16 15 18 30 19 18 21 32 22 10 11 1 47 2 47 5 47 7 34 8 18 9 28 12 24 13 16 19 33 21 49 22 23 10 4 12 6 26 10 24 13 10 14 33 15 45 19 34 20 28 21 12 22 43 9 1 28 3 32 5 24 6 49 7 37 9 38 16 12 19 33 21 33 4 1 13 2 17 3 33 6 23
5 4 6 15 10 12 11 45 16 40 12 1 48 3 17 4 38 5 16 6 27 8 44 10 25 14 10 15 23 16 33 17 35 18 16 10 3 18 8 47 10 39 11 28 12 37 15 40 17 14 18 47 19 24 22 11 12 1 33 2 20 3 27 4 49 8 22 10 44 11 26 14 29 15 34 18 14 20 42 21 46 6 1 40 3 48 4 34 7 49 13 35 14 41
7 6 3 14 8 19 13 11 16 29 19 43 20 24 5 3 23 14 13 15 31 17 21 20 33 12 1 41 2 33 3 30 4 35 7 24 10 16 11 42 12 42 15 12 17 36 18 40 19 26 10 1 11 5 38 7 24 8 50 11 34 12 37 18 21 19 24 20 11 22 41 13 1 42 2 14 3 19 4 18 6 33 7 26 12 33 14 40 17 46 18 12 19 25 20 31 21 16 4 1 21 2 20 16 41 21 48 7 2 30 4 50 5 46 7 11 8 42 11 43 12 14
7 4 3 17 6 26 18 18 22 45 11 1 27 3 20 5 25 6 34 7 47 8 16 9 24 13 12 15 36 18 48 19 49 12 2 38 3 17 4 17 5 18 6 35 8 16 14 34 15 50 17 22 18 45 19 29 21 43 10 2 30 4 33 6 41 7 45 8 50 9 19 10 25 14 37 15 32 21 44 3 8 12 9 17 21 40 9 2 23 5 32 9 11 10 22 12 21 14 46 18 50 20 19 22 38 3 1 39 6 42 10 22
3 13 1 50 3 49 5 11 6 26 8 50 9 42 10 43 14 49 15 14 17 43 19 24 21 33 22 30 10 2 27 5 15 7 50 8 25 10 10 16 50 18 10 19 36 20 50 21 15 11 2 19 3 33 4 48 5 38 8 12 11 13 12 25 14 22 18 10 19 16 20 23
5 5 1 23 10 35 12 35 15 19 20 41 5 5 42 8 41 15 28 20 17 21 47 5 2 48 3 15 7 42 10 22 18 24 5 3 41 4 15 6 14 13 28 16 29 7 2 50 3 28 6 29 8 34 10 50 12 14 14 50
8 10 3 24 4 13 7 15 8 32 12 15 15 37 16 17 19 33 20 18 22 27 12 2 25 4 37 5 43 6 18 8 40 13 14 14 48 15 32 18 48 19 12 21 14 22 43 6 4 26 6 21 14 15 15 11 16 20 17 14 8 3 29 4 17 10 50 12 15 14 45 16 25 18 31 20 33 4 5 17 6 44 9 16 19 18 12 1 34 2 42 4 38 7 15 8 42 9 16 10 32 11 43 13 21 16 31 17 12 21 21 9 1 10 5 16 8 14 9 42 10 34 11 33 14 17 18 29 19 22 3 15 15 17 17 22 25
5 8 4 40 5 47 7 31 10 44 12 31 13 39 16 28 21 16 10 1 25 2 21 4 44 7 23 8 21 10 18 11 12 17 47 19 25 20 22 12 1 10 2 46 3 25 4 48 5 39 9 16 11 50 13 31 14 18 16 22 20 41 22 32 6 2 21 4 14 6 10 7 49 12 24 14 19 12 1 28 4 22 5 48 7 19 8 29 9 34 11 48 16 32 18 32 19 48 20 19 21 24
7 9 3 14 4 39 5 28 6 13 8 48 12 43 15 46 20 18 21 32 11 1 48 4 21 6 13 8 35 9 13 12 21 13 35 14 32 16 47 18 37 20 28 10 2 15 3 49 7 36 9 22 10 46 11 49 15 25 16 31 19 35 20 16 3 1 47 6 48 13 32 6 2 10 3 11 6 30 11 33 12 19 22 45 11 3 34 5 25 6 21 8 47 10 38 12 13 17 42 19 16 20 10 21 16 22 43 12 1 49 2 19 4 50 5 24 7 12 8 23 10 46 12 44 15 21 18 39 19 16 21 36
8 5 9 20 14 19 16 30 18 41 19 22 13 2 37 4 39 6 20 8 20 10 22 13 28 14 24 15 12 17 19 18 24 20 36 21 25 22 49 13 4 34 5 37 7 32 8 32 10 40 11 39 12 44 13 15 14 36 15 12 17 27 19 26 20 16 10 1 19 3 45 5 25 6 46 7 47 10 24 13 22 14 43 18 27 22 32 9 5 13 6 30 7 47 8 45 12 19 13 44 16 13 18 25 20 45 6 5 34 9 43 12 46 13 10 15 50 20 47 12 1 41 2 31 4 31 5 35 6 26 7 12 12 19 14 11 15 10 17 35 18 50 21 41 8 2 34 7 27 9 50 12 10 14 22 15 23 20 16 22 45
6 8 1 50 2 39 4 12 11 47 12 28 13 48 21 42 22 27 7 1 12 4 10 7 25 9 41 12 45 13 17 18 50 5 8 47 13 48 16 38 17 18 19 10 8 2 32 4 47 6 18 9 42 10 31 14 43 18 50 22 13 12 1 30 2 47 3 26 5 36 6 20 9 28 10 28 13 39 15 11 17 32 18 22 21 27 4 3 36 7 11 10 23 17 11
3 7 8 37 9 26 10 11 11 38 12 44 13 26 16 24 13 1 48 5 31 6 19 8 40 9 22 10 44 11 40 12 27 13 17 15 35 16 32 21 25 22 38 9 1 50 3 44 4 41 5 17 7 43 15 49 16 35 18 10 19 27
7 12 3 17 5 45 6 31 9 30 10 40 12 28 13 36 14 15 15 49 17 50 20 41 21 22 11 4 42 5 43 6 31 8 11 10 44 11 14 12 28 14 14 17 21 19 32 21 33 12 2 31 4 18 9 32 10 26 11 17 13 42 16 17 17 10 18 27 20 43 21 26 22 30 8 1 45 2 13 8 14 13 17 14 13 15 32 18 19 20 46 12 3 38 4 27 5 31 6 26 10 48 11 18 12 36 15 23 17 41 19 44 20 16 21 43 11 1 48 10 47 11 15 13 47 14 45 16 16 17 21 18 45 20 10 21 29 22 28 6 3 37 5 27 10 35 13 13 17 25 19 45
4 13 2 15 4 13 5 15 6 48 7 17 8 20 9 14 10 27 14 21 15 47 18 34 20 13 22 40 3 6 31 15 31 16 49 9 1 11 2 11 3 25 6 33 9 20 10 14 12 21 15 29 19 42 10 4 16 6 21 7 23 8 35 12 11 14 19 15 21 16 29 19 34 22 24
4 7 2 15 4 24 9 10 10 49 13 36 14 37 17 41 10 1 43 5 38 6 38 9 47 10 48 12 18 14 20 16 50 17 20 21 18 5 10 22 14 25 17 16 18 20 22 11 10 2 40 3 21 4 15 7 40 10 43 11 49 13 20 17 32 18 30 22 48
3 4 6 42 9 32 10 20 17 45 3 1 49 3 29 12 12 8 1 14 3 40 5 19 9 13 10 30 14 43 19 45 22 35
6 7 4 47 5 14 6 45 9 37 13 12 18 28 22 34 6 1 40 9 37 10 26 11 13 12 31 16 17 6 7 27 9 26 11 11 13 19 19 22 20 12 9 1 34 5 17 7 25 11 37 15 22 16 49 18 21 19 24 22 26 8 1 25 2 44 5 13 7 23 15 13 16 30 17 28 22 49 9 1 48 2 32 3 20 10 49 12 19 15 29 20 46 21 29 22 34
7 13 1 20 3 33 4 25 6 31 9 48 10 34 12 42 14 14 15 23 16 35 17 38 19 36 20 40 10 4 50 6 42 8 32 9 21 10 23 14 41 17 33 18 19 20 24 22 25 6 2 21 8 41 9 29 10 46 11 35 20 26 7 2 39 3 34 7 20 11 35 14 22 18 22 19 17 4 3 44 6 34 10 25 20 38 6 5 30 8 19 10 34 12 15 17 25 18 32 8 6 28 7 23 8 31 14 19 18 40 19 25 20 50 21 14
5 6 1 13 2 36 12 36 14 27 16 28 17 38 10 1 32 2 37 4 27 7 16 10 27 13 33 15 12 17 16 19 41 22 10 12 4 40 5 45 8 44 9 15 10 26 11 10 12 22 14 25 17 19 18 42 19 48 22 39 9 1 22 3 29 5 24 6 21 8 30 15 12 19 21 20 18 21 19 12 3 27 4 37 5 26 8 10 10 10 11 20 13 48 14 22 15 17 17 48 19 14 22 18
3 12 1 37 2 15 3 40 5 16 6 30 10 13 11 50 12 31 14 37 17 10 20 49 22 33 4 3 30 11 21 18 26 19 18 11 3 36 4 40 5 33 7 25 8 46 9 11 11 31 12 50 18 30 19 40 22 25
6 6 3 43 4 32 5 13 6 45 9 34 17 47 10 2 16 4 16 5 26 7 46 9 23 11 13 12 48 16 23 17 43 18 50 13 1 41 2 25 3 47 8 46 10 45 13 44 14 32 15 13 16 38 17 24 18 48 19 33 20 22 11 1 17 3 27 5 42 6 19 8 44 10 20 11 35 15 41 19 26 21 15 22 13 12 3 27 4 27 5 42 6 26 7 28 8 19 16 22 17 14 18 37 19 50 20 21 22 17 11 1 31 2 11 3 18 6 17 8 50 9 16 12 50 15 50 16 11 18 31 19 28
5 12 1 40 5 27 6 28 8 28 9 47 12 30 13 47 14 12 15 30 16 10 21 17 22 50 9 3 38 4 38 5 10 10 27 15 13 17 13 18 48 20 40 21 38 3 2 18 3 47 14 28 9 3 38 4 47 10 13 12 15 13 38 17 43 18 10 20 30 21 46 7 4 37 6 34 7 16 11 34 15 45 16 13 21 27
4 4 1 16 2 16 3 19 20 47 9 2 30 5 27 8 23 11 11 12 50 13 46 15 48 19 17 20 20 13 1 15 4 23 5 10 6 50 7 22 8 11 9 18 11 48 12 32 13 46 14 29 18 24 21 19 3 2 29 16 30 20 33
4 5 12 21 16 38 17 23 18 35 19 34 9 1 10 3 48 4 50 5 10 6 16 9 24 11 43 17 36 21 46 4 9 40 10 47 16 22 18 38 4 4 23 5 19 8 18 15 47
5 10 1 43 2 38 3 42 5 40 6 33 7 28 9 20 13 39 16 31 20 26 3 9 42 16 46 21 49 13 1 50 5 11 6 13 7 27 9 25 11 38 14 14 16 13 17 24 18 17 19 45 20 35 22 42 13 2 15 4 48 5 48 7 10 10 14 11 32 12 10 14 36 16 15 18 45 19 25 20 35 22 39 11 2 32 4 26 8 12 9 49 10 20 11 17 15 38 16 45 17 45 18 19 22 42
3 10 4 25 6 27 7 19 10 45 11 20 12 44 13 46 15 41 17 20 21 34 12 2 46 3 37 4 28 5 16 7 25 9 15 13 34 14 24 17 42 18 42 19 20 22 12 5 1 38 5 41 12 38 14 46 15 20
4 9 5 48 6 47 10 44 12 27 13 20 16 39 18 45 19 34 20 20 8 2 27 4 28 7 44 9 38 13 47 16 28 18 12 21 13 13 3 29 4 16 8 32 9 43 10 13 13 42 15 41 17 27 18 25 19 44 20 42 21 14 22 20 13 1 24 2 14 7 15 8 48 10 39 12 29 13 16 15 48 17 44 18 34 19 38 21 44 22 26
7 4 9 41 12 45 18 18 21 46 6 6 10 9 10 10 45 13 23 15 44 22 37 3 14 29 19 10 21 36 7 1 36 7 25 8 26 11 16 17 32 20 48 21 42 7 4 19 6 19 10 50 11 11 13 40 19 15 21 35 6 11 26 12 27 14 23 15 39 16 19 18 41 8 2 22 8 48 9 28 10 40 15 23 16 23 19 18 20 49
8 7 1 23 2 27 3 11 4 10 10 50 16 21 17 37 4 3 34 9 41 12 20 19 10 6 5 34 7 45 8 47 11 10 20 14 21 29 10 1 30 2 32 3 38 4 38 5 36 13 34 14 28 15 21 16 15 21 15 11 1 45 2 41 3 39 6 34 7 13 9 31 10 16 17 19 18 34 20 35 21 38 9 3 31 7 31 8 49 9 18 11 44 12 36 15 36 17 39 20 25 5 5 21 7 26 10 23 15 44 20 36 3 5 31 16 25 19 49
5 10 2 19 4 26 5 39 7 31 8 39 11 49 12 20 13 14 14 19 17 15 13 1 33 2 48 3 14 4 46 5 47 8 22 9 25 12 39 14 23 15 27 17 23 18 27 19 50 7 1 38 3 43 6 12 12 14 17 36 19 25 20 49 8 2 12 3 44 8 47 12 12 14 38 15 43 21 30 22 18 13 1 30 2 18 3 22 9 48 10 49 14 15 15 16 16 45 17 36 19 34 20 26 21 42 22 26
5 7 2 30 3 18 8 14 12 21 15 49 16 42 20 21 11 1 47 5 25 7 49 8 18 10 20 11 37 13 22 14 21 15 19 16 30 22 15 11 1 26 6 46 7 39 8 40 9 42 12 42 14 35 15 35 17 33 20 43 21 22 7 4 40 5 21 7 42 13 12 15 19 19 50 22 17 6 1 14 4 45 5 50 6 46 12 41 14 20
4 10 4 45 6 43 7 31 8 26 11 35 13 13 17 16 18 49 20 45 22 20 3 1 24 2 12 14 39 11 2 44 3 14 4 14 6 40 7 22 8 31 10 21 12 24 17 41 18 23 22 40 4 6 24 15 10 19 20 22 12
3 10 1 49 6 10 7 26 10 16 13 46 14 25 15 46 16 40 21 46 22 43 13 1 22 2 22 4 24 5 11 6 49 10 46 13 47 14 13 16 38 18 33 19 35 20 36 22 44 10 1 23 2 29 6 34 8 30 10 26 13 44 16 30 19 48 20 24 22 48
7 4 4 12 7 11 14 36 16 41 4 3 49 4 44 7 50 15 11 12 1 45 6 33 8 13 9 31 10 49 11 18 12 41 15 50 17 16 19 42 21 12 22 13 8 2 45 3 26 4 27 9 43 10 12 17 27 21 42 22 49 4 10 43 17 26 19 27 20 40 6 5 10 12 23 13 43 17 38 18 47 20 37 9 3 40 6 28 8 18 11 41 12 44 16 40 19 38 20 42 22 33
3 3 10 11 14 22 17 27 9 1 32 5 32 7 22 8 13 9 25 10 43 13 38 15 36 22 30 11 2 17 5 18 8 42 9 37 10 13 12 22 15 14 16 32 18 18 19 36 21 42
6 8 1 28 6 26 8 49 10 45 11 43 16 26 20 16 21 14 10 1 21 2 38 6 36 8 23 10 38 12 47 14 27 16 38 17 39 20 46 8 2 36 3 12 6 10 8 41 10 41 15 26 18 25 19 23 10 2 15 3 21 4 17 7 36 9 16 12 45 14 42 15 48 16 33 17 30 7 6 50 7 39 12 40 14 15 18 20 19 10 21 31 5 1 13 3 44 10 28 16 29 21 11
6 7 1 21 3 33 4 25 5 45 13 44 19 24 21 37 3 1 48 13 20 17 11 3 1 37 10 49 14 10 11 1 23 4 40 5 14 7 33 8 31 10 33 12 45 13 31 18 42 19 43 20 14 6 1 10 2 50 5 46 11 23 14 12 22 43 4 1 23 7 39 12 42 14 45
8 3 9 48 16 42 21 19 4 5 18 10 10 20 29 21 35 8 4 25 7 27 8 44 11 21 17 10 18 50 19 40 21 21 11 1 21 5 33 6 33 7 19 8 15 10 17 11 22 13 34 16 24 18 20 20 12 5 1 41 6 32 12 30 14 37 16 45 6 2 29 12 45 13 45 18 39 19 30 20 45 4 11 41 13 42 15 48 20 47 7 1 42 5 32 7 22 8 40 10 22 12 22 21 44
4 11 1 10 2 25 3 42 5 48 7 10 8 10 11 15 12 38 14 49 20 15 21 38 12 2 16 3 14 4 33 6 50 8 32 9 20 10 34 14 21 18 38 19 42 20 34 21 31 5 4 43 9 38 15 44 16 33 18 47 6 3 25 4 38 10 22 11 26 13 13 18 47
4 8 3 10 4 28 5 35 9 27 12 37 14 37 18 31 22 17 9 1 49 2 31 3 45 6 16 9 16 11 20 13 49 18 32 20 42 3 15 34 16 47 21 21 10 1 38 5 39 6 40 8 46 9 44 10 18 16 44 18 36 20 49 22 37
4 8 1 43 2 13 6 32 7 36 12 37 13 17 15 37 22 47 9 3 46 5 21 6 45 11 41 12 14 14 31 16 24 18 26 21 48 7 4 11 6 38 14 13 15 12 16 10 17 23 20 26 12 2 28 4 19 5 23 6 21 7 15 8 36 9 34 11 43 13 25 16 21 21 12 22 48
8 3 15 34 19 33 22 49 12 1 14 7 45 8 16 11 37 12 22 13 40 14 27 15 43 18 50 19 21 20 30 22 18 10 3 19 5 27 6 44 8 47 9 41 10 16 13 25 17 49 18 38 20 38 7 2 23 3 22 9 18 15 40 18 32 19 20 20 37 5 5 31 6 26 8 45 16 43 17 47 8 2 14 6 27 8 35 9 17 11 37 14 48 16 16 20 31 7 3 27 11 19 12 39 13 21 15 24 16 14 19 46 9 5 47 7 50 8 38 9 30 11 41 12 48 13 27 16 16 18 16
6 7 3 27 4 43 5 11 9 49 10 33 15 50 20 48 12 1 50 2 40 4 48 5 34 9 33 11 34 12 42 17 48 18 33 20 14 21 39 22 49 4 3 34 5 23 13 35 15 38 8 1 23 3 49 12 14 13 34 15 11 20 27 21 23 22 40 7 2 15 5 44 6 40 11 18 16 24 18 38 20 14 11 2 11 3 12 4 15 5 22 6 26 8 19 11 10 14 50 15 30 17 10 18 12
3 6 10 46 12 10 14 35 17 36 21 15 22 31 11 1 12 5 36 6 41 8 35 9 26 11 35 13 39 15 39 17 32 20 28 21 36 11 3 19 4 47 5 17 6 43 8 32 12 13 13 29 14 29 15 30 18 11 19 38
44 100 92 63 129 51 87 57 71 101 86 130 111 154 144 102 105 76 104 128 81 53 146 113 85 112 63 62 107 131 92 67 53 92 98 116 121 83 106 128 42 68 140 74 135 123 111 44 104 64 49 41 88 109 87 54 97 70 63 62 83 50 71 116 100 99 78 56 44 90 36 112 94 108 72 48 58 121 87 41
2 1 3 3 1 1 2 2 2 1 3 1 2 2 3 1 1 3 1 3 3 3
# Instance ID: 87
# Size type: large
# Total operations: 447
# Actual flexibility: 0.362
# Generated: 2026-02-07 22:12:21
# Format: Extended Brandimarte format for MOFJSP