93 24
4 6 2 17 4 43 6 37 7 28 11 38 19 11 7 2 25 3 38 6 28 7 27 11 41 12 17 17 32 9 1 26 2 45 4 42 7 24 11 42 12 19 16 37 18 44 21 19 3 2 19 3 16 5 30
3 5 2 37 6 40 13 46 16 33 22 41 8 4 11 5 11 12 37 14 48 15 39 17 25 22 37 23 31 11 4 16 5 17 6 10 7 50 9 45 11 15 15 41 19 42 21 22 22 15 23 24
4 8 2 17 3 40 7 36 14 33 15 42 18 42 19 15 20 43 11 1 13 3 38 5 32 6 44 8 26 13 46 14 22 15 49 18 17 19 40 23 44 5 2 27 7 27 9 29 14 23 18 27 3 6 30 11 47 17 48
4 4 2 41 4 30 15 37 17 34 14 1 20 3 13 4 10 7 39 8 23 9 45 11 35 13 31 15 28 16 24 17 38 18 10 19 16 22 17 5 6 48 13 39 17 18 19 18 20 26 12 3 12 7 16 8 24 10 16 11 11 14 49 15 44 16 37 17 18 18 26 20 33 24 22
7 4 4 18 11 34 16 31 18 18 5 1 43 4 26 13 36 15 37 23 37 8 2 13 3 23 6 38 9 27 10 47 12 38 14 22 18 37 7 3 29 6 48 12 45 14 38 16 37 20 50 21 29 4 11 18 12 17 16 25 24 14 14 2 38 3 37 6 41 8 21 9 21 10 11 13 41 15 15 17 14 19 23 20 33 22 11 23 24 24 22 9 5 37 7 40 10 40 14 27 16 28 17 41 19 22 20 20 21 28
3 8 4 40 9 20 11 39 12 35 14 12 15 26 19 14 22 21 11 3 45 4 22 5 47 9 34 10 23 13 21 16 27 19 41 22 12 23 10 24 29 5 11 27 12 40 19 17 22 20 24 13
3 3 3 34 8 45 15 12 11 2 40 5 30 6 22 7 18 8 49 9 46 12 46 13 44 15 24 16 46 18 16 11 2 29 10 42 11 21 12 27 16 36 17 28 19 17 20 14 21 43 23 43 24 10
3 6 1 37 2 16 9 37 13 48 15 23 24 44 7 1 41 3 10 8 38 13 20 16 14 17 45 23 33 3 5 14 13 35 18 25
3 7 2 49 10 11 11 17 13 40 17 32 22 20 23 29 3 1 39 3 33 23 33 3 10 25 19 30 22 38
3 11 1 43 3 41 4 48 5 18 10 44 12 25 15 47 16 20 20 48 22 17 24 19 6 3 27 4 12 16 13 17 41 18 26 22 24 5 6 26 13 23 18 20 21 24 24 41
7 9 2 19 5 28 7 40 9 21 11 18 13 20 16 37 17 28 21 40 5 8 25 10 20 17 50 21 34 24 12 13 4 23 5 29 6 27 7 14 8 39 9 24 11 11 13 49 15 42 18 15 21 42 22 15 24 46 14 4 20 5 18 6 42 8 42 9 24 10 19 13 11 14 49 15 24 16 47 18 41 22 26 23 49 24 45 3 1 49 6 24 20 36 10 3 27 5 29 9 19 10 48 11 39 12 24 15 41 18 19 20 37 22 45 6 6 22 7 41 8 32 9 33 18 38 22 50
5 13 3 17 4 19 6 36 7 26 8 32 11 34 14 49 16 34 18 38 20 32 22 38 23 12 24 32 10 3 24 4 24 8 33 12 35 13 20 16 50 17 33 18 31 20 11 22 17 6 2 26 4 15 8 14 10 24 11 38 18 22 13 1 18 2 50 3 37 4 12 5 35 9 44 14 35 15 50 17 45 20 36 21 36 22 24 24 10 10 1 48 8 49 10 42 14 38 15 30 18 37 19 45 20 16 21 46 23 20
4 12 1 43 3 22 4 30 5 10 10 46 11 25 16 19 17 38 19 33 21 22 23 18 24 49 14 1 30 2 22 3 22 4 20 5 25 7 48 10 35 12 48 13 14 14 16 17 45 19 34 20 34 24 29 13 3 49 4 36 9 33 10 48 11 40 13 45 14 19 17 37 19 47 21 11 22 13 23 43 24 10 3 1 22 10 21 15 20
3 9 1 27 2 49 3 39 7 25 10 17 17 11 18 33 20 23 22 45 11 1 27 4 20 6 42 8 19 10 25 12 36 14 17 17 37 20 12 21 15 22 11 13 3 16 5 12 6 16 7 33 11 16 12 10 14 36 16 13 18 48 20 41 21 42 23 29 24 46
5 10 1 37 2 25 5 16 10 12 13 13 14 48 15 29 18 31 21 22 22 14 12 4 20 5 40 7 15 9 26 11 40 12 21 13 32 17 10 20 40 21 34 23 19 24 22 6 2 29 5 26 9 42 12 24 15 15 19 41 13 1 34 3 24 7 11 8 41 9 22 10 39 12 20 13 19 14 30 15 40 19 33 21 44 23 26 11 2 49 4 45 7 44 8 16 9 10 13 19 15 46 20 30 21 38 22 45 23 43
5 5 6 43 7 37 8 18 11 23 22 27 5 5 29 8 14 10 11 14 17 22 26 13 1 35 5 16 7 50 8 50 9 19 11 32 12 17 13 41 15 26 19 25 20 29 21 21 22 17 3 8 49 10 44 18 42 12 1 10 4 19 7 35 8 45 9 40 14 28 15 45 16 32 18 17 19 50 23 50 24 16
4 10 4 47 5 39 9 34 11 37 13 29 14 37 16 46 17 20 22 37 24 33 12 2 27 6 44 7 21 10 31 13 28 15 30 16 39 18 34 20 25 21 28 22 28 23 38 13 2 43 3 14 4 25 6 41 7 18 8 26 12 21 13 12 14 28 16 36 18 33 22 24 23 30 5 2 40 3 18 11 34 16 41 21 39
7 12 1 41 2 39 4 46 5 11 7 11 9 50 15 15 18 18 19 15 21 33 22 22 23 21 6 2 33 10 31 11 10 17 37 18 20 19 41 4 2 22 4 14 13 48 18 44 8 2 27 9 37 10 18 13 50 14 49 15 12 18 36 19 30 4 3 35 5 30 12 26 13 40 6 2 17 3 33 6 19 9 25 10 45 16 38 10 1 32 2 13 9 36 11 50 15 48 16 23 17 31 19 50 21 40 24 35
6 6 4 22 6 30 7 29 17 22 21 23 22 37 3 1 23 5 41 13 36 3 2 50 5 41 21 12 10 2 48 3 38 7 37 8 11 13 38 14 48 16 10 18 27 22 34 24 37 3 2 25 11 14 19 47 12 1 45 3 38 7 49 9 45 10 19 12 36 13 21 17 18 19 30 21 31 23 31 24 38
6 7 2 37 4 34 9 11 12 24 17 36 20 24 23 27 3 3 34 19 15 21 36 12 3 44 4 11 7 27 8 24 10 22 11 21 13 34 15 26 19 27 21 27 22 33 24 42 4 9 36 10 16 13 31 19 20 13 1 50 4 41 5 47 11 26 12 46 13 16 14 38 15 49 17 11 18 37 20 11 21 44 23 16 5 1 19 2 49 12 43 13 20 15 19
5 7 2 36 3 41 10 32 15 48 16 35 18 31 19 12 3 1 17 6 46 22 38 12 1 35 2 14 6 19 7 29 10 37 14 36 15 18 19 31 21 36 22 47 23 32 24 14 5 3 50 5 11 12 21 14 34 17 16 7 5 47 6 41 10 43 13 32 16 17 17 23 21 37
8 11 1 45 3 12 6 12 8 50 9 18 13 38 15 18 18 49 19 15 20 38 22 16 7 2 43 4 42 5 42 6 28 12 14 23 47 24 22 9 3 37 6 11 7 39 8 42 9 14 10 42 13 20 21 49 24 31 5 4 31 8 20 18 18 19 20 22 49 6 3 15 4 33 6 29 8 40 10 47 23 38 13 1 11 3 34 8 12 9 30 12 24 13 47 14 31 16 29 17 25 18 20 19 42 20 27 24 32 13 1 28 2 46 3 15 4 26 5 43 7 38 8 36 9 27 15 21 17 38 18 23 19 10 20 10 12 2 19 3 27 4 13 6 15 7 17 10 34 13 21 14 42 16 11 18 15 21 36 23 44
8 3 6 43 8 16 15 46 10 2 45 3 49 5 11 9 37 12 36 15 32 16 13 21 31 22 37 23 33 8 1 36 2 14 3 39 5 18 8 39 9 38 14 30 16 24 13 3 17 4 27 7 21 9 17 10 42 11 33 14 46 15 21 19 46 20 25 21 13 23 11 24 28 13 2 17 5 17 6 44 7 33 9 39 11 12 13 13 14 15 15 11 16 46 19 20 20 13 24 40 6 11 40 12 17 13 48 14 31 15 31 18 40 5 2 24 3 44 7 36 9 30 19 14 10 5 47 6 11 8 35 13 22 16 32 17 49 19 24 21 17 22 20 23 17
4 14 1 16 2 23 3 15 4 16 5 10 6 22 7 30 9 43 12 11 14 39 17 39 18 15 22 13 24 47 4 2 31 6 47 9 24 22 42 10 6 27 8 35 10 44 11 17 12 49 13 36 17 34 20 21 22 22 24 13 3 7 35 8 22 15 39
6 13 1 37 2 43 3 21 4 36 8 14 9 28 11 29 12 35 13 26 15 32 16 33 17 38 20 32 6 2 45 3 48 5 38 14 29 20 21 23 40 8 3 32 6 18 9 49 12 16 15 35 17 32 20 22 23 48 10 1 36 3 43 9 28 11 46 14 20 15 38 16 20 19 33 22 26 23 31 5 5 11 7 18 9 22 17 12 24 43 14 1 19 2 25 3 46 4 29 5 17 6 29 7 18 10 47 12 13 13 13 15 46 19 29 21 12 24 17
5 10 3 28 4 46 6 33 7 16 9 17 16 10 17 47 19 37 20 38 21 11 13 3 39 6 36 8 19 9 48 10 40 11 27 13 34 14 38 15 48 18 23 20 10 21 39 23 19 4 6 14 16 47 18 18 24 40 12 1 29 2 33 4 38 6 34 8 22 9 33 10 42 13 39 17 22 19 16 21 15 23 15 6 6 34 10 40 11 27 12 30 18 36 20 28
7 7 4 34 6 14 7 22 8 36 12 42 18 21 23 24 6 2 10 5 43 10 28 14 34 20 38 22 29 3 5 43 10 12 16 16 11 1 30 2 20 4 41 9 38 16 16 18 14 20 32 21 20 22 41 23 30 24 10 10 2 35 3 25 6 20 7 20 8 22 10 34 13 21 14 42 18 16 21 47 10 1 34 3 15 4 48 7 35 8 39 16 17 19 47 20 38 22 47 24 37 12 2 37 3 44 4 21 5 36 6 33 13 47 15 41 16 12 17 13 18 38 19 23 21 20
6 4 3 18 5 15 15 32 22 17 12 1 23 4 26 5 46 7 49 8 19 13 45 15 26 17 19 20 37 21 41 23 43 24 36 14 1 34 2 42 3 40 4 25 7 40 9 10 10 16 11 27 12 27 15 49 17 42 20 39 23 40 24 16 14 4 23 5 46 6 46 9 14 10 47 11 41 12 47 16 23 17 36 19 42 20 36 21 27 22 20 23 17 8 1 43 3 19 5 40 13 41 20 30 22 34 23 32 24 22 12 5 20 6 37 7 36 8 38 13 38 14 23 15 11 16 15 18 26 19 18 20 22 21 31
5 13 2 35 5 19 8 41 9 35 10 37 12 26 13 40 14 43 15 29 16 43 17 37 20 11 22 30 9 1 19 2 49 3 41 4 19 8 49 9 29 13 31 18 17 19 22 14 1 50 2 31 3 47 7 33 9 10 12 23 14 35 15 23 16 19 17 37 19 20 20 24 21 40 22 30 3 11 28 21 23 24 19 5 1 45 6 27 14 34 16 21 24 28
5 3 13 23 17 38 23 31 12 1 14 2 12 5 31 7 34 8 29 9 12 11 11 12 36 13 38 16 29 17 16 24 33 11 1 30 2 33 5 11 9 39 10 31 11 41 13 36 14 26 16 29 20 46 23 34 13 3 13 4 28 5 22 6 35 8 33 10 28 12 30 13 15 14 47 18 14 19 37 20 13 21 13 13 3 24 5 27 6 16 7 39 11 44 14 14 15 29 16 43 20 12 21 44 22 49 23 34 24 33
3 14 3 44 4 39 5 33 7 40 10 27 11 15 13 20 14 21 17 42 18 40 19 37 20 41 21 10 24 26 7 3 14 10 24 13 48 16 13 18 26 19 12 24 44 3 5 43 14 24 17 30
7 14 2 21 4 14 6 19 10 31 11 47 13 31 15 24 16 31 17 23 19 50 20 18 21 28 22 17 23 20 9 2 12 6 49 11 10 13 19 14 42 18 45 20 31 23 29 24 14 4 3 18 4 11 21 15 23 32 3 3 31 5 33 13 26 14 2 36 3 28 5 37 8 42 9 42 10 11 12 49 13 11 14 26 15 49 19 30 20 19 21 34 23 11 8 4 22 9 41 10 19 12 45 13 16 17 16 23 18 24 20 6 3 24 9 36 10 37 13 42 18 12 21 21
3 12 6 41 7 12 9 13 11 32 12 36 14 18 15 43 16 28 18 28 19 22 20 19 24 49 13 2 30 3 50 4 37 6 15 10 22 11 34 14 15 15 30 18 16 19 10 21 10 23 23 24 41 7 1 49 4 36 5 49 19 42 21 34 23 12 24 13
4 14 3 28 4 41 7 36 10 29 11 36 12 49 15 14 16 28 17 31 18 39 19 42 21 33 22 49 23 10 12 1 18 2 34 4 35 7 18 11 31 12 16 18 13 19 24 20 16 22 33 23 25 24 11 11 1 36 2 49 6 36 8 45 9 45 14 38 15 10 16 37 21 28 22 15 24 13 11 1 28 2 43 3 31 5 32 14 17 15 31 16 50 19 38 20 12 21 22 22 26
3 6 2 13 3 24 10 50 15 31 19 41 22 50 3 8 24 11 29 18 47 7 2 37 8 23 10 35 12 45 16 31 21 23 22 46
3 12 2 18 3 32 6 36 7 27 8 16 9 35 13 32 17 13 19 37 21 28 23 23 24 24 3 2 35 10 46 12 37 8 4 19 5 31 6 36 9 25 13 49 15 25 17 12 18 13
6 12 2 22 3 37 5 41 6 25 9 17 14 40 16 28 17 20 19 14 21 16 22 31 23 18 4 6 37 19 48 21 25 23 36 3 2 40 16 22 19 49 12 1 28 3 16 4 19 6 24 8 10 10 40 12 32 14 34 17 38 21 29 22 30 24 25 10 2 23 5 42 7 33 9 14 12 37 13 11 16 22 18 17 20 19 24 14 12 1 25 3 18 5 40 7 27 9 16 10 31 11 26 14 37 18 26 21 21 23 19 24 33
8 8 1 29 3 27 5 15 6 16 16 28 19 43 21 34 23 20 12 2 20 4 46 5 17 7 50 9 37 10 37 11 13 16 27 17 10 21 11 22 47 23 45 12 2 44 3 26 5 39 6 28 8 26 12 12 14 13 15 13 16 30 18 26 19 25 20 15 13 3 29 5 50 6 32 8 12 10 24 11 42 14 46 16 23 17 29 19 40 22 37 23 27 24 49 12 3 50 5 36 6 38 7 14 10 34 11 28 13 45 14 26 16 25 18 32 22 17 24 28 8 2 24 5 42 10 33 11 32 13 32 18 44 22 42 23 31 12 2 27 4 49 5 46 8 32 9 45 11 31 16 23 17 48 18 16 19 17 21 14 24 24 3 5 15 7 21 18 16
5 9 3 16 4 50 5 11 7 19 12 50 14 48 15 43 21 50 22 25 6 4 16 5 10 11 13 14 38 17 28 23 49 11 1 12 3 27 5 25 9 45 12 13 16 13 18 44 20 34 21 36 22 36 24 31 11 3 25 4 49 5 23 7 34 8 27 11 37 13 46 15 32 17 27 20 46 21 29 9 1 13 5 39 10 23 12 19 17 33 19 39 22 48 23 15 24 36
7 5 2 40 16 20 20 36 21 48 22 18 8 2 38 5 18 6 31 7 12 13 41 14 10 20 14 22 18 3 1 12 10 40 18 33 11 5 24 6 14 10 41 11 42 15 31 16 42 17 40 18 42 21 40 22 23 24 27 3 8 35 12 40 18 35 10 1 19 7 45 13 12 14 22 15 36 16 38 20 17 21 46 22 46 24 46 7 2 31 3 40 6 43 7 19 12 21 13 22 22 50
3 12 2 49 3 33 7 24 8 35 9 29 10 29 14 14 15 27 18 44 20 40 21 41 22 38 13 1 44 4 47 8 43 9 43 10 13 11 47 12 22 13 20 16 11 17 38 19 48 20 34 22 28 7 3 31 5 24 12 48 16 14 17 50 20 21 24 32
7 8 1 22 2 40 5 36 7 13 11 21 15 40 18 43 22 40 3 5 17 7 31 8 42 6 2 42 5 32 7 43 13 37 21 39 22 27 6 1 43 10 25 13 25 17 35 20 18 21 45 13 1 43 2 10 4 34 9 49 10 32 11 14 13 24 14 15 15 47 18 17 19 27 21 20 22 46 9 1 44 7 34 9 28 13 34 15 14 18 13 19 39 23 45 24 16 5 4 37 9 30 15 30 16 42 20 49
8 11 2 16 3 28 5 17 8 43 10 33 14 36 16 18 17 25 18 25 20 23 23 44 13 2 41 3 13 4 47 5 26 6 17 8 49 11 32 13 15 16 22 18 13 19 41 21 29 24 30 8 1 50 2 11 5 33 6 40 7 12 12 45 20 22 21 47 13 1 50 2 41 4 14 5 36 7 26 8 19 9 48 13 27 14 35 16 16 21 19 22 50 24 32 13 1 44 4 49 6 48 7 21 14 33 15 35 16 25 17 15 18 15 19 28 20 11 21 20 24 16 8 1 36 2 14 6 39 7 41 10 44 15 16 17 20 23 42 12 4 15 5 40 8 41 9 43 12 17 13 34 17 21 19 17 20 27 22 20 23 40 24 36 8 1 14 5 26 11 17 14 36 15 23 16 30 21 13 23 18
8 4 1 34 3 17 6 17 10 26 4 2 30 10 31 13 42 24 21 3 1 26 19 14 22 18 7 4 31 9 25 10 39 12 10 13 49 14 19 22 23 14 4 38 6 38 7 11 8 48 12 45 13 46 14 33 16 23 17 29 18 19 19 32 20 14 22 41 24 13 4 7 44 11 15 17 20 23 17 8 1 42 5 40 8 17 9 23 12 10 18 16 19 35 24 15 11 1 47 2 50 3 10 4 37 5 17 6 13 10 18 13 46 17 34 21 40 23 27
3 9 1 16 7 37 10 24 15 48 16 23 17 29 18 44 20 25 23 33 8 1 41 10 15 11 41 15 38 18 16 19 30 23 31 24 36 7 5 26 8 35 9 47 13 34 17 24 19 16 23 44
4 13 1 13 4 48 5 19 6 37 7 20 11 11 14 28 17 42 18 18 19 26 20 11 21 17 24 32 5 3 13 4 14 7 43 15 49 18 38 6 6 16 7 31 10 20 16 31 21 45 24 47 12 2 21 4 43 7 16 8 44 10 42 13 33 16 44 20 26 21 12 22 39 23 25 24 28
3 6 1 23 3 27 12 35 15 49 18 43 19 37 14 2 18 3 50 5 41 11 12 12 49 14 33 15 33 16 40 17 39 18 20 20 12 22 13 23 30 24 24 9 2 30 8 25 9 44 14 21 17 12 18 16 19 44 20 40 24 41
6 9 3 33 6 24 9 50 15 10 17 49 19 16 20 19 22 41 23 13 10 2 27 5 39 6 10 7 46 13 47 14 37 16 40 17 26 18 33 23 10 10 3 32 5 33 8 31 11 50 12 38 14 31 19 38 20 36 22 42 23 17 4 1 36 2 30 6 30 12 32 6 1 22 2 50 9 48 16 23 22 43 23 39 5 1 33 15 48 16 23 21 24 22 32
5 12 3 44 4 47 5 10 6 16 7 40 9 14 10 12 12 35 18 22 21 41 22 43 23 14 14 4 31 5 41 7 14 8 18 11 45 13 28 14 13 16 23 17 42 18 26 19 13 22 33 23 45 24 43 10 1 24 3 22 4 30 7 16 8 46 9 31 15 13 19 49 20 36 21 18 6 1 25 8 45 9 49 10 44 12 25 19 25 6 7 24 15 30 16 43 17 13 22 30 24 45
4 5 17 31 19 46 20 42 21 14 23 28 11 1 35 3 29 5 18 8 21 11 39 12 22 14 13 18 12 20 36 21 25 22 35 7 2 18 9 43 10 50 15 12 16 27 17 44 23 49 4 5 27 10 38 20 37 21 23
3 6 15 25 16 42 19 11 20 26 21 38 22 12 4 1 37 7 10 8 27 15 47 4 4 48 16 46 19 39 24 11
7 8 1 13 4 21 7 41 15 14 17 24 19 37 22 20 24 21 8 1 19 3 18 8 18 10 14 12 17 16 24 17 42 19 42 9 1 49 3 29 13 15 14 47 16 30 18 41 20 20 21 26 23 15 9 3 50 7 12 9 32 11 22 12 29 13 10 17 33 18 24 21 28 10 2 49 3 47 6 24 7 27 8 32 10 35 18 32 19 14 21 24 23 47 13 1 18 4 30 6 46 7 47 8 46 10 15 11 38 12 45 13 11 15 21 16 40 18 16 22 30 5 5 20 8 18 15 36 16 22 23 43
4 9 3 43 4 16 7 41 11 42 13 16 15 11 18 32 20 19 24 29 13 1 22 2 50 3 31 7 40 10 49 11 35 12 15 13 29 14 26 15 28 18 11 22 13 24 31 10 3 20 8 41 10 49 11 15 16 17 17 10 18 39 19 29 20 37 24 32 8 1 37 2 44 6 35 8 32 12 20 13 22 18 20 20 13
4 7 1 39 5 10 6 26 9 20 10 43 21 28 24 42 8 2 11 3 45 5 49 7 25 10 19 11 13 13 11 16 43 8 3 20 5 34 8 48 11 29 15 27 18 34 23 29 24 24 4 1 18 4 11 5 46 19 41
3 9 4 18 7 10 11 43 12 48 14 21 16 39 17 47 19 46 21 41 12 1 35 3 42 5 49 6 10 7 17 8 38 9 32 17 13 18 16 19 39 23 40 24 32 7 2 17 3 32 8 39 12 22 14 37 15 37 17 29
4 14 1 17 4 48 6 39 9 13 10 29 14 38 15 35 16 31 18 49 19 31 20 28 22 28 23 12 24 45 11 1 15 3 45 5 11 6 43 7 29 11 45 16 18 17 47 18 36 20 11 21 28 9 2 20 5 16 6 33 8 35 10 24 16 28 18 22 20 48 22 41 9 4 28 5 40 8 29 11 23 12 20 17 48 21 48 23 32 24 30
7 10 1 26 8 14 11 22 12 46 14 11 16 40 17 50 19 27 22 26 24 25 5 1 21 5 18 16 21 19 17 23 19 6 1 50 5 18 8 43 15 42 22 44 24 48 14 1 43 2 28 5 16 6 11 7 34 12 47 13 41 14 40 15 39 16 31 18 22 19 18 22 25 23 45 9 5 17 7 38 10 44 13 31 16 40 21 20 22 20 23 42 24 11 14 1 44 3 37 4 48 6 15 8 47 9 15 10 43 11 13 12 46 13 44 15 16 20 40 23 29 24 30 8 1 26 5 17 7 12 11 21 15 22 16 24 18 34 23 20
8 11 2 48 3 24 4 14 5 24 9 37 10 26 13 47 16 11 18 25 22 37 24 30 10 3 11 5 14 8 12 10 15 14 44 16 32 17 32 20 27 22 10 24 33 10 1 40 2 27 3 40 8 28 9 48 10 11 16 40 17 49 18 21 21 25 5 7 25 8 35 12 19 16 22 17 11 14 2 33 4 42 5 31 6 21 9 16 10 43 11 37 13 19 14 33 15 24 16 48 20 32 22 34 23 23 12 5 13 6 47 7 22 9 26 10 19 12 34 16 47 18 20 20 36 22 24 23 29 24 26 7 1 29 4 31 7 43 9 49 12 34 18 10 22 14 12 6 35 7 44 8 11 11 41 13 22 15 29 16 31 17 39 18 17 19 11 21 39 23 16
4 10 1 18 2 18 6 22 8 14 10 26 11 36 12 28 14 19 17 12 22 19 3 12 41 13 46 15 37 9 3 39 7 38 8 34 9 20 10 24 12 35 15 46 17 34 19 36 13 1 40 4 26 6 13 7 26 8 49 9 32 10 11 12 35 14 48 15 20 18 32 21 15 24 48
8 13 2 22 3 35 4 19 5 26 6 45 9 10 11 27 12 37 14 40 15 40 16 48 19 24 22 22 11 2 22 5 16 6 26 7 15 8 24 11 30 13 12 15 22 18 48 19 38 22 43 8 1 34 3 41 6 41 10 24 19 36 20 44 22 30 24 21 13 4 47 5 40 6 22 8 42 9 29 10 10 11 10 12 43 14 17 15 14 18 13 21 32 23 19 4 1 40 6 37 9 36 22 40 11 4 43 10 22 12 39 13 24 15 23 18 17 19 12 20 38 22 50 23 29 24 38 9 1 25 2 25 3 46 7 36 12 26 15 15 16 27 19 29 23 15 5 1 21 12 39 16 18 18 13 19 49
7 12 1 29 3 35 5 41 6 13 7 10 11 28 12 40 14 32 15 45 16 39 21 12 22 16 5 1 12 15 22 17 27 18 16 24 17 9 1 13 2 16 3 33 7 22 14 31 17 50 18 18 21 38 24 45 3 2 36 11 12 24 42 11 3 26 4 26 5 38 7 28 10 34 13 49 14 11 17 33 18 41 19 47 21 20 6 3 30 6 40 7 36 18 44 19 32 22 22 11 2 45 4 35 5 25 7 16 8 44 9 47 11 21 12 39 13 43 20 34 23 49
3 11 7 48 8 49 12 33 13 34 14 44 15 43 16 12 17 43 19 30 21 48 23 36 9 4 27 5 43 7 11 10 17 12 13 13 31 16 17 17 15 21 42 7 1 19 4 13 5 33 6 44 10 25 13 30 22 47
5 8 1 18 8 34 12 21 16 38 17 25 18 44 21 21 22 38 9 1 40 2 49 3 20 5 35 12 16 13 16 14 49 15 44 24 13 12 2 41 4 25 5 35 6 31 7 26 8 13 11 15 12 46 13 40 14 23 19 17 20 14 4 1 39 5 20 6 21 24 17 9 3 25 4 24 5 27 8 11 10 48 15 31 16 44 18 35 24 25
4 8 5 18 6 26 8 19 10 47 13 47 14 37 19 34 23 24 12 1 11 3 10 5 21 7 24 9 40 13 13 14 50 15 36 16 11 18 49 22 22 23 14 7 3 20 4 24 8 47 13 23 15 22 21 45 22 15 11 3 31 9 20 11 25 12 43 13 31 15 45 17 46 19 38 21 19 23 32 24 11
5 9 1 47 3 11 5 25 8 16 15 25 20 29 21 35 23 29 24 28 6 1 46 3 31 8 45 11 24 20 22 24 18 13 1 49 2 24 3 50 4 34 5 29 6 31 9 48 11 13 12 25 14 13 15 13 17 34 20 39 12 1 34 2 32 3 35 7 14 10 19 11 17 13 41 14 29 16 40 18 18 19 36 21 41 5 2 44 7 38 10 41 14 19 18 40
7 8 2 38 7 23 13 29 14 18 16 16 18 44 21 11 22 42 12 4 33 5 25 7 29 10 18 13 50 15 11 16 31 17 36 20 35 21 42 22 11 23 39 6 6 32 11 21 12 49 13 44 15 10 22 33 6 1 11 2 27 4 50 7 37 13 50 21 11 14 1 20 2 35 4 27 8 36 9 19 10 38 11 16 13 36 14 39 19 32 21 18 22 10 23 33 24 46 6 3 20 9 25 11 47 12 41 16 26 24 21 7 4 49 5 47 10 30 11 49 15 41 18 29 21 37
4 8 3 17 7 35 10 11 12 23 13 21 14 45 18 45 19 42 12 3 24 4 32 7 18 9 43 10 45 13 18 16 42 18 10 19 43 20 20 22 23 23 16 7 2 10 5 18 7 46 12 43 21 49 22 11 23 28 5 14 12 18 44 19 40 22 44 23 21
8 8 1 31 8 12 9 37 13 14 15 34 16 14 17 25 19 17 13 3 35 4 49 5 42 7 40 11 27 13 18 14 20 15 25 17 24 18 43 19 28 20 29 21 29 9 3 15 10 38 11 10 12 28 15 49 19 26 22 29 23 50 24 14 8 3 14 4 24 7 19 9 16 11 43 13 17 18 34 24 40 3 4 33 10 35 19 16 3 2 37 5 13 16 39 9 2 12 3 13 10 31 12 45 14 28 17 28 19 32 20 16 22 18 11 3 37 4 28 5 48 6 40 7 20 9 27 14 43 16 25 18 19 20 30 24 48
6 8 4 41 7 32 8 47 10 47 12 22 16 24 18 26 20 33 11 3 34 4 38 5 32 6 37 7 45 10 49 13 18 16 48 17 50 18 21 22 29 13 2 22 5 15 6 30 11 27 14 36 15 22 16 37 17 41 18 37 20 19 21 16 23 23 24 37 3 5 28 14 47 20 27 7 5 30 6 41 10 34 12 48 15 47 16 47 21 44 10 3 23 4 49 7 46 8 37 10 11 11 14 17 29 18 27 19 41 20 17
5 8 3 31 9 49 15 33 16 49 18 35 19 15 22 26 23 12 12 1 30 3 25 4 33 5 18 10 48 13 24 14 21 15 18 17 39 20 35 22 47 24 41 6 2 17 6 42 11 37 15 27 22 31 23 24 5 3 14 13 39 14 26 20 46 22 46 6 6 20 9 38 12 47 20 16 21 43 23 10
4 8 2 41 9 25 11 10 14 50 16 18 17 46 18 36 21 18 3 12 25 14 24 24 35 7 2 38 5 15 6 20 14 45 15 45 18 21 19 36 6 1 21 4 33 13 29 15 12 18 38 19 41
5 14 1 39 2 41 3 23 4 17 5 39 9 39 14 28 16 20 17 40 18 44 20 48 21 26 22 22 24 40 11 1 34 3 30 5 13 6 31 9 44 12 10 15 46 16 50 18 33 19 23 22 16 9 2 22 9 27 10 12 11 40 12 50 15 50 18 23 20 21 23 44 13 2 40 5 15 8 12 9 45 10 21 11 19 12 44 13 17 14 46 17 27 18 13 19 23 20 22 7 7 34 8 38 12 44 15 24 16 32 19 42 23 45
4 7 2 50 9 43 11 16 14 23 16 42 18 19 19 24 14 4 25 6 32 9 34 11 34 12 25 13 43 14 43 15 20 16 42 17 20 20 21 22 38 23 10 24 35 13 2 30 3 13 8 38 9 38 10 12 13 50 15 18 16 23 19 37 21 44 22 15 23 13 24 26 9 1 34 3 14 5 18 8 14 10 26 12 47 13 15 22 21 24 50
3 5 14 22 15 16 18 47 21 26 22 17 13 4 13 5 21 6 10 9 21 11 23 12 15 14 30 15 50 17 20 19 16 21 44 22 10 23 46 9 2 30 3 48 4 40 5 24 8 10 10 49 20 43 22 13 23 36
8 8 2 31 4 45 5 29 7 33 14 36 16 22 17 21 24 26 8 1 37 8 42 10 16 11 30 12 26 13 50 14 10 23 48 11 3 47 4 21 5 24 6 28 12 36 14 40 15 16 16 44 20 29 22 27 23 36 4 5 38 7 29 15 25 22 11 13 1 29 2 39 9 37 11 34 12 47 13 48 15 33 17 22 18 32 21 46 22 34 23 11 24 38 4 2 26 5 40 9 34 18 32 14 1 43 2 43 4 14 5 50 6 28 9 50 10 25 11 39 12 16 13 13 15 28 19 30 22 43 23 21 9 1 46 2 39 11 31 13 19 15 20 19 14 21 39 23 42 24 10
5 9 1 50 3 14 7 35 10 22 14 37 15 42 16 27 17 18 20 37 6 3 25 4 30 7 31 14 48 18 37 19 33 10 4 17 5 29 6 39 9 34 11 21 15 25 16 42 17 12 18 20 21 35 10 2 36 3 27 10 14 14 43 15 17 16 26 18 36 20 13 21 26 24 46 12 1 20 3 48 5 38 7 48 8 42 11 10 12 14 14 23 15 29 18 41 19 19 23 12
6 12 3 23 6 38 7 34 8 39 10 11 12 25 13 49 14 21 16 40 18 29 23 49 24 48 4 8 38 10 30 18 10 20 31 6 1 12 7 16 13 28 18 37 21 41 22 17 8 3 41 6 13 17 25 18 20 20 20 21 28 22 42 24 49 4 2 22 8 38 10 27 13 32 8 1 44 8 15 10 46 13 18 14 41 15 31 19 42 21 27
6 14 1 15 3 47 6 19 8 26 10 34 11 39 12 32 14 49 15 30 16 40 17 49 19 50 21 34 23 23 6 3 17 4 39 7 11 11 45 16 39 20 17 9 2 14 4 23 7 30 11 20 13 28 15 19 17 45 20 16 23 37 12 6 39 8 18 9 27 10 27 11 50 13 38 15 32 18 22 19 49 21 50 23 45 24 38 13 2 33 3 46 4 48 5 34 6 44 8 36 10 30 17 10 19 34 20 36 21 11 22 17 23 15 9 1 25 3 30 4 33 11 33 12 45 13 16 17 44 20 13 24 13
7 9 1 22 4 37 6 11 12 12 13 44 14 27 16 23 19 44 21 12 3 8 48 14 48 24 24 10 1 14 3 46 4 16 5 34 8 22 14 10 15 49 16 17 17 37 19 31 4 1 27 2 40 14 21 18 16 8 1 38 2 15 7 41 11 13 16 21 17 10 23 13 24 32 8 1 47 4 10 12 13 15 30 17 21 18 47 21 48 22 26 5 5 22 8 22 9 26 12 48 22 20
4 13 1 22 3 25 5 11 6 23 7 35 9 50 10 14 11 25 13 18 20 18 21 41 23 37 24 47 3 9 40 21 26 22 29 10 1 50 4 45 8 10 15 45 16 41 17 36 19 34 20 40 21 43 22 29 8 7 42 8 29 10 24 12 39 15 12 21 14 23 14 24 42
5 13 1 11 2 30 3 13 6 24 7 25 12 33 13 16 16 17 17 35 19 25 21 40 22 45 23 28 8 6 10 8 25 12 27 14 18 15 37 21 10 22 20 24 38 6 5 38 6 18 13 50 20 43 21 39 23 11 5 1 11 6 47 10 41 20 31 24 15 4 1 48 6 50 8 26 19 10
7 12 6 48 9 43 12 15 13 38 14 14 15 23 18 12 19 24 20 20 22 47 23 19 24 45 7 4 23 6 23 7 18 10 15 18 25 23 24 24 12 3 2 20 10 49 21 31 9 1 21 5 11 7 20 11 11 16 38 20 32 22 19 23 13 24 11 14 1 50 3 17 4 27 6 25 7 43 11 40 12 28 13 29 14 24 17 41 18 25 19 10 20 32 22 24 8 1 47 2 41 5 34 8 24 14 50 16 21 20 30 23 18 10 3 16 8 27 9 19 10 10 13 24 15 41 16 33 20 35 22 49 23 29
5 4 1 16 3 25 8 47 10 43 11 2 47 6 26 7 21 8 44 9 28 10 10 12 44 15 50 16 44 18 42 23 33 9 1 19 3 13 5 13 6 28 8 15 11 35 17 27 18 45 22 33 14 2 39 3 10 4 25 9 49 12 33 13 12 14 45 16 45 17 45 18 43 19 27 21 20 23 24 24 33 12 1 31 2 50 3 34 4 23 5 34 9 19 14 19 17 27 18 28 19 37 20 21 24 37
4 8 4 31 5 32 8 15 12 40 14 18 15 39 16 27 24 45 7 2 47 6 48 12 26 15 27 20 34 22 16 24 38 6 2 28 8 28 11 41 13 10 14 37 17 41 7 1 50 3 42 5 39 6 50 13 13 20 11 24 38
6 4 1 42 4 13 10 19 14 22 5 12 49 13 50 17 42 19 11 22 13 11 2 14 4 21 5 27 10 21 11 19 13 48 17 36 18 13 20 37 22 49 24 15 6 4 19 6 14 11 45 16 36 18 37 23 38 11 5 33 7 47 11 28 12 45 14 35 15 24 16 38 19 45 20 40 22 43 23 32 8 3 43 4 17 5 43 10 38 15 11 16 37 17 22 19 23
3 10 3 34 5 43 7 17 9 24 14 36 15 14 18 31 20 49 21 24 22 35 7 2 19 5 11 6 40 13 29 16 50 18 47 24 30 14 2 25 3 14 5 28 6 15 8 27 9 20 10 15 11 32 12 43 14 19 20 31 21 26 23 31 24 17
6 7 2 13 5 43 7 34 8 48 10 47 12 18 18 12 8 2 44 3 22 5 28 7 47 9 28 10 19 12 43 24 25 8 1 27 2 48 3 40 5 35 14 28 15 19 16 24 23 35 12 2 39 4 39 5 47 6 19 8 15 10 16 16 39 17 13 19 12 21 33 22 20 24 28 8 1 17 4 40 6 20 13 12 16 46 20 44 22 28 24 11 5 2 22 9 15 15 32 19 20 21 17
7 4 4 36 16 21 17 32 20 35 14 3 11 6 28 7 30 8 34 9 46 11 34 12 10 13 36 14 20 15 43 17 32 18 24 19 34 22 50 13 2 22 3 36 6 24 10 32 13 28 14 22 15 17 16 24 17 25 18 17 20 15 23 19 24 41 14 1 15 2 11 5 25 7 12 8 23 10 24 11 40 13 47 14 48 16 17 17 35 20 14 22 42 23 31 14 1 11 2 30 4 40 5 38 6 37 9 15 10 28 13 10 14 34 15 47 17 19 20 35 21 11 24 12 8 5 12 7 45 9 42 10 31 12 16 14 38 16 29 18 26 7 3 44 5 21 8 25 10 32 11 31 17 19 18 35
8 6 2 16 7 41 8 40 13 49 15 48 18 42 12 1 48 2 50 3 32 6 11 7 39 10 35 13 17 18 26 19 10 21 26 22 42 24 37 11 2 16 3 13 4 48 8 21 9 13 14 12 15 49 16 16 17 17 20 27 22 48 14 1 24 4 34 5 26 8 35 9 48 10 10 12 50 13 36 14 50 16 17 17 10 18 49 20 37 21 12 6 5 50 7 20 8 21 17 25 18 33 22 23 10 2 50 5 30 11 11 13 14 15 44 16 50 20 44 22 38 23 19 24 12 9 12 17 13 22 15 10 16 42 18 50 20 26 21 42 23 23 24 48 10 1 46 2 44 5 34 7 32 9 38 11 29 13 42 14 47 20 25 24 35
3 10 1 43 3 14 4 29 12 13 14 26 16 23 17 45 19 44 21 10 23 15 8 1 33 3 22 7 29 12 44 18 30 21 45 22 28 24 21 8 3 23 9 38 10 34 11 11 13 16 15 43 17 22 22 21
7 8 4 33 8 19 12 26 13 36 16 47 17 22 19 37 22 13 7 1 10 6 14 9 49 11 25 19 46 21 30 23 45 12 3 24 5 29 6 21 8 30 9 47 10 32 12 50 16 14 17 20 20 19 21 45 24 35 12 2 45 3 32 4 18 5 16 6 12 7 12 8 39 9 24 11 31 14 48 17 12 19 14 6 1 28 6 15 10 26 12 42 15 19 21 19 7 1 43 6 45 7 33 11 30 17 38 20 23 21 48 6 1 44 6 32 9 32 13 12 16 18 20 35
4 5 4 25 9 30 12 23 19 46 20 33 12 1 41 2 49 4 45 6 42 7 48 11 23 12 40 14 22 15 34 16 24 20 13 21 16 8 3 17 6 44 7 29 10 27 15 44 16 41 21 44 22 47 3 5 16 12 44 19 28
3 7 1 43 2 39 6 42 11 19 19 30 23 39 24 22 4 1 38 6 25 7 50 8 32 7 1 16 2 36 7 27 8 39 9 44 12 33 21 13
65 58 54 77 132 51 58 43 44 40 125 94 53 47 99 78 54 113 101 111 76 154 121 49 81 64 130 119 91 85 48 87 58 63 50 47 106 137 83 116 41 116 155 124 47 74 49 74 91 67 36 107 53 58 50 72 106 120 60 117 135 36 80 48 92 94 59 119 79 80 72 83 54 51 112 77 72 114 116 53 70 90 98 72 76 46 78 136 132 46 96 66 36
3 2 1 3 1 2 2 2 2 1 1 3 3 3 1 3 2 1 3 2 3 1 3 1
# Instance ID: 70
# Size type: large
# Total operations: 474
# Actual flexibility: 0.356
# Generated: 2026-02-07 22:12:21
# Format: Extended Brandimarte format for MOFJSP