95 26
3 7 1 26 2 38 5 21 14 24 20 15 25 14 26 35 13 1 49 2 28 3 36 4 16 5 36 14 24 16 19 17 17 18 39 19 29 21 13 25 31 26 12 8 1 43 6 27 9 35 11 15 15 30 16 46 17 49 18 41
5 6 1 22 5 12 6 24 10 43 18 48 19 20 14 3 11 4 34 5 30 6 30 7 47 10 21 12 16 15 19 16 31 17 17 22 18 23 36 24 40 25 27 11 3 15 6 39 7 36 8 26 9 40 16 15 17 27 18 12 21 30 22 34 23 38 4 7 26 11 15 15 15 20 13 3 5 27 11 23 24 34
4 10 4 32 5 44 9 24 11 14 12 14 13 38 15 29 18 41 20 11 23 13 5 11 19 12 23 14 12 24 46 26 12 4 7 39 9 46 15 43 16 44 4 11 14 12 34 16 10 22 13
8 10 2 48 4 14 9 14 10 38 11 10 13 33 15 40 19 32 20 48 24 48 4 1 37 18 35 22 22 23 42 13 1 32 2 20 4 43 6 21 7 41 11 18 12 50 14 31 16 34 17 37 19 21 20 24 24 47 3 5 18 8 44 11 36 6 2 36 5 17 16 31 19 17 22 14 23 31 5 1 35 2 36 12 33 16 27 18 19 8 2 11 4 42 7 31 8 11 9 26 11 15 17 39 20 22 8 9 30 10 18 12 33 14 48 15 17 17 27 20 29 26 31
6 11 1 41 7 31 8 11 12 22 16 30 18 42 19 30 20 33 21 16 25 10 26 19 13 3 32 4 20 6 25 8 26 11 21 15 46 16 50 17 38 18 45 19 17 20 40 22 30 26 32 3 9 16 14 20 23 23 4 1 46 3 10 8 13 23 12 14 1 17 2 11 7 29 10 25 11 30 12 44 14 44 16 16 17 42 18 28 19 26 21 49 23 22 24 25 6 1 33 3 12 5 42 11 23 19 36 26 36
8 13 4 43 5 34 7 31 8 39 9 43 11 22 13 27 15 28 19 10 22 47 23 24 25 45 26 23 8 1 24 4 45 5 46 7 48 16 44 23 45 25 17 26 23 14 1 46 5 18 8 42 10 16 11 20 12 30 13 21 14 10 17 11 18 49 19 16 21 12 22 43 26 26 8 4 11 6 40 7 37 9 37 10 46 11 27 12 17 18 17 9 1 17 3 44 9 26 11 39 13 46 19 35 21 14 23 48 26 45 9 1 37 3 18 7 34 9 46 15 39 16 24 21 19 24 19 25 46 14 2 38 3 26 5 31 6 25 7 49 9 34 10 15 13 37 15 16 20 16 21 25 22 37 23 27 25 16 13 1 49 2 11 5 43 6 47 8 16 10 17 12 15 16 36 17 21 19 18 20 24 24 42 25 16
6 8 2 25 4 13 8 25 18 10 22 44 23 27 25 41 26 22 5 4 24 10 17 13 36 14 28 26 29 11 4 25 6 40 9 31 10 28 12 31 15 23 17 39 18 12 21 10 25 23 26 41 5 6 33 11 24 15 39 22 22 24 29 14 1 24 2 11 3 36 4 10 5 25 6 47 9 37 12 20 18 16 19 11 21 21 23 16 25 48 26 11 3 1 28 4 14 25 44
4 3 8 39 12 18 23 12 8 1 32 4 25 5 23 13 11 15 14 19 32 21 21 26 44 12 1 34 5 12 8 20 10 23 12 22 13 30 16 22 17 24 18 42 19 25 22 44 26 39 7 3 43 5 36 7 32 9 44 10 41 13 26 15 45
6 8 6 48 9 40 12 36 14 17 15 13 19 49 20 13 26 28 13 1 15 7 14 8 21 10 16 15 45 17 17 18 27 19 22 20 38 23 41 24 21 25 49 26 15 15 1 11 2 38 3 44 6 17 8 18 9 30 10 18 14 42 15 39 20 34 21 10 22 45 23 27 25 39 26 18 13 4 22 5 20 6 37 7 24 8 50 12 22 13 44 17 38 19 31 21 19 22 23 25 41 26 36 9 1 45 2 15 3 26 5 11 7 35 10 50 13 29 14 15 16 19 14 1 13 2 48 3 34 4 11 5 33 8 36 10 50 11 36 12 43 13 44 15 39 17 43 25 19 26 32
7 5 3 19 9 25 12 34 17 47 26 48 11 2 23 5 40 6 49 8 14 11 48 13 11 18 29 19 37 22 30 23 42 24 26 6 2 22 8 31 9 33 17 10 18 48 21 30 10 1 13 3 25 6 14 8 34 10 27 11 29 17 19 19 44 21 18 23 44 6 2 24 4 37 10 23 14 48 15 25 19 11 12 1 27 3 11 6 48 10 45 12 15 13 16 14 22 18 45 19 22 22 13 23 21 26 16 9 2 14 3 22 10 30 11 36 15 33 18 24 19 17 23 14 24 28
7 7 1 23 7 28 15 33 16 49 17 26 23 15 25 48 11 3 21 5 44 6 34 7 45 8 33 10 12 13 46 14 32 21 33 23 31 26 41 13 1 13 3 10 4 34 7 32 8 43 9 22 12 26 15 41 16 32 17 35 18 37 20 48 21 15 3 10 15 16 15 17 39 4 7 36 15 12 25 21 26 47 12 1 22 2 29 6 16 9 47 11 34 14 14 17 13 21 27 22 28 23 42 25 23 26 49 10 1 48 2 22 3 24 5 28 6 19 7 10 15 37 20 11 21 16 24 21
7 3 1 11 5 30 19 44 15 2 13 3 35 4 24 5 17 7 36 9 25 10 40 11 33 13 27 15 19 16 31 18 49 21 47 22 25 23 17 10 2 26 3 29 4 36 5 49 10 22 11 44 12 33 17 23 22 34 24 10 15 1 42 2 16 3 21 5 31 6 28 11 33 13 27 14 46 15 46 17 34 19 50 20 17 21 27 22 11 24 27 11 1 36 4 48 7 18 8 48 9 27 12 28 16 47 20 33 21 11 22 35 23 46 8 5 28 6 19 16 24 17 47 19 22 23 49 24 39 26 43 3 2 12 6 22 8 46
3 12 1 11 2 43 4 45 9 43 12 36 13 43 16 50 17 40 18 18 20 23 24 47 25 11 7 6 18 9 14 15 42 16 23 20 35 22 39 24 25 14 1 44 4 43 5 21 6 14 8 22 11 36 12 27 13 27 14 15 15 21 16 46 17 26 18 28 25 45
4 11 4 17 6 17 10 32 14 13 15 18 17 41 18 16 19 16 22 27 25 42 26 28 8 1 14 2 31 3 23 10 46 14 15 22 15 24 39 26 15 6 1 50 4 49 6 19 7 47 20 21 25 37 6 2 23 3 28 15 46 17 25 18 42 21 18
8 10 5 21 7 49 8 30 9 20 11 33 13 46 16 13 17 34 19 47 21 24 9 5 13 6 47 7 19 11 20 14 34 15 34 16 46 23 17 26 27 4 6 41 20 17 24 44 25 13 8 6 23 13 26 15 44 17 42 20 28 23 46 24 49 26 13 13 2 30 5 30 6 21 8 13 9 35 10 34 11 10 13 46 18 43 20 31 21 30 23 43 25 13 4 5 18 18 17 19 24 22 47 13 5 44 6 38 7 19 9 20 10 36 11 45 12 35 16 21 18 34 19 14 22 44 24 37 26 36 8 1 40 4 39 6 26 7 11 10 13 11 50 24 27 25 41
8 6 3 42 6 43 8 39 12 32 18 36 20 33 6 4 24 5 43 17 39 20 23 21 23 25 44 3 13 23 17 12 24 17 14 4 20 5 48 6 25 8 48 9 28 10 11 11 36 12 14 16 20 18 44 20 23 21 50 22 42 23 37 13 1 35 2 39 5 44 10 46 11 26 12 46 13 13 15 28 18 49 19 28 20 12 23 36 26 44 7 1 22 3 43 6 41 12 43 18 10 19 40 20 46 5 3 30 4 41 7 24 10 15 26 26 12 2 34 5 41 6 48 9 10 11 30 12 31 14 33 15 44 18 43 20 31 22 11 25 37
3 8 2 45 4 25 7 40 11 33 12 24 14 17 16 11 26 38 4 3 21 11 32 23 19 26 12 15 1 19 2 21 3 45 4 25 5 16 6 13 10 42 12 38 13 19 14 10 15 14 16 15 17 43 19 22 21 14
6 8 2 44 4 43 6 27 7 34 10 49 12 42 14 49 24 46 6 1 43 5 29 9 18 17 10 18 30 22 26 14 3 28 5 49 7 30 11 15 12 13 13 38 14 28 15 21 16 27 19 39 20 15 22 32 23 41 25 38 4 4 29 19 35 23 32 26 50 4 2 42 5 40 8 18 23 32 5 7 29 11 14 13 42 18 42 23 36
3 4 21 37 22 16 24 35 25 50 9 2 38 5 14 12 24 15 49 17 36 21 33 22 32 25 26 26 42 11 3 50 5 47 7 37 9 44 10 27 12 13 14 20 15 38 17 25 22 44 25 36
6 6 3 17 9 15 18 18 19 33 23 31 25 15 14 6 50 8 30 9 36 10 13 13 32 15 44 16 20 18 13 19 21 20 14 21 46 22 48 24 30 25 14 13 2 15 5 27 7 25 12 17 15 22 17 31 18 29 19 19 22 39 23 37 24 27 25 30 26 11 10 3 42 4 39 5 21 8 35 9 36 10 33 11 32 20 36 22 48 25 26 11 1 12 2 25 5 42 9 14 12 40 19 42 20 11 21 32 22 48 23 50 24 50 3 4 19 11 39 18 42
6 14 5 12 6 28 7 18 9 32 10 16 11 11 12 34 14 16 16 11 19 28 20 17 21 18 22 32 26 12 11 1 49 7 29 8 22 10 14 11 12 13 12 15 22 18 11 21 21 25 33 26 30 3 5 45 6 50 26 37 14 1 40 2 21 7 49 8 12 9 13 10 45 11 38 15 47 18 44 20 33 21 43 23 50 25 22 26 33 3 4 15 12 33 20 10 7 2 36 4 19 7 48 11 19 19 23 20 29 26 49
5 10 3 47 5 35 8 19 9 34 10 11 12 13 16 14 19 10 23 31 26 40 10 5 21 6 28 7 18 10 15 12 35 13 20 14 37 15 21 22 43 25 13 12 1 34 3 30 7 14 10 20 13 28 14 26 15 39 16 31 18 31 19 46 20 47 25 45 13 1 46 2 32 4 16 5 31 10 49 11 19 12 39 17 50 18 27 19 33 22 11 23 27 24 14 9 3 25 6 30 7 47 8 12 16 39 19 10 21 15 22 43 23 36
8 14 2 46 3 42 4 22 5 19 6 37 8 18 10 19 14 39 17 18 18 37 19 43 22 17 24 33 25 46 12 2 34 5 15 8 48 9 28 12 10 14 14 15 46 17 46 19 36 20 25 23 12 26 18 11 3 11 7 49 8 27 10 50 11 39 13 40 14 41 16 30 17 17 18 33 24 10 11 4 33 5 17 6 28 7 13 9 46 12 41 14 47 17 21 21 44 22 24 23 49 15 8 19 9 47 10 33 11 21 12 20 13 23 14 23 16 38 18 41 20 15 21 12 22 37 23 21 25 45 26 39 12 1 44 6 22 7 48 9 37 11 40 13 38 15 30 16 49 21 41 23 43 24 27 26 21 8 1 14 2 47 9 13 10 26 19 48 23 16 24 36 26 42 10 1 29 2 24 6 36 8 11 9 27 12 30 13 31 17 17 18 12 19 28
7 8 5 43 16 10 18 18 19 32 20 16 24 21 25 49 26 36 3 4 29 6 37 8 40 9 2 33 6 43 10 29 13 10 16 35 17 26 18 13 19 20 21 15 6 8 13 10 11 11 41 15 16 20 31 22 40 15 1 15 2 48 3 38 4 43 5 17 7 25 11 28 13 46 14 16 15 30 17 15 19 35 21 34 22 29 25 29 15 1 18 4 18 5 11 6 17 7 28 9 45 13 29 14 50 15 18 16 29 18 16 21 23 22 46 23 33 25 16 10 2 16 4 45 10 17 12 25 14 48 16 10 18 35 21 38 22 20 24 44
6 14 1 40 2 20 6 21 7 45 9 50 12 48 13 25 15 31 16 21 18 20 20 30 22 47 23 17 25 10 3 13 28 15 42 19 48 6 1 21 8 35 10 37 22 43 24 19 25 11 7 1 21 6 37 11 16 17 37 19 39 21 33 24 49 3 5 45 8 43 24 34 11 2 23 7 20 8 23 10 34 11 38 13 40 14 46 16 45 20 17 21 38 26 10
5 15 1 10 2 26 3 22 4 37 5 49 7 34 8 46 9 48 13 32 16 21 17 14 19 24 20 26 22 40 23 47 11 1 22 10 44 11 13 13 26 14 16 16 15 17 27 19 38 23 48 25 29 26 30 12 2 28 9 11 10 26 12 30 14 12 15 16 16 24 17 24 19 44 23 48 24 39 26 49 3 10 27 18 30 22 38 12 1 32 4 26 7 24 8 12 11 42 12 43 13 23 14 36 16 28 19 17 21 29 22 49
8 5 6 37 7 23 11 35 18 11 23 41 4 7 20 8 37 15 10 26 23 13 1 37 3 24 4 40 5 48 6 47 8 37 10 35 15 14 16 39 17 21 20 17 23 30 26 13 3 4 19 10 16 18 17 10 5 29 8 24 9 45 12 32 15 38 17 21 18 49 19 10 24 23 26 12 11 2 36 3 10 5 19 6 22 7 16 8 31 11 46 17 26 23 24 25 13 26 47 15 3 32 4 44 6 32 8 20 9 46 10 22 12 14 13 18 14 33 16 36 17 38 18 12 19 39 20 20 26 14 12 1 18 4 26 5 36 9 19 10 18 11 22 16 35 20 49 21 32 23 48 24 28 25 42
7 4 4 23 5 11 16 34 24 13 7 1 13 12 12 13 19 14 34 18 12 20 35 23 36 6 4 34 8 47 13 40 16 39 21 29 25 42 7 5 46 10 13 13 31 16 37 18 18 20 48 25 11 14 5 36 6 25 8 29 10 14 13 28 14 37 15 25 18 29 19 50 21 35 22 26 23 39 24 25 25 28 10 1 27 4 18 5 29 6 12 9 47 10 39 15 13 16 30 19 44 24 13 5 4 15 5 22 6 24 25 20 26 45
6 11 1 23 2 16 5 43 7 44 10 49 11 34 13 36 19 36 22 40 24 18 25 18 12 6 48 7 17 8 13 9 42 10 38 13 19 17 16 18 17 19 24 22 47 23 45 24 30 4 9 38 11 13 19 43 26 46 12 1 34 4 36 6 34 11 37 13 16 17 36 18 16 19 16 20 46 21 23 22 29 23 21 10 1 20 2 28 7 11 11 50 13 32 17 39 18 41 19 19 21 13 23 31 10 1 20 2 30 8 49 11 24 16 29 17 33 21 35 22 20 24 30 26 12
6 6 2 30 18 16 21 15 22 50 23 34 26 39 14 3 23 4 44 5 32 7 47 8 29 9 18 12 50 17 28 18 17 21 50 23 44 24 22 25 45 26 17 7 1 36 7 12 9 16 16 46 17 34 19 36 24 22 15 4 16 6 47 8 48 9 29 10 11 11 49 13 17 14 13 15 34 18 16 20 31 23 36 24 16 25 25 26 27 6 2 23 5 19 11 24 17 19 18 33 25 11 9 2 17 3 14 6 15 11 33 17 37 19 41 21 37 24 36 25 42
3 6 2 48 5 48 11 38 16 19 19 40 20 18 9 4 12 5 45 6 48 8 20 11 10 17 26 19 24 22 23 25 42 13 4 35 5 29 7 24 10 48 13 39 14 40 15 16 16 40 18 11 19 12 20 23 21 14 25 15
3 12 1 30 2 17 3 15 4 35 6 29 8 13 9 29 10 42 12 47 15 37 18 17 26 43 13 3 18 4 25 6 34 7 12 9 32 10 41 12 25 18 34 19 16 20 14 21 42 25 15 26 46 14 1 15 3 42 4 39 7 40 8 33 10 18 11 27 12 34 13 41 15 27 17 36 18 41 21 27 24 50
8 3 10 35 18 30 20 50 11 1 48 2 37 6 44 9 28 11 47 13 13 16 15 17 12 22 13 25 33 26 33 11 4 35 5 15 7 46 8 23 11 40 12 12 14 50 17 31 21 37 25 35 26 14 12 1 48 2 10 3 50 4 35 5 30 10 50 11 34 12 30 17 49 21 13 23 30 26 34 10 1 46 3 21 9 43 10 39 11 35 13 15 18 10 21 27 23 35 26 28 4 8 32 13 18 20 48 24 28 3 9 39 11 21 22 13 12 1 33 3 20 6 24 7 10 8 35 11 31 16 27 17 23 19 27 21 14 22 14 24 14
7 4 13 22 18 44 19 40 25 37 14 4 12 6 36 7 37 10 39 13 47 15 48 17 45 18 24 19 14 20 40 22 16 23 25 24 31 26 29 7 2 31 3 31 13 33 17 23 20 28 22 34 25 28 14 4 45 5 48 6 30 7 19 8 17 10 42 15 21 16 34 17 25 19 41 22 40 24 32 25 38 26 22 12 3 28 4 44 5 26 6 23 7 13 8 16 10 19 16 30 18 36 19 11 20 12 25 50 3 4 21 15 13 26 14 9 5 30 6 44 13 30 14 21 15 14 16 45 18 12 19 43 22 24
6 5 9 45 14 18 18 35 19 22 21 28 12 1 24 3 35 4 39 7 45 10 34 13 33 14 20 16 40 17 28 18 27 19 20 25 41 11 2 21 4 33 7 50 8 34 12 49 14 39 17 27 20 37 21 50 22 34 25 19 11 6 36 8 41 9 12 10 16 17 33 19 34 21 27 22 13 23 40 24 46 25 29 3 13 11 18 15 20 15 14 1 42 2 28 4 38 5 21 6 45 11 24 12 19 17 42 18 29 21 33 22 25 23 27 25 23 26 48
8 11 1 19 2 38 6 37 9 32 11 46 13 47 14 42 15 25 16 17 23 37 25 14 11 3 46 4 45 11 43 12 43 13 41 19 22 20 45 21 45 24 27 25 31 26 19 12 1 27 6 32 9 28 11 50 12 39 17 41 18 43 22 31 23 44 24 12 25 15 26 50 14 2 40 4 35 7 16 8 21 9 45 10 40 12 24 13 11 14 33 17 38 18 14 20 36 23 28 24 13 11 2 30 4 11 7 29 16 47 17 16 19 18 21 31 23 27 24 20 25 33 26 42 15 2 30 4 17 5 32 6 19 8 38 10 34 11 23 13 39 14 50 15 22 16 34 20 49 23 21 24 24 25 11 6 9 18 10 24 11 10 14 47 18 48 19 48 7 1 41 4 24 9 38 13 32 20 11 25 15 26 35
8 12 1 47 2 13 8 37 11 32 12 41 15 44 16 16 19 26 21 24 22 21 24 10 26 11 6 1 30 4 43 7 20 10 42 14 18 22 48 5 5 18 17 19 20 29 22 38 26 45 10 2 31 3 30 4 34 5 28 6 16 7 15 10 45 20 27 25 37 26 32 9 1 13 9 44 11 50 15 30 16 48 17 16 20 23 25 46 26 29 3 2 50 12 38 26 16 4 4 15 9 11 13 37 17 27 13 2 27 3 40 7 28 8 43 10 22 11 12 14 43 17 40 19 30 21 36 23 39 24 38 25 31
4 13 1 27 2 32 3 48 5 14 7 17 12 13 13 18 14 32 15 45 19 34 22 50 24 14 25 31 3 4 31 8 25 11 29 5 1 17 3 17 12 14 14 36 20 42 3 14 13 23 17 26 44
3 4 9 35 13 37 15 17 24 30 11 3 35 4 13 5 13 6 42 8 23 9 20 18 31 19 26 23 32 24 38 26 41 13 1 47 4 41 7 16 8 15 9 24 10 26 11 10 12 16 14 37 19 18 22 42 24 43 26 28
7 12 1 39 3 11 4 25 8 42 11 36 14 48 15 19 16 19 17 20 20 15 23 44 24 22 3 4 43 13 31 16 38 4 2 13 19 20 24 31 25 45 5 1 42 3 22 9 16 21 39 26 14 10 2 31 5 50 7 28 9 17 13 33 14 41 15 19 18 11 23 24 24 20 5 5 19 10 46 11 41 13 10 23 44 10 1 35 2 27 3 23 5 38 8 47 9 29 12 29 15 39 17 31 18 23
6 15 2 22 3 34 4 12 6 32 7 27 8 33 9 42 15 21 16 44 18 29 19 26 20 18 21 43 22 42 23 36 9 3 27 4 18 7 24 8 30 10 50 14 17 16 50 17 36 20 14 12 1 40 2 46 5 45 6 34 7 23 10 41 11 37 16 40 17 21 19 10 21 43 26 24 13 2 45 3 16 5 38 7 24 8 32 9 44 10 11 12 33 13 33 16 50 17 33 21 25 24 31 7 4 11 6 36 9 10 20 26 21 23 23 31 26 19 3 18 44 22 16 24 46
8 5 7 11 10 37 14 42 25 48 26 49 14 2 26 4 42 6 29 9 16 10 24 13 40 14 36 15 41 16 37 19 48 21 43 22 29 25 46 26 39 12 2 32 4 47 9 43 10 27 12 14 13 49 14 44 16 15 18 15 21 28 24 44 26 24 11 1 34 3 11 9 10 10 40 11 44 14 15 15 38 16 23 17 50 18 12 19 16 12 2 12 5 46 8 28 9 42 13 11 16 22 17 12 19 50 21 25 22 38 24 15 25 41 7 4 35 6 24 10 30 11 30 20 41 22 15 26 23 12 2 43 3 46 4 36 5 45 6 12 7 13 11 16 12 46 19 47 21 31 22 43 26 32 5 5 24 10 39 13 16 18 22 24 18
6 8 3 20 4 19 6 25 8 40 9 27 10 14 22 49 24 26 13 3 43 6 24 8 48 9 43 10 10 13 22 15 35 17 35 18 18 19 27 21 37 22 19 26 40 6 1 26 7 34 9 23 12 44 19 27 24 18 13 2 10 4 44 5 35 7 37 8 41 10 49 15 50 20 50 21 43 22 30 24 11 25 11 26 39 10 3 24 4 25 6 34 9 11 10 21 12 14 22 21 24 42 25 14 26 28 14 1 48 3 43 7 45 8 27 10 12 12 38 14 33 17 48 19 14 22 34 23 49 24 47 25 20 26 45
4 15 1 34 2 32 3 10 4 33 8 36 9 28 10 31 15 29 16 48 17 19 19 16 20 28 21 32 22 17 26 30 11 1 13 4 29 7 19 11 39 12 27 13 34 17 13 18 47 19 20 20 25 25 19 14 3 50 5 17 6 32 7 15 8 20 14 17 15 20 16 22 17 46 20 50 21 38 23 29 24 47 25 42 5 3 42 18 25 19 38 21 41 22 31
7 9 2 17 3 12 7 39 11 34 14 45 15 10 16 10 19 39 23 46 15 2 33 5 13 6 31 8 40 9 15 10 50 11 36 12 17 15 47 16 29 18 24 21 50 23 30 24 29 26 16 5 1 18 2 18 4 11 7 31 21 44 3 3 35 4 11 7 10 3 2 20 15 40 25 28 8 1 29 3 12 4 41 6 15 16 10 17 10 19 32 22 50 9 2 36 4 34 5 38 7 20 13 45 14 25 16 16 21 30 26 48
8 3 1 14 18 14 20 21 3 3 14 14 17 16 24 8 1 36 6 49 9 46 10 41 13 45 16 21 19 14 26 24 14 1 49 2 32 3 49 5 26 6 16 8 18 9 40 12 30 14 29 15 30 18 47 21 24 24 50 26 38 9 1 26 10 14 12 17 16 16 19 22 21 36 23 41 24 50 25 37 4 9 36 18 47 20 12 26 44 13 4 26 5 40 6 35 7 32 8 34 10 23 11 18 13 36 17 28 19 15 21 31 24 49 25 40 3 2 22 14 43 20 38
6 12 1 48 3 45 6 17 7 21 8 42 12 21 14 36 15 46 20 41 23 40 24 16 26 10 11 2 32 5 34 6 18 7 11 8 26 12 19 15 14 17 13 21 22 24 48 25 43 13 2 31 3 24 7 48 9 25 11 31 14 26 16 50 17 18 18 23 19 28 20 17 21 22 23 41 10 6 10 7 47 12 17 13 49 14 31 16 44 17 23 19 39 20 23 22 14 7 3 21 4 44 16 16 19 39 23 37 24 18 25 35 9 5 24 7 49 8 21 14 10 16 23 19 44 20 27 21 40 24 41
3 6 1 18 13 30 15 26 19 18 21 45 22 17 14 2 32 4 24 9 20 10 32 12 19 14 40 16 28 17 10 19 44 20 27 22 18 23 37 24 15 26 44 13 2 50 7 17 8 33 12 38 13 41 14 44 17 35 18 21 21 30 22 32 24 25 25 25 26 36
4 10 1 31 4 41 6 30 14 47 17 44 18 42 20 36 21 50 23 39 24 32 8 1 22 2 14 4 13 7 43 13 11 15 47 16 49 23 29 15 2 50 4 19 5 16 6 21 7 42 8 14 9 10 12 27 16 10 18 29 19 20 21 35 22 43 23 23 25 40 10 5 33 6 32 9 15 12 33 14 13 15 41 17 33 19 34 22 15 26 18
7 3 10 34 15 44 24 34 9 2 41 4 39 7 35 10 47 11 34 17 26 19 12 24 28 25 47 12 1 50 3 18 6 23 7 29 10 13 11 11 14 48 18 48 20 15 21 30 22 13 25 21 11 3 29 4 42 5 19 6 33 8 34 9 26 13 46 14 46 17 41 18 17 24 11 6 1 44 8 30 9 20 13 47 21 19 23 23 15 3 17 4 46 5 32 8 47 10 16 12 28 13 17 14 21 16 49 18 35 19 44 20 10 24 50 25 43 26 22 7 1 31 3 26 4 29 5 45 9 25 10 25 23 21
4 3 1 29 6 40 22 41 14 1 38 2 46 3 42 8 25 11 19 12 14 13 22 15 39 16 11 18 37 20 10 24 25 25 37 26 21 13 1 32 3 28 5 46 6 33 10 41 11 23 16 50 17 50 18 22 20 31 23 36 24 20 26 23 12 3 17 6 17 7 41 9 27 11 13 13 47 16 42 20 23 21 12 22 41 24 31 26 44
3 6 4 33 8 37 9 28 10 37 17 12 23 30 12 1 25 2 50 5 12 7 48 11 23 12 45 13 11 15 42 16 49 17 30 19 41 23 30 14 2 27 4 34 5 11 6 39 7 45 10 47 12 25 13 33 14 26 16 21 19 30 23 45 24 16 25 18
7 3 5 16 17 23 21 19 12 1 49 2 37 4 43 7 36 11 28 13 25 15 28 16 44 17 13 19 44 20 49 21 11 11 1 16 2 13 3 35 4 15 8 10 11 10 12 43 18 17 22 47 23 41 25 36 9 2 30 3 28 4 33 5 29 7 25 10 25 19 30 23 32 24 39 6 3 20 5 21 6 18 9 32 23 15 26 50 7 1 19 4 48 17 41 18 44 24 32 25 39 26 28 13 1 41 3 35 4 28 5 19 6 30 11 31 12 12 14 40 15 15 17 35 20 31 21 12 25 17
4 14 1 36 2 14 4 41 6 12 9 15 11 45 12 35 13 34 16 33 17 10 19 35 24 40 25 50 26 23 9 1 34 4 28 8 25 9 20 11 16 12 15 19 46 24 44 26 50 13 2 44 5 19 6 35 7 17 8 31 9 19 10 24 11 25 13 28 18 24 19 13 25 17 26 20 3 3 26 5 31 18 10
5 11 2 18 4 50 5 40 6 26 11 19 12 28 15 30 16 24 18 23 19 37 20 19 11 1 23 3 24 4 39 10 38 12 33 13 34 16 17 18 29 20 46 24 20 26 21 14 1 49 2 13 3 46 5 15 9 37 10 12 11 39 14 22 18 48 20 38 22 26 24 42 25 12 26 38 9 1 23 5 13 6 39 9 25 17 25 18 42 19 42 25 41 26 25 4 6 17 14 12 16 33 26 43
3 4 13 13 15 40 18 12 22 41 5 4 25 14 31 21 19 24 10 25 35 11 1 43 3 45 7 26 10 46 14 21 15 14 16 19 17 40 18 31 22 24 25 20
3 6 7 38 9 36 11 11 18 15 20 16 26 28 3 16 16 20 18 25 41 4 2 13 7 21 17 34 23 33
3 8 2 43 4 11 6 42 10 37 18 18 21 38 24 41 26 12 12 1 14 2 21 4 28 7 39 8 29 9 29 11 24 14 26 19 25 21 10 22 50 24 21 9 4 27 6 26 9 15 10 46 11 15 17 26 22 41 25 45 26 39
5 6 1 44 6 19 7 26 9 26 12 43 22 41 5 1 26 5 37 11 19 20 26 22 36 9 1 12 3 24 4 43 11 23 13 26 14 15 15 27 17 31 25 13 15 1 13 2 11 7 24 8 38 9 40 10 37 11 29 12 24 14 15 16 38 17 16 20 33 23 13 25 32 26 18 12 2 50 5 10 6 44 10 40 11 45 12 28 13 14 15 28 17 41 20 38 23 13 25 37
5 14 3 26 4 31 5 27 6 49 7 50 11 38 14 38 16 43 17 21 18 23 19 10 20 16 21 19 26 25 8 3 26 5 47 6 31 7 14 9 26 12 43 20 50 25 50 5 12 11 16 36 21 27 25 14 26 12 14 1 48 5 27 7 20 9 18 10 10 11 13 13 18 14 18 15 33 17 33 18 48 19 16 20 48 23 29 9 5 42 9 33 10 15 13 40 15 31 19 26 20 46 21 32 24 47
6 9 8 43 9 49 10 38 14 35 16 11 19 48 21 42 22 14 26 19 12 3 36 5 45 11 32 12 44 14 32 15 46 16 19 17 37 20 32 21 45 22 38 26 20 13 1 29 3 15 5 12 7 11 14 33 15 44 16 33 17 18 21 36 22 43 23 22 24 44 26 49 8 1 24 2 41 4 49 15 32 17 23 20 23 23 39 25 43 10 6 23 9 13 10 43 11 29 13 19 16 28 17 14 19 39 25 26 26 17 12 2 22 3 25 4 44 7 17 13 49 14 50 16 42 19 10 21 10 22 39 24 40 26 43
8 8 1 40 2 12 4 48 11 18 14 13 15 27 18 46 20 34 3 5 27 10 10 20 17 4 5 18 17 45 21 21 23 42 8 5 25 6 31 7 36 9 39 11 31 17 34 21 48 26 27 8 1 18 2 41 4 39 5 11 9 26 12 33 17 49 23 37 10 2 39 4 17 6 12 9 32 11 10 12 13 13 19 19 37 22 31 23 46 7 6 20 13 50 14 34 16 47 19 36 21 43 23 20 9 8 31 10 50 12 32 13 38 16 46 17 24 19 31 20 42 23 32
4 5 2 29 6 45 8 49 12 11 19 22 7 1 12 2 36 9 41 10 21 16 45 25 34 26 30 7 1 46 10 25 12 17 13 47 16 11 19 29 20 29 12 2 24 3 48 7 24 10 14 11 29 12 17 20 30 21 47 22 42 24 16 25 12 26 28
6 4 7 39 9 26 10 34 24 50 11 6 18 7 41 9 44 11 33 14 33 15 17 16 24 17 24 18 29 20 21 26 22 11 1 35 2 23 3 44 7 20 9 45 11 15 20 44 21 14 23 48 24 25 26 35 15 1 28 3 36 4 23 5 29 6 12 7 39 8 15 9 27 12 15 13 10 14 14 18 28 19 48 22 40 25 28 11 2 48 3 10 8 48 12 11 13 45 15 34 18 15 19 37 20 37 24 46 26 23 6 8 35 9 43 10 44 17 40 19 32 24 34
4 13 8 42 9 19 13 15 14 27 15 25 16 48 19 17 20 10 21 23 22 42 24 49 25 12 26 10 8 2 46 5 41 8 26 9 18 10 20 16 50 24 20 26 21 11 1 45 6 25 9 49 11 12 17 23 18 25 19 29 20 36 23 37 25 19 26 24 11 1 40 2 35 3 24 5 17 7 22 12 24 15 40 20 28 24 49 25 30 26 34
8 12 1 39 2 19 3 39 6 44 11 50 12 10 13 26 14 20 15 48 18 21 20 24 24 33 4 8 28 10 24 23 43 25 19 15 1 46 2 40 3 23 4 48 7 38 9 42 11 33 14 28 15 22 16 20 17 36 21 48 23 11 24 18 25 26 8 1 31 3 27 7 41 8 44 11 17 12 45 20 44 25 20 13 2 44 5 17 7 19 8 50 9 41 10 44 11 11 12 39 14 30 16 30 18 49 24 47 26 48 10 1 17 3 33 5 11 7 49 11 48 14 31 17 19 23 28 24 45 26 48 7 6 49 11 37 13 36 14 11 16 49 23 31 25 45 12 1 19 2 10 5 17 7 19 12 32 14 46 15 33 16 42 17 15 18 11 21 39 25 17
5 5 3 15 6 24 13 36 17 28 26 18 4 3 36 5 12 16 49 19 16 8 3 33 6 41 7 41 12 48 15 26 16 33 19 23 25 15 11 1 18 4 46 6 33 7 50 19 22 20 46 21 33 22 21 23 44 25 11 26 36 7 7 31 9 47 12 27 13 34 17 39 18 23 23 12
8 15 2 36 3 46 4 16 5 16 7 42 11 43 12 43 13 37 14 23 15 37 17 10 19 21 21 50 22 50 24 48 13 2 30 3 21 4 40 5 38 6 26 9 41 10 26 13 42 16 28 18 49 20 34 23 26 24 25 4 4 11 8 16 11 16 22 39 13 3 39 5 44 8 49 9 31 13 35 15 47 16 22 17 16 19 24 22 18 23 13 24 25 26 35 5 5 43 7 45 11 19 16 15 26 13 5 6 47 7 15 16 45 19 45 20 12 9 4 32 7 13 11 24 15 42 18 23 19 21 20 35 22 28 23 36 10 2 10 4 34 8 37 10 35 18 48 21 34 22 35 23 50 24 20 26 37
5 10 1 22 5 48 6 27 9 14 13 50 14 27 18 41 21 47 24 15 26 17 6 1 45 2 39 5 42 7 18 13 50 16 39 7 4 25 7 47 8 10 9 50 15 17 17 36 25 13 4 1 45 11 15 21 42 24 39 6 1 40 5 20 14 50 21 16 23 25 24 10
8 7 3 11 5 25 6 10 9 14 12 18 23 40 26 49 14 1 32 2 42 4 46 6 50 8 43 10 14 11 34 13 21 15 49 16 39 19 14 20 26 21 36 23 39 12 3 20 5 44 8 11 9 14 14 13 16 19 18 14 19 30 20 50 21 49 22 19 25 30 13 2 41 3 45 5 25 7 33 8 17 13 10 15 45 16 42 19 49 20 32 24 45 25 25 26 40 4 4 45 6 29 25 36 26 39 8 4 15 6 18 11 48 12 34 14 32 15 20 18 29 24 32 3 1 40 12 40 19 47 13 4 10 6 23 7 12 8 24 11 33 12 38 13 35 16 49 21 19 22 28 24 49 25 31 26 39
6 7 3 11 6 15 12 37 15 45 17 24 24 29 26 16 11 3 50 7 50 9 13 13 17 15 41 17 43 20 31 21 40 22 42 24 14 25 15 5 4 35 5 18 15 13 16 44 19 48 5 10 46 11 36 13 24 14 18 21 44 12 1 26 2 29 6 48 11 18 12 48 13 34 15 32 17 18 18 16 19 32 25 32 26 26 13 1 12 3 46 4 29 7 36 8 17 13 27 15 28 16 19 18 23 20 34 21 31 22 47 23 48
7 3 15 38 16 18 17 28 6 6 32 9 12 11 41 12 31 13 15 15 36 11 1 31 6 50 7 32 9 15 11 21 14 31 16 12 18 47 20 20 21 38 25 40 9 1 21 2 29 4 12 6 43 14 39 18 24 19 35 21 29 25 47 10 3 11 4 26 5 21 7 33 9 48 14 50 18 42 22 48 23 29 24 47 14 1 42 2 23 3 34 4 35 5 38 6 46 7 36 8 50 15 35 18 19 22 19 23 18 24 46 25 20 12 1 38 4 25 5 40 6 29 7 37 11 48 13 17 15 21 16 11 20 36 23 34 24 46
6 14 2 10 4 17 6 19 9 27 10 25 11 43 12 47 13 36 14 10 16 19 17 17 19 21 21 49 26 43 11 1 16 8 33 9 31 10 35 11 29 13 21 16 20 18 21 20 42 23 32 26 37 6 1 33 4 14 13 44 17 50 24 45 25 50 11 2 28 5 27 6 26 12 18 14 38 16 38 18 11 19 21 20 44 22 19 26 18 11 2 36 4 41 6 18 8 40 10 19 12 42 14 50 19 16 20 19 21 15 25 12 11 6 25 9 34 10 50 11 23 12 15 14 23 20 46 21 32 23 46 24 13 25 12
4 4 5 32 7 11 21 15 24 46 12 3 24 5 26 6 48 7 42 11 16 13 48 14 30 16 46 18 34 19 34 25 32 26 50 12 1 31 2 19 3 42 4 34 7 19 11 10 19 18 21 15 22 19 23 20 25 49 26 13 10 1 38 4 20 7 24 8 47 11 30 12 41 13 10 17 15 21 37 24 28
6 7 2 42 5 18 6 44 11 37 15 10 17 18 23 30 14 1 48 3 27 4 40 7 42 9 47 11 21 13 39 16 23 17 41 19 41 21 27 23 15 25 13 26 40 9 1 38 2 36 4 44 8 36 9 46 12 17 18 48 22 45 24 29 14 2 13 6 17 9 41 11 21 12 40 13 15 16 38 17 25 18 10 19 12 20 36 22 24 24 43 26 48 6 4 24 10 46 12 49 19 44 24 38 26 31 6 4 36 5 41 7 10 8 29 14 34 15 10
3 14 1 38 2 19 3 19 6 47 9 29 10 29 12 27 15 24 16 45 18 41 19 41 21 22 24 12 26 31 8 1 26 6 31 13 36 18 41 19 25 21 49 22 50 23 40 4 3 13 4 22 6 34 13 28
4 11 2 26 5 30 6 44 10 17 13 35 14 23 15 29 16 20 20 44 21 11 26 31 6 6 36 9 13 10 21 11 17 23 13 26 41 4 2 14 6 27 23 30 26 29 3 13 29 16 31 23 19
8 10 2 27 3 15 6 39 10 17 12 35 13 36 15 29 19 44 21 22 23 35 12 2 16 4 23 6 10 11 14 12 45 13 47 19 38 20 27 21 24 23 28 25 17 26 14 6 1 34 6 49 11 22 20 16 21 31 23 47 15 1 40 2 36 3 29 6 20 7 31 8 20 9 21 14 10 15 48 16 28 19 46 20 38 21 32 25 25 26 23 13 2 13 4 35 7 44 8 14 10 16 11 30 12 41 14 24 15 22 16 19 19 17 24 16 25 36 12 3 38 4 49 5 33 7 38 10 19 12 33 13 33 15 40 17 16 18 33 22 48 25 19 3 8 22 19 25 26 21 7 3 36 4 22 6 43 8 45 13 15 16 10 23 17
4 4 5 38 8 15 12 23 17 34 15 3 41 4 39 6 13 11 42 12 31 13 19 14 37 15 35 16 29 17 47 19 33 20 44 23 23 24 47 25 45 9 1 17 2 26 3 43 4 25 8 37 10 41 12 42 15 35 22 39 3 1 36 4 37 16 17
7 15 2 48 3 30 4 38 6 16 7 34 8 21 9 10 12 16 14 47 16 39 18 11 20 10 21 14 24 46 25 20 15 1 18 3 49 5 15 7 10 8 19 9 11 12 14 14 43 15 19 16 24 17 29 19 34 20 41 21 40 25 36 13 2 31 6 15 12 20 14 22 15 37 16 50 17 29 19 32 20 50 22 45 23 48 24 50 25 49 13 2 10 6 12 9 11 11 12 12 22 13 36 18 24 19 48 20 46 21 15 23 14 24 34 26 31 15 1 24 3 25 4 12 6 21 9 31 11 38 12 39 13 41 15 40 17 29 18 25 19 23 21 34 24 10 25 48 10 1 26 3 25 4 27 5 41 11 32 15 42 17 14 19 20 22 44 25 17 4 8 16 11 47 13 48 24 14
5 14 1 14 2 26 4 19 5 26 7 45 8 25 12 12 13 40 15 48 16 16 17 31 20 11 23 42 25 30 10 2 40 6 26 8 46 12 19 19 50 20 37 22 43 23 27 24 20 26 38 11 2 31 3 28 9 12 13 41 14 48 15 31 16 22 22 16 23 38 24 42 26 50 5 1 49 2 42 6 35 17 30 26 30 14 2 18 4 48 6 25 8 49 9 16 10 42 11 32 12 24 14 28 15 17 20 19 21 16 24 17 25 23
8 12 3 11 4 36 5 14 8 30 9 39 12 36 13 10 14 17 17 27 22 37 23 33 26 12 11 1 42 5 26 10 49 12 21 14 30 15 33 17 13 20 22 21 26 23 32 24 21 11 1 42 2 49 3 41 4 46 5 45 8 12 12 47 16 39 19 39 20 26 26 49 13 2 27 6 13 7 42 9 42 10 44 11 48 13 12 15 23 17 21 20 27 23 47 24 35 26 40 15 1 32 8 40 9 27 11 38 12 28 13 30 16 12 17 37 19 46 21 43 22 47 23 17 24 12 25 30 26 26 8 1 32 5 33 11 41 12 12 17 32 19 43 24 14 25 19 4 4 38 8 49 9 29 15 16 6 1 16 3 15 7 36 9 19 12 20 15 14
4 15 2 17 3 42 4 37 6 14 7 48 9 33 11 33 13 50 14 46 16 28 17 10 20 48 21 48 23 32 24 47 11 2 26 6 10 7 14 13 36 14 49 15 43 16 26 18 35 20 31 22 41 25 43 6 5 14 13 37 14 23 17 12 18 46 21 47 5 3 33 6 33 10 27 12 45 26 42
8 9 3 20 4 40 12 32 13 29 15 24 18 19 20 40 24 25 25 39 6 4 10 6 19 15 48 18 41 23 21 26 20 12 1 21 4 16 7 19 8 25 10 48 12 25 14 13 18 24 19 33 20 17 25 42 26 26 6 1 45 4 21 7 22 13 14 18 16 19 20 6 1 44 2 15 5 29 8 15 20 36 25 46 15 3 36 4 41 9 22 10 10 11 44 12 40 13 37 15 46 17 21 19 21 20 39 22 47 24 42 25 12 26 34 10 3 16 4 46 5 21 6 36 13 46 14 27 18 33 19 32 22 15 25 32 15 1 20 2 38 4 30 7 39 9 31 10 20 11 38 14 49 15 12 16 24 17 18 18 48 21 17 22 46 26 48
8 14 1 30 2 44 3 37 7 48 11 39 14 36 15 28 17 20 18 48 20 13 22 46 23 33 24 46 26 11 5 1 50 7 15 8 36 11 31 16 41 13 1 10 6 43 7 44 8 24 9 43 10 37 11 19 12 29 15 49 17 50 21 36 24 27 26 50 5 2 46 4 33 8 20 15 44 24 14 11 4 10 8 30 11 37 12 30 13 47 15 46 16 25 17 45 18 13 19 49 20 31 15 2 18 3 19 4 44 5 10 7 22 9 10 10 32 11 14 14 22 15 23 18 50 19 46 21 14 22 33 26 25 4 12 29 15 26 24 14 25 35 8 2 23 3 16 4 33 5 35 9 32 10 27 11 26 16 40
8 10 1 36 2 12 4 23 5 40 6 26 11 47 16 19 18 44 21 18 26 46 9 1 10 7 28 8 44 13 22 15 35 20 42 24 21 25 16 26 26 3 2 37 7 28 23 12 13 2 21 3 17 4 17 5 26 6 15 7 38 10 32 14 29 16 35 23 20 24 25 25 28 26 16 14 3 22 5 30 8 29 12 33 14 29 15 29 16 12 17 49 18 40 19 19 22 42 23 11 24 26 25 29 4 8 38 11 17 22 50 24 12 3 10 39 13 30 16 43 15 2 11 3 29 4 13 7 35 8 26 10 20 12 10 14 49 15 13 17 10 18 12 22 10 24 14 25 18 26 18
5 7 7 17 9 42 13 24 15 14 21 47 22 11 25 34 11 1 24 3 40 7 44 12 32 15 37 16 21 18 29 20 24 21 36 23 22 25 10 7 3 24 5 29 10 32 15 48 18 15 21 25 24 12 10 2 20 4 48 6 15 8 30 12 26 13 35 14 47 17 38 19 48 20 41 8 5 29 8 18 10 39 11 25 13 37 17 46 22 22 23 32
6 8 2 13 4 42 5 43 6 30 11 47 12 24 19 41 22 22 5 12 42 14 26 19 32 20 25 24 23 4 1 47 9 49 18 15 20 39 13 2 21 3 37 6 43 7 28 9 44 12 45 14 27 18 45 19 13 21 30 22 27 24 46 26 49 14 2 35 3 23 7 13 10 48 11 35 12 43 13 21 15 31 16 35 17 16 21 14 22 12 23 11 24 50 7 1 16 5 46 10 48 14 39 21 37 25 46 26 18
8 11 2 10 6 24 7 40 9 23 11 27 12 45 13 31 19 18 20 14 23 31 26 30 9 2 43 5 29 6 36 7 36 10 16 17 29 18 27 19 40 22 13 15 1 13 5 27 6 33 7 33 8 21 10 31 12 40 14 41 16 28 17 10 19 40 20 49 21 29 23 47 24 30 8 1 41 4 17 6 13 9 22 12 48 13 44 21 41 24 39 14 1 23 2 12 4 33 7 14 8 44 10 36 11 21 15 39 17 38 19 23 20 26 21 10 23 37 24 46 11 1 39 3 15 7 25 8 24 9 15 11 13 13 46 21 11 22 23 23 40 25 41 11 1 23 4 36 5 45 6 13 7 19 8 33 10 47 13 22 14 20 15 24 18 29 12 2 13 4 23 5 10 7 39 8 32 9 45 12 21 19 48 20 26 22 35 24 15 26 43
3 4 7 14 10 28 16 36 25 43 10 3 49 4 18 5 47 6 33 8 14 9 10 10 49 13 23 20 38 21 39 13 4 21 5 25 6 39 7 48 9 47 10 49 11 29 13 28 14 13 15 18 17 14 21 45 25 14
7 7 4 45 9 15 15 20 17 14 20 17 22 22 26 48 5 2 43 3 27 4 39 24 47 26 36 15 3 14 4 44 6 46 7 37 9 17 12 14 13 19 15 11 16 29 19 45 20 47 21 11 22 40 24 46 26 48 15 1 38 2 29 3 48 4 10 5 13 7 41 8 24 13 43 14 27 16 18 19 38 21 12 22 23 23 24 24 22 15 3 26 5 19 6 20 7 48 9 33 12 16 13 43 14 41 15 39 18 11 19 42 20 16 21 32 22 24 25 39 15 2 22 4 17 5 34 6 23 8 18 9 33 10 13 12 28 13 12 14 48 17 48 18 23 20 10 25 35 26 40 15 1 34 2 25 5 47 6 50 7 39 8 11 10 43 12 43 16 17 17 44 18 22 19 19 20 15 21 35 26 48
5 12 2 32 4 47 5 46 8 32 9 11 10 28 12 24 15 33 17 22 19 20 20 11 23 45 10 1 34 3 15 5 18 6 28 8 39 14 11 15 40 18 39 24 20 26 24 8 1 23 4 25 9 32 10 47 11 40 12 42 15 13 16 26 6 6 12 9 50 15 41 16 49 17 26 25 42 13 1 11 6 45 10 23 11 22 13 25 15 29 16 26 18 45 20 12 22 37 23 50 25 50 26 28
4 7 7 34 13 20 17 49 18 14 24 34 25 26 26 49 11 5 10 6 23 8 20 9 22 11 17 13 45 15 50 16 25 17 19 23 20 24 34 14 3 10 10 31 12 32 13 36 15 14 17 14 18 25 19 40 20 50 22 49 23 17 24 24 25 38 26 48 14 2 27 3 41 5 33 6 34 8 43 10 37 12 22 14 29 15 18 17 17 18 39 20 19 25 24 26 25
5 10 7 13 9 41 10 43 11 15 12 31 15 39 22 32 23 22 25 24 26 12 4 4 46 11 35 12 41 23 28 7 1 27 5 40 6 28 7 21 18 15 22 15 25 32 14 1 29 2 16 3 25 4 47 5 30 7 27 9 41 10 21 12 15 13 45 15 23 17 43 20 40 26 22 12 5 37 6 42 7 17 9 45 10 49 11 47 12 17 17 15 19 49 21 18 23 20 24 19
4 14 3 28 4 13 5 32 6 18 7 34 8 12 9 47 10 49 11 37 14 47 18 50 22 49 23 30 26 41 10 2 36 4 31 7 32 9 21 13 38 14 37 15 15 17 42 21 33 23 18 11 1 14 2 47 3 32 4 48 10 20 11 34 13 29 15 38 21 50 23 27 26 25 8 3 12 6 12 7 23 14 30 15 46 16 23 25 44 26 27
59 88 56 123 79 116 77 65 108 107 92 120 57 70 114 128 39 107 41 89 82 84 129 103 81 72 102 100 73 90 57 59 110 99 93 109 125 54 54 89 113 150 88 75 129 147 107 45 59 135 63 51 115 68 77 40 59 36 61 63 82 138 65 86 78 125 67 96 85 128 81 92 89 66 110 53 59 114 60 115 86 132 49 157 154 135 85 72 96 39 84 92 58 69 78
2 1 2 3 3 3 3 1 3 1 2 3 1 2 1 1 2 3 2 2 2 3 2 3 3 3
# Instance ID: 83
# Size type: large
# Total operations: 539
# Actual flexibility: 0.354
# Generated: 2026-02-07 22:12:21
# Format: Extended Brandimarte format for MOFJSP