11 7
3 1 5 47 3 1 48 2 17 4 30 3 4 25 5 37 7 23
8 2 1 23 2 27 4 1 41 3 44 4 33 5 17 3 4 25 5 27 6 19 3 3 29 4 11 6 48 1 7 13 2 3 34 5 29 3 1 44 6 25 7 38 4 1 15 3 25 4 29 5 23
7 2 4 30 6 36 1 3 15 4 3 37 4 16 6 20 7 26 1 3 36 3 1 13 4 21 6 50 4 1 35 2 22 6 50 7 29 3 1 20 5 25 6 43
6 2 5 36 7 30 4 2 21 3 47 4 30 6 28 2 1 33 4 21 4 1 11 2 45 4 49 5 50 2 1 22 4 26 2 1 49 4 37
4 3 1 20 2 46 3 17 1 6 43 4 1 24 4 23 6 22 7 27 3 4 18 6 37 7 23
8 2 3 22 7 36 2 2 11 4 28 3 2 25 4 33 5 47 4 1 30 2 35 4 23 7 34 4 1 16 3 45 5 13 6 13 3 2 48 3 48 4 12 1 3 42 4 2 45 3 12 4 47 7 21
8 3 2 31 4 39 5 18 1 3 43 4 1 12 2 18 3 41 6 27 3 3 49 4 26 6 43 3 2 41 3 19 4 45 4 1 24 2 21 6 12 7 40 3 2 37 4 17 6 41 1 4 32
5 4 1 17 2 32 4 15 7 23 3 2 27 5 46 7 47 2 1 43 5 46 2 1 25 4 41 1 3 11
3 3 1 35 6 33 7 47 1 7 30 2 1 39 7 40
3 4 1 31 3 12 5 49 6 38 3 5 18 6 23 7 13 3 1 45 3 48 6 34
6 1 4 26 2 2 15 4 11 2 2 35 4 28 2 1 41 3 37 3 2 32 5 16 6 33 2 4 34 7 40
50 151 134 91 59 138 101 97 53 39 77
1 2 1 2 2 1 2
# Instance ID: 15
# Size type: small
# Total operations: 61
# Actual flexibility: 0.372
# Generated: 2026-02-07 22:12:21
# Format: Extended Brandimarte format for MOFJSP