16 8
5 2 1 15 2 37 1 8 49 1 5 21 1 1 18 1 3 41
5 3 2 18 3 27 5 17 1 6 37 3 2 46 3 50 6 14 4 1 41 3 46 5 20 8 33 2 5 16 7 46
3 1 4 42 1 1 10 2 1 33 4 34
5 2 3 12 7 45 4 2 30 3 27 4 14 8 46 3 2 13 5 21 6 24 1 7 14 4 3 15 5 45 6 39 7 10
5 3 3 29 4 49 5 25 4 2 44 4 25 5 19 6 10 4 1 50 2 10 3 31 5 10 4 1 25 2 36 5 41 8 13 2 1 12 5 24
3 4 1 47 4 16 6 42 8 18 4 1 37 2 18 5 25 7 28 3 4 30 6 30 7 38
5 3 1 18 2 47 4 16 2 2 38 8 39 3 1 32 5 23 7 38 3 1 15 3 20 8 29 1 4 30
7 2 2 25 6 32 4 1 21 3 11 6 35 7 38 2 2 16 4 18 1 1 13 2 2 35 3 33 1 5 14 1 2 22
4 4 1 12 3 39 7 13 8 20 4 1 37 4 21 7 32 8 23 2 3 38 5 19 1 4 28
4 4 1 15 4 27 5 34 7 18 4 2 50 4 44 5 11 6 34 3 4 32 5 46 8 42 3 2 11 3 30 7 48
3 2 1 27 7 13 4 2 20 5 16 6 25 7 25 3 1 46 2 34 7 32
6 2 2 47 3 30 3 1 32 6 46 7 46 2 4 41 7 44 3 1 15 3 13 4 24 2 1 40 5 10 3 2 31 4 21 7 30
3 1 1 19 2 2 43 7 33 1 6 35
6 1 6 29 3 2 37 3 50 6 41 3 3 49 5 32 6 24 2 3 28 7 18 2 1 46 6 35 1 3 48
4 3 4 16 5 41 6 19 3 2 30 3 20 8 50 1 6 38 1 5 23
3 2 2 26 3 16 1 1 34 4 2 34 4 32 6 44 7 34
88 63 48 84 71 43 80 95 73 65 45 102 56 104 50 52
1 2 3 2 3 1 1 3
# Instance ID: 6
# Size type: small
# Total operations: 71
# Actual flexibility: 0.299
# Generated: 2026-02-07 22:12:21
# Format: Extended Brandimarte format for MOFJSP