20 5
6 3 1 14 2 19 3 24 3 1 35 3 10 4 26 3 1 26 2 47 4 34 3 1 24 3 40 5 11 3 3 24 4 14 5 50 2 3 17 4 18
3 1 1 29 2 1 25 5 44 1 4 39
5 2 4 47 5 19 2 1 49 4 36 2 1 23 3 38 2 2 16 3 33 3 1 27 2 22 3 17
7 2 1 50 2 48 1 1 31 1 2 46 1 1 45 1 5 23 1 3 19 3 1 18 3 44 5 26
5 1 1 11 1 1 32 1 5 30 1 2 26 1 2 36
7 3 1 38 2 33 5 42 3 1 24 3 49 4 12 3 2 11 3 13 5 40 2 1 41 4 38 1 1 30 3 1 27 2 49 4 50 3 2 48 3 43 5 28
3 2 4 16 5 17 3 2 38 4 24 5 36 2 4 36 5 16
4 2 3 26 4 33 1 4 14 1 1 15 2 1 18 3 45
6 1 5 45 3 1 32 2 37 3 13 2 3 32 5 16 3 1 40 2 24 5 16 2 3 17 5 27 3 2 49 3 49 4 45
3 1 5 27 1 2 27 3 2 10 3 21 5 19
6 3 1 50 4 11 5 15 3 2 36 4 39 5 31 1 3 29 3 1 19 3 20 4 49 1 1 27 2 4 48 5 38
8 2 2 42 3 17 2 1 28 4 47 2 3 12 5 24 2 1 10 5 23 2 2 26 5 28 2 1 41 5 37 1 2 34 3 1 35 2 12 3 37
4 1 4 14 2 4 46 5 35 3 1 35 3 11 4 30 1 5 39
4 3 1 16 2 25 3 37 3 1 29 2 31 4 24 2 1 42 2 50 1 5 42
3 1 3 32 3 1 19 2 26 5 22 1 5 19
4 3 1 41 2 39 3 46 3 3 30 4 19 5 38 1 4 38 3 3 13 4 32 5 42
7 1 3 39 2 1 33 5 28 1 1 49 3 2 47 4 45 5 12 2 2 30 5 48 2 2 13 5 38 1 3 15
4 3 1 38 2 38 4 43 3 2 33 4 28 5 34 2 1 50 3 31 1 3 16
6 3 2 48 3 19 4 31 1 5 19 2 3 18 4 48 3 1 34 3 31 4 18 3 1 37 3 42 5 33 1 3 29
6 1 2 31 2 2 18 5 19 1 3 16 3 1 31 3 49 5 18 3 1 21 2 49 4 20 3 1 33 2 25 4 38
115 51 72 108 83 125 38 57 107 40 78 130 79 64 57 74 98 74 95 110
2 3 3 1 1
# Instance ID: 2
# Size type: small
# Total operations: 101
# Actual flexibility: 0.404
# Generated: 2026-02-07 22:12:21
# Format: Extended Brandimarte format for MOFJSP