100 29
3 16 2 12 5 44 6 48 8 11 12 33 13 50 15 19 16 12 17 38 22 44 24 16 25 49 26 16 27 17 28 32 29 22 7 1 22 7 17 12 32 14 29 20 40 23 21 29 26 17 2 30 4 24 5 49 6 42 7 20 10 14 14 49 16 35 17 23 18 33 19 21 20 33 21 40 23 19 25 11 26 23 27 23
4 11 2 19 3 17 4 10 6 14 9 30 10 12 12 28 16 29 24 40 25 46 29 36 14 2 14 5 19 6 45 8 30 11 12 12 29 14 37 15 33 18 10 20 18 22 19 23 12 27 45 28 38 17 1 25 3 31 7 24 8 15 10 48 11 13 12 48 13 30 14 34 16 30 21 25 22 28 23 19 24 47 25 43 26 41 27 32 15 5 18 7 19 9 46 10 44 12 39 13 40 14 44 15 26 16 20 17 18 18 32 19 23 21 24 22 15 24 43
3 8 2 10 5 45 6 29 10 34 11 31 13 11 20 17 28 19 15 5 21 6 25 9 20 11 17 12 41 13 36 15 33 16 40 18 20 19 21 20 32 21 27 23 46 25 41 28 19 10 1 29 6 33 11 40 13 38 14 37 16 10 18 37 22 31 25 29 28 17
4 12 1 29 2 27 6 33 8 19 9 31 10 36 11 35 15 49 20 26 21 33 22 45 29 39 14 2 40 3 37 4 36 6 50 7 27 10 27 11 40 17 40 18 20 19 42 20 47 21 29 26 17 27 31 9 4 39 11 42 12 11 15 48 16 30 17 11 20 20 24 36 25 43 16 6 50 8 21 9 48 11 44 12 42 14 44 15 45 16 11 19 42 20 46 21 43 22 27 23 19 25 41 28 23 29 11
4 4 1 19 22 30 23 46 25 49 10 2 22 3 40 4 11 5 29 6 10 16 26 20 36 25 29 28 10 29 27 9 2 40 7 10 15 41 17 16 19 41 20 44 22 30 23 17 29 26 5 2 16 9 38 13 15 23 26 24 18
3 16 5 18 6 26 8 39 10 23 12 43 14 10 15 35 16 49 17 38 19 23 21 45 22 26 23 30 24 14 26 32 27 15 15 2 32 3 37 7 14 8 24 9 36 10 45 12 29 13 40 16 40 17 16 19 32 20 30 21 23 23 46 29 10 17 2 28 4 38 5 39 6 24 7 41 8 26 9 21 10 16 11 29 14 41 15 25 17 10 19 24 20 28 24 36 25 23 27 16
7 13 1 31 4 48 6 24 7 46 8 38 11 17 15 23 16 18 18 22 20 18 21 41 24 28 27 37 17 2 33 3 16 7 10 8 25 10 18 11 18 13 47 14 38 19 30 20 15 21 12 22 50 24 36 25 18 26 30 27 32 28 45 14 1 15 2 16 4 29 5 18 6 31 7 28 11 39 14 40 15 48 16 36 22 10 25 11 26 21 27 38 5 1 48 5 10 11 34 21 46 27 23 13 1 50 4 49 8 24 9 29 11 12 12 16 13 18 14 39 15 38 17 47 19 48 21 45 29 33 7 1 28 3 25 7 12 11 16 16 50 21 22 26 47 11 1 35 2 17 5 40 8 50 11 49 13 24 16 17 18 50 26 34 28 48 29 45
4 12 1 16 14 14 15 30 16 38 18 38 19 39 20 36 21 34 22 13 23 37 24 12 25 37 5 7 44 10 11 12 34 16 47 29 31 7 2 13 4 48 11 29 15 18 17 37 25 34 28 22 12 1 42 3 21 8 23 10 13 11 14 12 46 14 35 19 31 20 17 21 34 24 19 26 13
3 11 5 18 8 44 12 28 13 17 16 32 17 46 19 46 20 36 22 42 25 34 29 22 15 1 39 4 36 5 15 8 40 9 30 10 10 11 44 12 25 14 15 15 27 18 42 20 40 24 19 27 27 28 22 5 11 39 12 40 13 32 18 18 23 27
4 16 1 40 3 19 5 33 7 34 8 39 10 20 12 35 13 43 17 18 19 36 21 11 22 38 24 14 25 35 28 49 29 18 4 10 17 11 21 15 45 22 38 12 5 34 7 35 11 25 13 47 14 19 20 21 21 46 23 50 25 17 26 35 27 30 29 43 11 4 20 7 28 12 42 14 19 16 16 19 49 20 26 24 23 26 37 27 42 29 17
5 9 1 35 4 45 7 43 8 36 11 36 18 33 19 41 24 17 29 43 13 1 15 2 11 4 43 6 21 8 43 11 27 14 12 15 43 20 15 21 34 22 46 25 44 27 18 12 1 46 2 27 6 31 7 46 9 26 12 13 13 37 14 13 15 47 21 14 22 35 29 17 13 5 39 11 38 12 18 13 31 14 36 16 49 17 20 18 36 19 38 21 17 24 43 27 39 28 20 4 10 30 13 49 27 28 28 48
7 10 1 16 7 37 8 30 10 36 13 24 20 43 23 50 25 32 28 28 29 37 13 1 17 2 22 5 31 6 18 10 33 14 17 15 24 18 23 19 41 23 23 24 19 25 11 28 46 8 5 39 6 35 13 44 19 18 26 38 27 28 28 29 29 19 14 4 28 5 17 6 46 8 33 9 29 11 22 12 48 14 21 15 15 21 36 23 39 24 29 26 20 28 28 12 7 17 9 18 12 43 16 21 17 42 18 27 19 39 21 42 25 23 26 10 28 13 29 40 7 6 25 7 40 10 16 18 46 26 28 28 26 29 50 5 1 10 15 21 17 22 24 31 25 35
6 5 3 10 8 37 16 32 21 10 22 32 6 2 24 4 12 8 22 16 25 28 18 29 43 7 3 45 10 14 14 38 21 47 24 20 26 36 27 30 13 2 26 5 49 6 14 7 13 8 48 9 44 10 17 12 12 17 26 21 46 24 33 25 41 26 21 7 1 48 8 30 10 41 14 11 16 21 22 42 29 42 11 5 20 6 34 9 32 11 37 14 22 18 24 19 30 23 24 25 17 26 50 29 17
4 6 1 29 11 40 17 13 18 38 22 31 23 21 4 1 47 3 42 14 33 19 17 7 2 44 4 27 11 49 18 39 21 16 26 50 28 37 5 7 43 14 20 18 10 21 23 29 47
5 10 4 21 7 14 8 49 10 17 11 20 13 30 14 30 21 44 23 44 27 18 17 2 41 5 35 6 46 7 20 8 33 9 15 11 41 12 42 13 27 14 44 15 37 17 20 20 32 22 26 23 44 24 10 29 43 7 1 31 4 25 10 45 16 45 19 20 20 21 29 24 12 2 30 3 31 4 22 5 38 6 16 16 48 17 31 18 39 19 42 22 45 23 16 29 34 16 1 45 2 46 3 10 4 21 6 23 8 15 9 39 13 50 14 13 16 13 21 21 22 38 26 28 27 14 28 34 29 47
6 9 5 11 10 29 11 29 13 42 17 13 21 44 25 32 27 15 28 50 15 1 50 3 41 4 16 6 43 10 49 11 36 12 14 14 25 16 41 17 20 18 50 21 46 22 48 25 40 28 40 4 1 10 3 37 9 43 26 25 10 2 28 5 24 7 15 10 21 11 40 12 10 14 16 15 11 24 26 25 44 4 9 36 12 39 14 18 18 48 14 3 24 5 28 6 49 9 48 10 44 11 40 12 32 15 19 16 17 18 27 19 39 25 50 28 20 29 15
6 12 2 16 4 22 5 16 6 50 7 25 9 43 11 36 12 31 15 12 26 25 27 22 29 28 15 1 29 4 21 7 32 8 43 9 31 13 47 14 15 19 14 20 49 22 25 24 33 25 11 26 46 27 45 28 28 6 2 15 3 21 14 49 16 44 20 21 24 10 14 1 37 2 33 7 29 9 16 10 34 12 43 14 17 16 27 19 27 23 10 24 36 25 15 26 33 29 33 11 1 21 3 15 8 47 12 43 15 14 16 12 17 25 18 46 23 12 24 37 28 43 16 6 30 7 23 10 15 11 50 12 26 13 10 14 11 15 40 16 26 17 45 21 36 24 21 25 50 26 10 27 31 28 16
4 8 1 50 4 19 7 40 11 37 14 31 22 29 23 48 29 34 7 6 14 7 11 12 44 15 11 19 37 25 24 29 21 11 1 35 3 23 5 34 6 16 7 42 12 45 18 21 21 10 23 40 26 23 29 12 9 6 39 8 19 14 35 15 12 16 22 19 44 21 11 23 38 24 24
3 12 3 35 4 17 5 39 6 24 7 29 8 35 9 17 10 24 11 17 15 34 17 23 25 46 8 1 44 2 13 6 43 8 43 16 26 17 42 18 50 21 38 7 6 32 15 42 17 41 18 49 22 32 27 33 28 48
4 16 1 22 2 38 3 46 6 39 8 30 11 43 16 49 18 36 21 16 22 36 24 49 25 14 26 11 27 26 28 24 29 43 8 5 16 6 41 9 38 14 49 19 16 20 21 21 46 22 44 9 5 47 6 48 9 22 10 37 11 29 12 30 16 39 19 40 22 36 11 2 25 3 42 8 47 9 49 16 17 17 43 20 38 21 34 25 34 27 41 28 15
5 5 3 47 9 27 11 39 26 11 27 19 12 4 45 6 31 7 19 9 48 12 12 13 11 18 44 19 11 20 27 24 29 26 24 28 15 10 2 46 5 11 6 40 8 18 12 23 13 26 16 31 17 49 23 41 29 22 14 1 39 2 11 4 24 5 14 7 28 10 19 12 41 13 28 15 11 18 27 20 12 21 12 26 11 29 33 5 1 21 4 29 10 27 14 45 22 15
6 17 3 50 4 23 6 39 8 23 11 45 13 17 14 10 15 12 16 30 17 41 20 39 21 39 23 17 24 44 26 46 28 32 29 34 8 2 27 8 20 11 47 12 49 13 50 14 32 15 40 20 44 5 3 27 4 36 15 21 18 36 23 39 4 3 10 5 19 10 48 21 16 14 1 48 4 41 5 46 6 27 7 43 8 49 10 41 13 49 14 16 15 44 21 38 22 35 26 19 29 50 10 7 15 9 30 13 13 15 24 18 20 20 42 21 35 24 18 27 18 29 29
4 13 4 26 7 12 12 19 14 50 15 39 17 15 18 47 20 21 21 41 22 50 25 20 26 22 27 48 14 1 49 3 16 7 26 9 49 11 21 12 23 18 36 20 39 21 50 22 11 23 31 24 16 25 16 27 16 6 3 11 12 12 14 32 19 45 24 27 29 19 8 2 37 4 30 6 29 11 12 12 42 14 12 26 48 28 40
3 13 5 32 6 48 7 33 13 25 14 34 15 38 16 39 19 35 20 41 22 11 24 25 26 15 27 11 12 2 44 3 37 4 18 9 34 12 29 14 42 16 18 17 11 20 12 22 13 23 19 29 20 12 2 20 5 21 8 16 9 15 11 34 15 38 16 44 18 44 20 50 24 29 26 16 27 33
4 11 5 29 7 25 8 27 9 33 10 10 16 11 20 11 26 46 27 33 28 35 29 44 13 1 37 3 40 5 18 7 12 12 23 15 37 17 39 18 43 23 43 24 39 25 10 27 17 29 22 9 2 21 5 21 9 35 10 48 11 47 15 22 18 23 28 28 29 14 12 1 32 4 29 5 27 6 35 19 36 20 43 21 34 22 36 23 47 24 22 25 19 28 29
7 12 9 19 10 31 11 46 12 48 14 23 17 10 19 37 21 46 25 50 26 12 28 44 29 21 14 3 23 4 49 6 29 7 41 8 27 9 21 10 36 11 41 16 39 17 16 18 38 19 37 22 45 25 35 15 1 24 5 50 8 39 9 50 10 44 13 28 15 16 16 36 19 23 21 10 24 12 26 33 27 37 28 37 29 48 15 6 14 7 26 8 44 10 32 11 45 14 31 16 21 18 14 19 42 20 36 21 29 23 37 25 28 26 26 29 12 10 1 21 2 28 5 26 8 22 17 18 22 12 23 42 24 26 25 34 26 26 6 4 49 10 27 11 33 13 21 26 12 27 38 14 2 12 4 12 5 40 7 20 8 25 9 48 13 16 15 16 17 48 18 29 20 50 24 47 25 29 29 49
3 6 8 41 13 25 16 13 19 10 22 21 24 47 14 3 30 4 17 5 20 6 22 8 43 11 37 13 46 14 13 18 15 19 25 20 49 22 12 25 15 29 46 12 2 50 5 44 7 41 8 43 9 27 10 32 12 35 16 17 18 23 21 31 27 30 28 43
5 4 4 45 6 11 21 28 23 25 6 1 37 9 47 13 26 15 25 23 10 24 25 13 1 17 2 29 3 33 6 10 7 16 10 27 14 11 15 34 19 32 20 12 22 11 25 14 27 38 16 5 35 7 23 8 25 10 11 14 23 15 34 16 44 17 22 20 31 21 16 23 10 25 32 26 13 27 32 28 26 29 44 5 1 29 11 45 25 18 26 29 28 37
6 13 1 38 2 37 3 15 4 12 9 22 13 50 15 18 16 47 17 25 18 33 21 25 24 29 25 39 6 3 30 6 37 9 29 11 37 16 45 28 17 8 5 38 9 28 15 23 16 39 18 21 23 23 25 46 29 23 11 6 29 11 13 15 42 16 35 17 40 18 16 20 50 24 24 26 39 27 10 28 47 5 1 31 10 49 12 45 20 31 26 25 5 3 21 5 47 7 35 13 43 29 11
4 10 1 39 2 47 3 19 6 50 8 38 10 32 16 27 20 20 27 44 29 43 15 2 32 4 38 5 44 8 43 9 24 14 31 15 28 16 12 21 33 23 42 24 38 25 49 26 11 27 24 28 32 4 2 34 9 32 11 32 25 50 17 1 10 2 50 3 39 5 40 6 36 7 27 8 48 11 40 15 39 17 43 18 46 19 32 22 22 24 37 27 12 28 20 29 32
3 10 10 26 11 12 12 29 13 49 15 35 17 13 18 38 20 50 23 17 24 28 5 2 50 22 21 23 10 26 22 27 45 11 1 27 2 37 7 14 8 14 9 49 11 35 12 47 18 32 20 22 21 47 23 42
7 16 1 38 2 22 6 11 8 45 9 22 12 28 14 11 15 35 16 44 18 26 19 31 22 13 24 18 25 39 26 15 27 18 12 2 21 3 13 6 32 9 39 11 44 12 40 14 50 18 34 20 48 22 20 24 47 27 26 6 17 21 21 13 22 22 23 28 25 17 29 19 10 2 24 5 12 8 34 11 40 14 41 18 49 19 44 21 25 26 21 28 16 14 2 50 4 10 8 19 9 41 13 38 16 23 17 44 19 29 20 27 21 48 23 18 24 27 26 43 28 35 7 5 12 7 33 8 42 9 43 10 39 12 28 19 48 11 8 43 9 20 13 29 18 42 20 35 21 39 22 12 23 38 24 46 25 36 27 12
3 15 1 41 3 29 5 44 8 17 9 13 13 50 16 25 17 35 20 23 22 29 24 31 26 35 27 13 28 21 29 38 7 5 33 7 17 18 30 22 34 24 17 25 45 27 43 6 2 32 6 47 11 44 12 20 14 44 24 38
8 13 3 21 5 43 8 46 9 29 10 10 13 22 15 42 18 15 19 31 21 33 26 47 27 30 29 40 6 9 11 11 31 14 34 22 50 24 10 26 18 5 10 23 11 37 15 15 17 34 27 13 8 2 16 4 25 5 44 8 16 11 50 12 36 25 29 26 50 14 2 35 3 46 4 32 6 27 13 43 15 29 17 12 18 20 22 33 23 17 24 42 26 22 28 22 29 44 6 7 41 21 16 24 42 25 23 27 27 28 45 13 4 38 6 34 8 22 10 45 14 35 17 42 22 17 24 13 25 19 26 46 27 10 28 16 29 32 13 2 49 4 28 5 26 7 16 13 25 14 49 18 17 21 18 22 36 24 48 25 10 26 42 29 15
7 10 4 46 5 19 9 48 10 30 18 15 21 14 22 30 25 28 26 26 27 24 13 1 33 7 47 9 17 10 34 11 30 12 17 14 40 15 33 18 36 19 11 21 26 24 33 26 30 16 1 49 3 25 4 15 6 44 7 27 8 17 10 30 13 27 14 20 17 48 19 31 20 16 21 33 22 10 24 16 29 49 15 3 22 5 22 6 38 8 21 9 37 10 21 11 18 14 49 17 24 18 41 19 13 20 27 21 19 22 14 25 24 13 3 20 4 39 6 20 7 16 9 26 12 44 14 16 15 25 19 24 21 27 24 25 25 40 29 12 15 2 14 6 14 8 26 10 22 11 14 12 12 13 19 14 25 17 11 20 23 22 12 23 20 26 49 28 40 29 22 8 3 50 9 31 11 38 15 33 19 14 22 41 27 43 29 41
5 13 2 15 3 40 9 23 10 21 11 35 13 18 21 16 22 19 23 13 25 23 26 49 27 24 28 30 9 1 50 2 22 3 34 4 50 6 20 7 14 17 13 21 12 26 39 13 1 48 2 21 9 18 15 23 16 41 17 37 18 44 20 48 22 12 23 12 24 26 26 35 29 20 16 1 26 4 39 6 45 7 32 8 32 11 18 12 13 13 39 14 40 18 18 19 46 21 40 22 17 23 35 25 42 29 43 15 1 35 2 38 4 27 5 10 6 35 9 13 10 11 12 44 13 36 14 19 16 25 19 42 21 44 22 48 29 45
6 16 1 32 4 18 10 30 14 38 15 14 16 31 17 26 18 29 19 11 20 13 21 43 22 19 23 48 25 15 26 33 29 33 11 3 19 7 45 8 42 11 22 12 19 15 18 16 41 17 39 22 18 24 14 26 50 15 6 49 9 26 10 13 13 42 14 39 15 13 16 45 18 12 19 44 20 14 22 23 23 22 25 17 26 39 29 37 6 2 22 5 46 9 40 16 49 28 42 29 44 8 7 41 13 32 14 35 15 10 19 14 20 30 24 25 29 31 17 1 17 2 22 4 50 5 47 6 14 7 37 8 32 9 48 10 30 11 24 12 13 14 41 15 49 16 30 18 25 19 32 23 19
5 10 2 47 8 49 12 24 14 17 16 24 19 21 21 18 23 15 28 24 29 37 8 1 25 9 46 10 43 20 18 23 29 25 39 27 16 28 16 13 2 34 5 49 6 42 7 27 10 40 12 20 17 45 18 15 19 16 20 37 24 44 28 16 29 38 12 4 20 7 31 8 34 10 31 11 39 14 46 15 37 17 20 18 42 23 27 26 32 27 29 8 10 41 11 50 12 32 13 31 15 10 20 43 23 35 27 20
4 10 1 14 2 30 4 26 6 31 10 12 11 24 18 12 25 45 26 47 28 19 17 1 11 3 23 4 24 7 17 8 31 9 40 11 26 12 42 16 20 19 44 20 11 23 17 24 11 25 30 26 31 27 26 28 26 14 2 45 4 11 5 13 9 46 12 15 13 49 15 25 16 40 19 20 22 32 23 36 25 50 26 27 29 50 15 2 37 3 11 6 27 8 15 10 12 12 16 14 21 15 38 16 41 18 50 20 38 23 50 25 40 26 21 28 48
3 10 3 34 5 48 8 38 13 21 15 28 19 39 21 22 22 50 25 31 29 16 12 1 27 3 34 4 13 5 33 10 41 14 37 15 23 16 30 17 41 24 27 25 48 26 10 5 6 42 14 50 17 37 18 33 25 47
8 10 1 19 4 14 6 27 7 29 8 45 9 36 16 37 19 12 28 43 29 24 11 2 11 3 28 4 44 8 36 9 21 10 46 12 42 13 47 17 47 22 45 29 36 14 2 34 3 15 4 14 7 48 8 49 14 29 15 29 21 37 23 17 24 28 25 33 26 34 28 15 29 41 6 4 43 6 14 13 10 20 16 24 45 26 42 14 1 15 8 21 10 20 14 21 15 43 17 15 20 20 21 49 22 46 23 43 24 10 25 25 26 40 28 32 11 1 45 3 16 4 23 6 46 7 44 8 27 13 46 14 28 21 49 23 47 25 26 13 3 44 4 35 6 37 7 17 8 28 9 12 11 11 15 50 17 34 18 39 21 48 26 37 27 17 9 5 47 7 45 8 11 10 44 17 43 20 30 21 14 25 27 29 38
7 6 2 48 6 44 8 30 13 44 15 25 23 41 14 5 26 6 43 10 12 11 11 13 16 14 35 15 45 19 40 20 46 23 34 26 39 27 27 28 31 29 50 14 4 23 6 40 11 19 15 28 16 21 18 46 19 29 21 18 22 13 23 27 25 10 26 42 27 31 28 23 13 3 21 6 22 8 29 9 19 11 38 12 37 13 21 15 42 17 18 18 35 21 32 25 11 28 47 15 2 48 3 13 4 17 7 49 8 26 11 17 12 28 14 45 16 45 19 50 21 22 23 45 25 15 26 12 29 49 16 2 32 3 24 4 12 5 39 6 34 7 38 8 49 9 49 11 45 12 40 14 44 16 31 19 30 23 49 25 23 28 23 6 5 41 13 49 20 49 23 24 24 50 28 35
7 15 4 10 8 21 11 26 12 14 13 45 15 30 16 15 19 47 20 19 21 44 22 43 24 10 26 21 27 36 28 12 15 1 48 4 28 6 30 7 27 10 49 11 17 12 37 13 21 14 24 16 26 21 25 22 18 23 17 24 41 26 40 8 5 34 11 43 12 41 13 27 20 45 22 34 25 45 28 10 7 2 31 9 50 10 41 12 22 17 24 22 34 24 38 11 7 21 10 10 11 41 13 49 14 19 19 37 20 11 22 16 23 31 26 40 27 19 7 1 11 4 14 8 14 9 33 17 16 19 20 29 13 14 2 27 3 12 4 38 7 27 9 16 10 31 12 29 13 32 14 28 15 40 16 46 27 32 28 19 29 31
3 17 1 15 3 24 4 36 5 13 6 14 11 26 15 33 16 37 18 49 21 21 22 39 23 36 25 27 26 13 27 12 28 37 29 23 8 1 14 11 11 12 36 13 32 16 22 19 32 21 10 29 38 13 1 20 2 26 7 47 8 33 10 46 13 20 14 22 15 45 20 24 21 33 23 43 26 13 29 36
8 17 2 33 4 33 6 21 7 49 8 22 10 36 12 47 15 18 16 16 19 45 20 49 21 44 25 28 26 11 27 31 28 11 29 26 7 1 46 10 11 11 20 12 26 16 29 25 45 28 27 7 4 42 10 32 11 11 13 49 15 28 21 46 22 25 13 2 38 7 22 9 32 10 42 12 42 13 29 16 45 19 38 20 32 23 11 25 40 26 24 29 45 10 5 46 10 27 11 34 12 31 18 10 20 22 21 33 23 35 28 36 29 46 10 3 39 8 27 14 40 16 29 22 19 23 21 25 31 26 26 28 24 29 25 17 1 47 2 14 5 26 8 14 9 25 10 30 12 44 13 22 14 35 15 31 16 38 17 48 18 49 19 12 20 49 28 14 29 36 4 4 29 11 31 14 41 20 49
3 9 1 49 2 24 3 31 4 44 12 31 15 23 17 43 19 15 26 34 5 6 38 15 46 23 19 24 14 27 31 11 1 44 4 39 10 42 11 47 15 42 18 39 19 10 21 42 24 32 25 19 26 45
4 17 3 33 4 27 5 25 6 35 8 50 10 10 13 35 16 44 17 25 18 41 20 17 21 49 22 43 23 23 25 38 27 32 29 33 6 2 30 7 16 9 34 14 47 18 16 28 10 11 5 47 6 40 7 22 11 32 12 16 16 43 19 40 21 17 26 15 27 14 29 36 10 1 35 2 42 8 11 10 27 12 19 14 15 16 44 18 21 22 13 25 30
5 11 1 20 2 35 9 36 11 45 13 24 16 18 18 24 20 18 21 35 27 10 28 11 12 1 20 3 28 8 26 9 26 13 49 14 48 15 48 16 12 17 43 19 27 20 25 28 22 17 1 16 3 26 5 28 7 27 8 48 10 16 11 19 13 29 14 26 15 50 17 48 18 34 20 20 22 34 24 27 26 49 28 35 6 7 38 11 31 14 39 19 37 20 21 28 39 12 3 45 4 43 8 35 11 12 12 19 13 23 15 12 17 21 19 18 22 46 23 39 27 31
7 13 1 23 3 33 5 25 6 32 7 34 11 17 13 12 15 29 18 32 19 15 23 24 28 40 29 42 15 2 47 3 15 5 42 7 16 10 23 13 14 14 45 15 10 16 17 18 12 21 20 22 10 24 33 26 29 29 40 9 2 34 6 24 8 13 9 11 12 50 21 43 22 31 24 35 26 34 9 1 50 6 44 10 15 11 30 13 33 16 10 17 42 22 46 25 29 5 4 49 8 12 13 25 17 44 26 17 16 1 26 3 20 4 45 6 14 7 38 10 48 12 34 15 35 16 40 19 39 20 11 21 10 22 29 23 26 26 29 28 13 15 1 20 2 28 3 37 4 36 8 34 12 39 14 35 17 47 18 23 20 36 21 31 22 23 23 27 27 32 29 49
4 8 3 26 5 16 7 39 9 35 11 29 14 30 20 47 23 37 4 1 43 9 26 12 22 13 12 15 3 20 4 44 5 19 6 38 7 35 11 44 14 44 17 31 19 25 20 20 23 48 24 13 25 25 28 44 29 35 14 2 34 3 31 4 21 5 49 9 14 10 34 11 13 12 43 13 48 19 41 20 46 21 11 23 20 24 25
5 8 2 11 13 50 15 17 20 46 23 15 25 38 26 49 29 43 8 1 14 3 33 6 39 13 10 19 23 21 37 23 41 25 13 12 5 27 6 38 7 47 8 38 9 15 14 42 18 46 19 45 22 36 24 14 25 11 29 28 6 11 42 14 42 17 25 21 29 27 13 29 28 6 11 38 13 23 16 23 21 25 24 41 29 10
4 10 3 43 6 35 8 21 10 35 12 49 17 44 20 50 24 31 25 14 28 47 9 4 12 12 25 14 32 16 28 18 47 21 23 23 34 27 25 28 31 8 11 24 15 18 16 37 17 10 18 40 19 45 24 48 25 46 13 2 20 6 46 7 27 9 14 10 16 11 22 13 20 17 19 18 43 25 33 26 32 27 23 28 31
8 13 3 40 6 13 9 48 12 17 14 19 16 27 18 40 19 30 21 15 22 24 25 26 27 26 28 13 12 2 16 5 31 7 47 8 41 15 24 16 17 17 48 18 31 19 25 21 27 27 44 28 32 10 3 16 6 37 8 12 9 31 13 28 15 50 16 42 17 42 19 19 20 23 10 1 40 5 34 6 13 7 17 18 42 19 36 21 36 24 18 25 11 28 10 6 7 27 15 44 20 48 22 27 25 34 28 35 14 2 33 3 50 4 41 6 47 7 23 11 12 12 25 16 25 17 35 20 21 22 19 23 11 27 42 29 43 13 1 35 6 31 9 41 10 16 12 22 15 34 16 38 17 29 20 22 23 22 25 43 28 35 29 41 9 2 48 3 11 6 29 8 39 10 21 14 34 20 45 24 22 28 32
7 14 2 30 3 42 8 15 10 20 11 14 13 22 14 11 16 38 20 15 21 48 23 40 25 43 27 24 28 38 4 4 35 12 29 19 21 27 18 5 3 12 5 22 14 37 16 41 17 30 17 2 50 3 27 4 14 5 19 9 11 10 23 13 19 14 44 15 43 17 37 18 19 20 43 21 26 23 10 24 26 25 12 29 14 6 11 21 18 13 20 18 21 23 25 44 29 14 11 3 27 4 42 11 10 12 38 15 20 16 34 20 17 22 17 24 41 27 39 28 46 10 2 16 10 29 13 37 15 28 16 42 19 46 21 46 24 30 27 17 29 33
3 11 4 37 5 33 11 47 13 33 14 38 19 33 20 34 22 17 23 27 24 37 28 40 13 1 45 3 20 4 39 6 12 10 10 12 13 14 50 17 22 18 34 21 16 23 19 24 17 29 21 9 4 13 14 32 15 15 17 15 18 16 19 34 20 18 26 43 27 43
3 14 1 13 4 29 6 46 11 17 16 16 18 49 19 33 20 40 21 38 23 17 24 25 25 36 28 49 29 37 12 2 40 3 26 6 50 7 38 9 41 19 27 20 42 22 38 24 44 25 29 26 18 27 15 7 1 21 4 15 16 35 20 24 22 46 26 38 29 35
5 13 3 30 4 32 5 23 6 26 7 36 10 22 13 22 17 17 18 13 19 24 21 17 23 20 29 25 7 8 27 12 38 14 40 15 20 17 31 25 46 29 12 12 1 39 2 34 3 11 5 17 7 14 8 30 15 10 17 29 18 16 19 36 26 47 28 17 4 19 45 23 21 25 37 28 42 14 1 12 2 24 3 33 4 27 5 29 6 25 8 38 9 25 10 19 17 36 23 19 26 33 28 20 29 44
6 10 1 36 5 17 10 24 14 47 15 36 17 34 23 24 24 22 25 32 26 37 7 7 29 11 26 21 43 23 15 24 22 26 29 28 25 9 1 20 4 38 10 15 12 21 13 44 15 35 21 44 25 40 27 19 9 3 24 7 31 10 40 11 23 12 50 20 10 22 47 28 10 29 37 17 1 17 2 20 4 12 7 15 8 17 10 37 11 12 12 46 13 28 14 29 17 47 18 37 21 22 22 45 24 40 25 23 28 41 7 1 37 3 50 4 25 5 28 7 32 12 49 16 41
8 13 1 30 3 49 6 38 7 15 9 48 10 26 11 46 13 21 19 41 20 38 24 41 25 31 27 47 9 1 48 3 47 6 42 7 31 11 24 12 39 20 18 21 15 29 50 9 2 32 4 48 9 10 13 28 17 16 18 17 19 14 25 26 27 24 5 2 45 18 26 19 37 20 39 21 46 12 1 16 4 22 5 27 7 10 13 21 20 26 21 48 22 26 25 13 26 10 27 50 29 50 13 1 19 4 10 6 22 7 20 10 38 12 48 20 45 21 10 22 24 23 39 25 42 27 48 29 16 11 5 14 8 47 9 45 10 23 11 31 14 14 17 22 21 16 23 19 24 12 26 10 14 1 14 7 26 9 34 10 14 12 44 15 20 16 27 17 17 20 43 21 11 22 10 23 21 26 43 27 18
5 16 1 17 5 19 6 35 7 22 8 38 9 37 11 32 12 45 15 21 18 38 19 26 20 13 21 37 23 46 24 28 28 23 9 6 48 8 26 9 47 11 50 14 31 15 43 19 11 25 43 29 15 13 1 28 2 40 3 23 10 45 12 39 13 13 15 46 16 45 17 27 18 43 25 23 28 30 29 45 8 2 14 3 49 6 50 9 27 17 28 18 27 19 29 26 40 6 5 26 6 45 13 42 20 45 22 22 25 10
6 5 7 10 11 24 19 18 21 38 25 32 7 1 20 2 14 5 29 11 12 17 49 24 36 26 32 12 1 13 3 39 8 22 9 38 10 10 11 20 12 28 14 40 18 21 21 41 24 46 27 26 12 7 21 11 19 12 26 13 28 14 40 15 44 17 42 20 28 22 27 24 37 25 46 28 35 16 1 25 2 28 4 18 5 41 6 18 7 20 8 24 14 32 15 50 16 31 18 36 20 28 21 35 22 11 24 30 26 17 16 2 41 4 32 6 14 8 31 10 27 11 35 12 22 14 44 15 11 16 22 17 39 20 22 21 25 24 18 25 45 27 43
4 4 1 40 6 27 8 18 25 16 16 1 18 2 40 3 39 5 45 7 46 9 42 11 44 13 11 17 12 18 42 20 32 24 48 26 12 27 47 28 47 29 24 16 2 27 4 48 5 40 6 35 8 34 11 47 12 11 14 22 17 10 19 26 21 17 22 14 23 18 25 19 26 37 29 25 10 6 43 7 41 9 35 13 18 14 17 15 25 18 41 19 44 28 41 29 19
8 11 1 21 3 40 4 45 6 30 7 33 10 18 13 47 19 16 22 18 25 25 26 37 13 5 33 6 44 8 35 9 48 12 19 13 49 15 42 16 33 17 24 20 17 24 14 25 14 26 45 16 1 35 2 16 3 10 4 13 9 48 10 24 11 15 12 41 14 42 15 31 16 20 17 38 22 45 23 46 25 18 29 12 8 1 43 10 45 12 43 16 11 19 49 22 42 23 10 25 21 13 1 10 3 28 5 26 6 42 8 45 11 11 14 25 16 34 19 32 23 26 25 30 28 42 29 42 14 1 34 2 39 5 35 6 10 8 21 11 39 12 25 13 15 15 46 16 49 22 17 25 35 26 28 29 29 8 2 22 5 32 6 11 9 20 10 16 16 48 22 22 23 17 5 6 23 9 38 15 10 24 28 29 10
4 4 7 11 19 50 23 21 25 37 8 1 12 7 35 10 19 16 17 18 36 21 15 25 21 26 46 16 2 18 3 50 4 19 5 23 9 28 10 45 11 47 13 13 16 41 17 16 18 43 19 14 20 48 23 17 27 37 28 44 9 2 23 3 40 5 26 7 39 8 21 20 27 22 40 24 45 28 50
7 7 14 25 16 44 17 43 18 44 23 43 26 44 29 23 6 9 37 13 42 15 26 16 25 25 48 26 43 4 6 47 10 19 19 42 29 22 4 8 29 16 50 22 46 25 31 10 1 11 2 46 12 16 13 10 14 46 16 23 17 11 23 21 28 16 29 12 11 2 48 5 35 8 26 11 37 13 23 16 44 18 21 24 13 26 21 28 40 29 35 6 4 24 10 36 19 32 22 11 23 24 24 33
8 7 2 42 3 23 7 25 25 48 26 12 27 47 29 25 7 2 40 5 38 10 23 12 30 24 31 26 29 28 44 12 1 12 2 13 3 23 5 27 6 18 8 20 15 23 16 47 20 18 21 36 27 25 29 38 9 3 25 8 29 9 20 10 12 13 14 15 10 17 14 23 23 27 36 12 2 48 3 13 6 23 9 21 10 50 15 42 16 33 19 22 22 29 24 10 25 31 26 17 17 2 39 3 41 4 23 5 32 6 41 7 27 9 30 12 25 13 14 14 32 15 29 18 18 20 33 21 36 22 16 27 48 29 21 9 2 22 3 38 8 24 14 16 15 29 22 50 27 11 28 43 29 11 8 1 21 9 10 10 24 12 47 17 16 21 46 26 11 28 50
6 17 4 22 5 16 6 42 7 45 8 35 9 17 10 17 13 46 14 17 15 25 16 49 17 17 18 16 19 43 20 29 22 45 24 32 9 2 32 3 29 5 45 9 12 10 48 15 45 19 13 21 33 27 36 5 3 47 11 20 25 23 26 17 27 26 8 5 50 8 14 14 38 16 25 22 21 26 38 28 28 29 29 13 3 37 6 19 8 37 9 36 12 22 14 14 15 33 17 42 19 35 23 26 26 29 27 30 28 46 16 1 29 2 16 3 45 7 28 11 10 12 35 14 35 15 47 16 30 22 27 23 29 24 30 25 11 26 30 28 15 29 44
7 13 3 22 5 11 8 23 9 48 12 10 13 34 16 43 17 10 20 20 22 37 23 26 26 48 27 11 14 2 11 4 15 10 35 11 45 13 21 14 23 17 23 18 26 19 41 21 18 24 12 27 26 28 21 29 20 10 4 18 7 18 8 18 12 49 14 15 18 32 22 24 24 18 26 32 28 26 7 4 47 11 27 18 33 19 19 23 46 24 25 29 18 10 3 11 4 44 6 10 8 45 9 46 14 10 17 46 21 38 22 16 24 15 10 1 15 3 30 4 12 6 17 9 49 10 20 11 12 22 14 25 17 26 44 15 1 14 2 15 3 34 6 49 7 33 8 15 11 19 13 21 14 44 16 36 20 14 21 17 22 17 27 19 28 27
3 9 1 21 2 20 11 18 14 13 17 13 18 34 23 45 26 43 27 40 8 3 34 6 19 11 26 19 25 21 40 22 38 24 36 28 25 4 9 32 12 47 16 29 18 13
6 16 3 28 4 39 5 14 10 50 14 14 15 42 16 50 17 28 18 34 20 32 21 10 23 22 24 15 25 43 26 50 29 37 17 4 50 5 32 6 40 8 39 10 19 13 38 14 47 15 14 17 46 18 10 19 19 21 48 23 48 24 12 25 28 26 12 28 32 11 2 47 5 13 6 44 7 14 9 22 12 10 19 27 20 13 21 11 23 38 25 39 15 3 14 4 27 6 11 7 32 8 33 12 26 13 49 15 48 18 21 19 44 21 40 23 30 26 49 27 22 29 24 11 1 45 5 12 7 35 8 21 12 25 14 31 17 25 20 49 24 33 25 42 28 41 16 2 36 5 27 6 28 7 31 9 47 11 18 12 30 13 42 14 20 19 21 20 23 21 41 22 23 25 18 27 41 29 43
5 16 3 13 8 48 9 40 11 38 12 21 15 39 16 11 17 39 19 24 20 38 21 30 23 36 25 17 26 33 28 12 29 14 7 5 29 6 35 11 45 15 16 20 34 25 50 26 18 5 3 17 6 17 12 29 28 40 29 28 15 5 18 9 10 11 49 12 35 14 42 16 16 17 24 18 11 19 24 21 45 25 47 26 25 27 14 28 29 29 34 15 1 15 2 16 3 21 4 28 6 27 8 30 10 50 16 34 17 33 18 44 19 36 21 44 22 11 25 27 26 30
3 7 3 19 5 48 8 21 14 15 22 38 24 18 25 24 9 3 17 6 22 8 36 9 20 10 48 24 38 25 46 28 16 29 31 11 2 29 4 47 5 36 6 23 9 40 11 47 17 38 18 44 22 17 24 26 29 18
3 11 2 27 7 37 9 16 11 32 13 50 14 32 16 10 21 35 23 41 26 47 28 48 16 1 24 2 36 4 23 5 30 6 48 7 30 8 46 13 38 14 16 16 20 17 27 19 38 21 27 23 42 24 23 28 27 14 1 30 4 45 6 13 7 34 8 16 13 44 14 38 18 14 19 36 21 47 22 40 23 28 24 38 26 19
5 11 1 35 5 45 7 44 12 33 15 49 16 18 19 27 21 30 22 24 23 28 29 17 7 1 45 6 40 8 46 9 32 10 41 14 18 19 37 14 1 16 4 22 9 38 10 50 12 27 14 32 16 42 18 45 19 21 20 10 21 42 24 32 28 47 29 33 5 4 42 5 11 10 15 14 43 21 20 6 6 50 8 25 10 23 13 29 22 21 25 44
8 13 4 36 6 43 8 39 9 16 11 48 13 26 16 48 17 21 20 23 21 28 24 47 27 27 28 42 14 1 29 4 47 5 17 9 41 10 38 12 41 14 32 19 11 20 48 22 19 23 21 24 26 28 24 29 24 4 2 24 6 42 13 39 29 50 13 2 17 5 17 11 11 12 14 14 49 15 29 16 30 18 35 19 18 23 15 24 25 26 22 29 46 16 1 32 3 20 5 16 6 48 7 39 9 13 12 30 13 24 15 13 16 27 18 48 19 13 20 50 21 15 23 32 28 24 9 9 18 16 19 19 33 21 14 22 41 24 16 26 22 27 44 29 37 9 5 40 9 32 11 28 14 43 15 20 16 44 18 30 23 37 28 12 6 6 39 14 36 17 11 22 14 28 29 29 11
3 10 1 36 5 20 12 14 13 32 15 12 18 20 20 12 22 33 26 33 27 17 5 3 48 7 49 10 19 15 47 24 27 16 2 32 5 37 6 10 9 41 10 20 11 22 12 14 15 21 16 26 17 40 19 44 20 41 22 50 23 47 27 22 28 37
6 16 1 14 2 27 5 39 6 43 10 16 12 23 13 48 14 20 16 24 17 25 20 21 21 12 22 48 25 24 26 40 27 10 16 3 11 4 26 7 11 8 31 11 18 12 23 13 48 14 24 16 20 17 37 20 30 21 50 22 23 24 34 26 31 29 29 11 3 26 8 18 9 18 11 11 12 25 13 17 14 18 21 44 24 10 25 10 29 13 12 1 20 2 46 6 14 8 38 9 47 12 41 13 28 14 22 15 43 16 36 18 48 21 36 17 1 33 3 15 5 12 6 50 8 42 10 28 11 37 13 21 14 31 16 45 18 24 22 16 25 13 26 14 27 39 28 12 29 14 8 3 43 5 23 7 39 8 13 10 25 21 26 24 27 25 40
7 16 1 25 2 39 4 42 5 38 6 29 8 19 11 29 13 50 14 43 16 25 18 49 20 48 21 38 22 10 27 27 28 22 12 1 27 6 49 8 11 10 36 12 19 13 30 17 17 19 49 21 32 22 44 24 28 26 41 10 4 25 10 12 11 12 13 44 14 31 22 35 24 12 27 29 28 31 29 27 8 5 27 8 15 16 14 18 22 26 31 27 41 28 48 29 37 17 5 35 7 13 8 22 11 18 12 13 14 29 15 29 16 25 18 13 19 28 20 24 22 23 24 13 25 30 26 22 28 36 29 47 6 1 31 6 45 25 19 26 20 27 14 29 30 6 1 33 2 33 3 45 15 37 17 36 27 14
3 8 2 20 3 36 10 17 16 12 24 23 25 27 26 17 29 47 6 1 10 4 25 11 44 18 14 22 24 28 23 10 4 47 6 30 8 35 9 20 11 45 18 49 24 47 25 16 27 16 28 37
6 14 1 13 3 45 5 25 6 36 9 46 12 34 13 12 14 28 16 20 18 36 19 27 23 26 24 35 29 13 14 6 19 10 32 13 28 15 11 16 35 17 15 18 24 19 45 21 29 22 22 23 10 25 13 27 19 29 40 7 4 49 15 10 16 13 18 46 23 17 24 11 29 35 17 2 32 3 49 4 31 6 24 8 38 9 41 10 11 11 29 13 24 16 15 17 30 19 20 21 15 22 10 26 10 28 15 29 21 13 2 14 3 42 7 45 8 19 10 43 12 21 13 28 16 37 19 17 21 39 27 25 28 27 29 48 4 9 12 19 47 21 31 23 28
4 5 2 47 5 39 15 23 19 35 28 47 6 10 44 13 48 16 23 22 41 24 42 25 17 5 3 30 5 10 6 23 18 32 21 50 17 1 34 2 27 5 17 6 49 7 10 9 19 10 15 12 11 15 23 17 20 18 32 21 24 22 37 24 29 25 34 26 18 28 31
6 5 3 43 6 40 10 36 15 32 26 40 8 3 44 4 42 11 32 16 39 17 32 22 38 24 37 25 36 6 2 40 18 30 20 49 22 42 25 35 26 29 11 2 19 3 11 6 46 8 34 14 23 16 34 17 10 18 39 22 29 26 24 27 43 11 1 29 2 32 4 44 6 15 12 47 13 11 15 23 17 20 18 49 27 39 28 27 4 18 31 21 47 23 37 27 39
7 6 3 44 5 16 13 32 17 48 27 45 28 45 5 4 31 13 44 20 49 21 26 28 32 10 4 14 5 28 7 31 18 43 19 44 22 35 23 45 24 29 26 19 27 25 13 1 40 3 50 5 13 6 15 8 24 9 21 14 15 15 30 21 44 24 16 27 29 28 34 29 23 8 1 21 8 33 14 25 20 19 25 14 26 37 27 40 28 15 17 4 18 5 39 8 10 9 49 10 29 12 43 13 14 14 13 15 19 16 33 17 47 18 15 19 46 24 29 26 48 27 15 28 31 5 14 45 17 39 18 44 25 18 28 14
6 15 2 45 6 18 7 11 8 48 9 34 12 29 13 10 14 19 15 21 16 16 20 34 21 25 24 38 26 20 28 14 15 2 28 3 39 12 50 14 13 15 24 16 48 18 41 21 12 22 37 23 49 25 25 26 11 27 30 28 16 29 25 8 1 47 5 17 7 24 16 24 17 23 20 26 26 35 27 22 7 2 25 3 22 8 28 13 20 17 40 21 13 22 48 12 1 24 3 20 5 44 9 15 12 42 16 17 17 33 23 16 24 12 25 25 27 44 29 41 12 1 16 3 30 9 10 14 35 17 23 18 16 21 48 22 26 23 20 24 34 26 34 27 43
5 17 1 48 3 40 8 21 9 32 10 40 12 17 14 10 15 49 17 48 19 39 21 29 23 39 25 43 26 49 27 31 28 31 29 39 5 1 20 8 39 14 34 15 35 20 32 10 5 42 8 33 9 21 14 19 16 26 17 34 20 16 21 11 24 41 29 45 8 2 40 5 39 6 42 7 39 10 49 19 39 20 13 21 40 12 5 32 7 22 10 19 11 33 18 13 19 25 21 24 23 44 25 33 26 43 27 36 29 13
7 16 2 14 3 24 8 34 10 27 11 24 14 15 15 47 16 27 17 19 18 49 19 13 20 46 22 48 25 43 26 14 29 30 6 2 49 5 29 10 22 12 38 15 15 16 35 9 1 49 5 15 6 13 9 11 10 47 12 32 21 50 25 47 29 34 11 3 22 4 35 7 34 10 13 12 12 13 14 20 26 22 42 24 21 26 36 28 45 16 1 16 2 25 7 37 8 49 9 22 10 46 11 47 13 17 14 27 15 40 23 44 24 46 26 24 27 42 28 13 29 16 9 4 46 5 47 9 15 12 44 17 13 23 47 24 27 25 46 26 14 15 1 18 2 50 3 49 4 16 6 43 7 49 11 24 14 44 17 47 18 16 19 21 22 13 24 10 25 23 26 10
8 7 6 45 7 36 11 30 14 24 18 48 20 22 29 16 6 3 42 4 43 9 46 10 47 18 44 21 43 13 1 23 4 17 7 27 8 48 9 43 10 32 14 31 17 38 18 16 19 30 25 15 27 45 28 38 5 2 43 8 45 16 43 18 36 26 48 13 1 38 2 23 6 18 7 36 11 18 12 48 14 44 16 37 20 36 21 48 23 48 28 36 29 31 13 1 28 5 32 9 35 11 40 14 42 15 11 18 19 19 21 20 50 22 14 23 16 24 35 28 49 16 1 23 3 39 4 25 9 44 11 25 13 21 14 50 15 19 16 12 17 18 18 10 19 10 22 25 23 38 25 42 28 40 8 4 44 7 20 10 42 18 13 21 40 23 25 26 36 29 26
4 15 3 44 4 30 5 32 7 18 9 18 10 13 12 37 13 19 14 11 15 28 17 38 19 38 22 18 27 34 29 37 5 1 42 10 30 14 44 16 10 17 32 11 3 27 11 17 12 16 15 50 16 44 18 39 19 29 21 13 25 35 26 11 28 17 14 5 30 6 50 8 16 11 23 12 45 14 39 18 18 20 36 21 35 24 35 25 28 27 33 28 40 29 25
5 9 1 15 8 46 9 14 12 24 18 36 22 23 25 24 26 16 27 36 11 1 34 7 34 9 35 13 43 15 28 16 35 18 32 19 17 21 47 23 20 27 20 6 3 18 10 45 12 34 15 19 18 43 28 50 13 4 22 5 27 6 45 8 31 12 15 15 38 17 14 18 15 20 42 21 39 22 26 25 25 26 36 15 2 38 3 50 6 11 9 44 11 13 12 15 13 12 14 30 15 48 18 35 21 20 23 33 24 48 25 12 27 12
8 17 1 46 2 12 3 22 4 32 8 50 9 28 10 21 11 14 12 39 14 41 15 17 21 34 22 32 24 33 25 45 28 39 29 34 4 9 36 17 19 23 34 28 29 6 3 47 4 29 5 14 6 20 10 50 11 23 4 8 26 9 34 15 10 27 22 10 5 42 8 11 10 11 11 21 12 39 14 17 15 29 21 35 25 37 26 31 11 1 46 3 20 4 29 8 27 11 21 16 35 17 25 18 43 24 10 26 15 27 39 4 11 37 13 39 22 16 28 16 5 13 12 16 24 17 34 26 10 27 37
6 6 4 39 13 41 16 42 20 13 21 11 28 31 17 4 15 6 36 7 33 8 46 9 37 10 13 13 31 14 28 15 25 17 40 20 41 22 13 23 29 24 31 26 32 27 10 28 48 10 5 25 7 29 10 42 11 43 13 41 18 33 23 43 24 33 25 22 27 26 5 6 14 10 37 12 13 18 29 27 17 12 1 30 2 22 4 22 5 33 8 10 9 42 13 20 14 21 15 16 17 18 18 28 29 33 15 1 19 2 29 5 36 6 30 9 16 10 27 11 37 12 41 13 23 14 45 16 44 20 31 25 36 26 44 27 35
7 11 3 20 8 24 9 12 12 10 13 26 14 21 18 24 20 31 21 17 23 19 24 12 10 1 20 6 39 10 49 12 15 15 15 17 25 19 26 21 21 27 37 28 24 5 5 13 7 42 14 20 26 43 29 36 4 9 47 11 39 21 18 22 20 6 6 34 15 23 16 28 24 44 26 21 28 40 11 1 33 9 49 10 33 13 39 14 16 19 28 20 35 21 23 24 42 26 26 29 45 7 1 43 12 10 15 36 20 23 23 15 26 40 28 45
4 13 3 43 5 41 6 29 7 16 8 16 10 35 11 33 14 35 16 11 17 42 19 49 23 12 27 31 16 1 32 3 27 4 25 6 36 8 18 10 10 13 24 14 35 15 23 19 32 21 37 23 31 24 26 26 19 28 18 29 27 13 1 19 2 16 4 20 5 23 11 12 12 44 13 12 14 15 19 48 22 36 23 46 28 42 29 44 5 7 34 14 30 21 50 23 19 28 19
5 12 1 18 6 47 8 38 13 16 15 15 16 36 19 44 21 40 23 18 24 48 25 35 27 13 15 3 28 4 10 5 15 6 34 7 43 8 13 10 16 11 22 14 45 15 11 16 38 18 35 24 40 26 12 28 17 10 1 29 2 22 4 43 12 20 16 44 20 33 22 47 24 28 26 16 29 21 15 2 30 6 28 7 24 9 27 12 15 13 32 15 17 18 33 19 41 22 46 23 26 24 22 27 42 28 47 29 25 12 2 49 5 30 7 26 10 21 11 24 13 45 14 19 15 20 18 15 23 41 24 18 27 14
8 16 1 43 4 31 5 12 7 13 13 13 15 27 17 42 18 23 20 50 21 31 23 11 25 31 26 33 27 46 28 25 29 36 8 2 17 5 13 11 46 15 30 20 44 23 20 25 12 28 25 17 1 37 2 19 3 46 4 43 5 35 6 12 8 30 11 43 13 36 14 13 16 25 17 20 21 45 23 14 26 38 27 10 29 48 16 3 47 4 12 5 22 9 33 10 40 12 21 13 45 14 44 19 27 20 29 21 11 22 36 25 14 26 48 28 14 29 38 17 1 44 5 35 7 31 9 40 11 43 12 25 13 26 14 35 16 32 17 30 18 18 19 42 21 40 22 15 25 13 26 28 29 23 8 1 12 2 29 5 30 12 48 21 34 23 16 24 30 29 14 17 2 28 3 37 4 38 5 21 6 19 8 14 9 33 10 35 11 13 14 36 15 33 18 30 19 31 21 32 23 22 26 48 29 12 10 3 27 9 36 11 23 12 42 14 49 17 37 19 38 21 42 22 24 24 20
8 16 2 47 3 34 5 30 7 45 8 48 9 31 11 29 14 37 15 31 17 45 20 40 21 23 22 12 23 45 24 43 29 47 9 4 36 5 39 8 17 9 31 15 36 16 18 17 23 21 23 24 50 8 1 21 3 27 6 34 9 33 13 38 15 21 20 36 27 39 5 1 27 3 10 6 13 12 31 13 39 16 3 23 4 10 5 17 6 25 7 31 8 47 9 39 11 29 13 28 15 47 17 25 18 40 19 17 21 25 24 14 27 38 17 2 23 3 36 5 39 6 44 7 17 10 49 12 23 13 39 14 16 15 33 16 43 17 12 22 49 23 29 24 12 25 31 28 40 6 4 10 6 23 14 19 18 41 24 18 27 26 12 4 37 8 35 9 48 11 30 15 24 19 16 21 49 23 11 24 12 25 30 26 37 28 40
4 12 1 45 2 36 3 40 4 26 5 50 6 37 7 11 8 11 11 16 12 49 15 42 25 12 14 1 42 4 42 9 20 10 48 11 36 13 39 14 43 15 20 16 13 17 10 23 49 24 48 25 23 27 43 6 11 49 12 43 13 10 14 33 16 42 20 31 8 5 47 10 11 12 49 14 27 19 40 21 30 27 25 29 49
6 6 6 39 8 41 9 43 16 30 21 31 27 26 16 3 15 6 42 8 44 9 16 11 50 14 12 15 21 16 28 18 18 19 45 20 22 21 37 23 16 25 22 28 10 29 48 8 2 22 3 40 7 39 9 23 10 50 13 48 14 38 15 31 11 1 34 2 13 6 10 7 14 10 38 11 45 14 44 16 46 22 39 27 34 29 34 9 1 50 3 18 6 18 7 14 9 25 10 40 20 15 22 27 23 42 9 1 33 3 11 5 43 6 24 15 25 17 11 26 21 27 30 29 26
4 12 1 17 4 37 7 34 9 26 10 43 11 12 14 29 15 43 21 47 25 38 27 31 28 37 17 1 38 3 24 4 39 5 15 6 14 7 28 14 30 15 15 16 49 17 20 18 49 20 26 22 49 23 35 26 21 28 15 29 25 11 2 47 7 18 9 34 11 34 13 20 15 11 17 36 19 22 23 20 24 29 26 35 7 4 16 9 40 11 38 12 37 16 46 22 19 23 24
8 7 2 10 3 40 5 39 9 19 14 29 16 37 27 44 8 1 33 9 15 10 37 11 39 18 31 19 23 24 10 27 28 8 5 21 8 42 10 36 12 32 18 25 20 44 21 23 28 45 5 6 32 15 26 18 39 19 31 24 35 5 7 45 13 44 16 10 19 31 20 42 11 2 22 3 37 4 48 7 13 14 19 18 42 19 12 22 28 25 45 26 27 29 32 12 7 48 8 35 9 13 11 50 12 24 13 46 15 47 16 38 19 27 26 40 27 36 28 46 15 2 32 4 24 5 35 6 15 7 11 9 14 13 11 15 23 16 47 17 31 19 37 23 20 27 43 28 36 29 40
52 55 43 51 70 37 124 48 36 68 71 105 93 62 90 86 115 66 37 68 61 91 54 58 49 112 59 93 75 57 49 100 39 118 135 84 101 76 68 44 135 127 137 51 141 55 77 63 87 56 63 51 141 108 58 47 65 89 99 76 92 69 104 54 121 137 99 117 37 73 88 40 51 76 140 53 93 99 45 78 67 103 102 82 85 97 155 51 85 125 106 102 62 63 131 109 55 92 62 142
2 1 3 2 1 2 2 2 3 3 3 2 1 1 3 2 1 1 1 3 1 3 2 2 3 2 3 1 3
# Instance ID: 82
# Size type: large
# Total operations: 525
# Actual flexibility: 0.364
# Generated: 2026-02-07 22:12:21
# Format: Extended Brandimarte format for MOFJSP