17 10
4 4 1 30 4 43 5 12 8 16 5 3 27 5 16 6 26 7 47 9 35 4 4 21 6 30 8 45 10 10 6 1 16 2 38 4 32 5 24 8 28 10 26
6 2 1 49 10 15 1 10 23 5 2 18 5 34 7 46 9 21 10 17 6 1 50 3 39 4 27 5 37 6 30 9 26 2 2 13 5 34 4 1 26 5 21 6 38 7 14
6 4 3 41 4 16 6 19 7 44 4 2 26 4 16 6 12 8 14 1 10 26 4 1 50 3 10 6 12 8 34 3 3 46 6 10 7 42 6 1 44 4 24 6 10 7 34 8 40 10 17
8 5 3 35 6 13 8 50 9 15 10 33 5 2 22 3 21 6 45 7 12 8 34 6 1 41 3 15 4 50 5 38 6 22 7 18 1 4 11 6 1 29 4 41 5 44 8 38 9 11 10 12 3 1 35 6 17 10 23 6 2 14 3 12 5 19 6 41 8 11 9 40 5 1 50 2 13 3 29 4 16 10 39
4 5 1 48 2 49 3 24 4 14 9 22 4 1 46 6 44 7 18 10 30 2 1 31 3 14 1 5 19
5 4 3 25 4 47 6 12 10 18 1 10 34 2 1 15 8 10 1 3 15 6 2 23 4 19 5 50 6 27 7 43 10 38
3 4 1 21 3 41 4 49 5 15 6 1 22 2 17 5 43 6 16 7 49 10 33 5 4 23 6 27 7 13 8 22 9 17
7 2 8 21 10 20 6 1 26 2 31 3 49 4 39 6 12 10 16 6 1 42 2 17 3 14 4 25 9 38 10 47 5 4 30 6 24 7 17 9 30 10 24 1 4 36 2 4 14 7 40 5 1 49 2 39 7 21 8 34 10 33
3 2 4 50 8 32 3 3 12 4 46 6 13 3 2 39 3 36 8 20
3 3 3 50 4 49 5 20 5 2 41 4 23 5 47 9 40 10 39 3 1 25 4 30 7 37
5 5 1 12 3 40 4 42 8 12 10 37 5 2 25 4 15 7 45 8 10 10 36 2 3 28 6 25 6 1 39 2 46 3 47 6 11 8 39 10 39 2 3 33 7 50
3 4 1 31 2 43 6 12 7 28 4 4 15 5 49 7 31 9 13 5 1 39 2 49 3 12 4 33 6 33
4 2 2 45 9 23 2 4 44 6 17 6 3 42 4 37 6 27 7 13 8 14 9 33 3 2 40 8 44 10 44
4 3 2 22 6 39 8 15 1 7 21 3 2 27 3 17 10 19 4 1 36 3 44 4 18 10 40
6 3 1 28 7 22 8 14 1 4 43 6 3 41 6 47 7 43 8 45 9 38 10 39 3 3 20 5 26 10 24 4 1 32 2 28 5 39 6 20 5 2 19 3 20 5 25 7 17 9 12
8 3 3 26 8 33 10 21 2 1 30 9 32 2 6 44 8 20 5 1 19 2 39 4 30 5 19 7 10 6 3 40 6 28 7 46 8 19 9 46 10 38 3 1 18 2 45 8 17 3 1 38 4 32 7 15 3 1 27 4 22 9 11
7 1 9 38 6 2 48 3 48 4 42 7 13 9 33 10 35 2 6 34 7 33 1 5 32 3 2 23 5 38 8 36 4 3 36 5 18 6 47 7 48 1 3 23
68 82 107 118 68 90 38 93 45 43 89 54 65 60 105 126 92
1 3 2 2 3 2 2 1 2 1
# Instance ID: 13
# Size type: small
# Total operations: 86
# Actual flexibility: 0.359
# Generated: 2026-02-07 22:12:21
# Format: Extended Brandimarte format for MOFJSP