58 22
7 12 1 39 6 42 7 14 9 26 11 28 12 37 15 27 16 47 17 28 18 32 19 47 21 48 5 9 17 12 12 18 37 20 15 21 32 13 2 15 3 13 8 38 9 46 11 14 13 11 14 43 16 26 17 42 18 18 20 29 21 16 22 41 12 3 23 6 10 7 33 10 24 12 10 13 32 14 15 18 24 19 21 20 41 21 10 22 42 10 1 42 4 34 5 17 6 31 9 43 10 46 11 20 13 31 19 13 22 40 4 7 39 11 30 20 18 22 23 8 3 15 7 39 10 13 12 39 13 40 15 32 16 39 19 27
3 3 8 10 13 21 20 29 5 2 12 3 18 15 30 19 34 22 19 6 2 36 7 23 10 37 13 10 14 33 17 40
7 7 2 15 8 12 14 12 15 31 16 17 21 17 22 15 13 3 22 4 32 6 45 7 37 8 31 9 33 10 44 13 14 14 18 15 42 16 27 18 44 21 30 8 1 36 2 38 8 43 11 38 12 24 14 45 18 28 19 14 4 1 29 7 19 15 47 21 27 9 3 23 4 13 7 42 8 33 9 42 10 18 16 32 19 46 21 19 12 2 20 3 23 4 23 5 20 6 46 7 26 9 17 11 46 12 27 17 34 21 10 22 10 10 4 41 8 33 11 12 12 27 15 15 17 16 18 49 19 10 20 30 21 10
4 10 4 37 5 36 6 44 7 40 10 18 12 47 13 23 17 36 19 25 20 17 10 2 13 4 13 5 32 10 19 11 20 14 25 17 42 18 46 20 20 22 28 4 6 22 12 39 14 26 21 40 9 2 41 3 13 5 44 10 41 11 22 12 39 14 14 17 16 21 34
8 4 4 33 8 19 9 38 16 10 3 1 23 16 21 17 28 3 16 16 19 36 22 21 11 1 27 2 37 3 41 8 20 9 36 10 10 11 44 14 45 16 36 17 13 18 14 9 1 49 5 31 6 19 7 12 9 50 15 49 16 42 17 16 22 17 13 1 38 2 35 3 14 7 44 10 17 13 45 15 20 16 43 18 22 19 15 20 10 21 23 22 16 12 1 14 2 31 3 41 4 38 5 10 7 41 8 24 11 24 17 10 18 14 19 50 20 49 5 5 14 16 25 18 17 20 12 21 24
4 4 1 48 7 44 13 28 21 13 11 2 31 7 37 8 47 9 22 10 27 11 26 13 12 14 38 15 42 18 44 22 30 11 2 18 4 37 5 23 7 12 8 22 9 31 10 48 12 46 14 26 18 10 21 16 5 2 23 4 24 8 25 13 46 14 38
8 13 1 16 3 18 4 23 6 28 7 14 11 31 13 41 14 40 15 31 17 10 18 17 19 26 22 27 4 2 38 8 41 14 15 19 20 6 2 46 4 18 6 27 12 28 15 42 22 41 13 1 49 2 12 5 13 6 30 7 22 11 41 13 37 15 16 16 24 17 12 19 45 20 16 22 37 10 1 40 3 16 5 34 9 39 10 19 11 48 13 36 16 46 17 17 20 24 9 1 35 2 40 4 48 6 28 7 36 9 38 11 23 19 22 21 14 9 2 24 3 25 7 46 10 18 13 36 16 19 18 43 19 48 20 17 13 3 33 5 21 6 32 7 18 10 26 11 14 13 34 15 14 16 34 17 34 18 25 19 42 22 41
8 5 3 27 8 30 12 50 16 14 19 44 7 3 23 5 26 7 28 8 17 14 36 15 44 17 23 10 5 20 6 41 10 47 12 41 13 17 15 50 16 22 18 21 19 11 21 22 4 1 38 4 25 7 24 8 34 4 3 24 7 17 10 37 19 48 4 7 44 16 25 18 20 19 32 8 2 41 3 34 4 25 5 42 12 18 13 31 15 22 18 12 10 1 24 4 16 5 15 6 50 8 27 9 48 12 10 14 36 15 12 21 27
5 9 1 25 6 36 7 50 8 16 14 11 15 31 16 17 19 50 20 33 4 2 39 7 19 9 43 20 20 8 2 31 3 25 10 22 11 49 13 49 14 35 15 17 21 22 6 4 49 6 41 7 50 11 17 15 46 18 13 5 5 26 7 37 9 11 18 13 21 37
7 3 1 34 7 24 18 42 9 3 43 5 48 6 45 9 16 16 42 17 33 19 34 20 13 21 48 4 9 26 18 21 20 11 22 35 12 1 40 4 31 5 16 6 26 7 39 10 21 12 37 13 41 16 44 20 46 21 13 22 27 7 1 47 4 11 5 22 6 23 9 14 13 39 15 16 11 2 24 4 49 5 47 6 14 7 35 9 11 12 23 14 39 19 23 20 16 21 10 5 3 23 4 30 12 22 15 40 22 41
3 10 2 32 3 49 5 33 6 10 10 28 11 15 15 45 17 15 19 12 21 41 8 1 45 7 23 8 19 9 15 15 46 17 44 18 11 21 11 12 2 17 4 22 8 21 9 41 11 46 13 12 15 23 16 24 17 20 19 20 20 31 22 23
3 13 1 22 2 11 3 45 4 34 5 11 6 34 9 29 10 19 11 38 13 40 19 19 20 33 22 46 7 3 11 4 20 6 50 10 19 16 46 21 32 22 39 13 1 36 2 42 5 30 6 43 7 13 8 45 11 28 12 43 13 48 15 17 18 40 19 19 20 42
6 9 3 23 5 14 9 22 11 25 12 20 17 45 18 19 19 49 21 15 13 1 29 2 16 3 50 6 25 7 47 11 45 12 15 13 41 14 16 15 27 16 37 21 27 22 20 4 7 18 10 26 15 32 20 42 11 2 21 4 41 5 19 13 18 15 18 16 12 17 25 18 49 19 13 20 43 22 39 9 4 47 6 20 8 18 10 44 11 13 14 23 15 33 18 16 22 27 8 5 11 10 49 11 37 13 17 15 36 18 42 20 34 22 21
8 10 3 11 7 38 8 20 9 33 10 15 12 10 14 26 15 23 16 26 21 37 11 1 26 3 49 5 46 8 45 9 36 12 15 13 25 14 50 17 24 18 39 19 11 11 1 36 2 22 4 20 7 29 8 21 9 10 11 23 12 37 18 34 19 38 20 17 7 2 37 3 21 5 42 11 30 14 41 16 41 17 38 6 3 28 4 21 8 41 10 17 14 36 18 32 13 3 49 4 34 6 42 7 24 8 14 9 40 10 27 14 44 16 20 17 41 18 34 20 45 21 17 3 3 44 10 18 20 10 5 1 43 6 48 11 31 15 36 21 32
3 4 3 34 12 22 14 26 18 19 8 3 10 7 31 9 21 10 43 11 41 13 23 16 11 19 15 7 3 19 5 11 6 47 7 25 10 14 13 39 18 23
5 11 1 20 3 24 5 12 10 12 13 25 14 16 15 48 16 15 18 10 19 20 20 37 13 2 40 3 19 5 49 7 31 10 25 12 49 13 25 14 45 15 26 16 21 17 34 20 28 21 13 3 16 49 17 15 22 38 7 1 25 6 35 11 22 12 43 13 10 16 22 22 14 3 3 24 6 50 14 13
8 12 1 10 4 17 5 25 6 35 7 24 8 32 11 20 13 41 14 40 18 36 20 27 21 21 9 2 18 3 48 4 40 7 31 9 25 15 24 17 31 19 41 20 23 13 1 32 2 15 4 12 5 45 7 36 9 45 10 25 12 44 13 32 16 45 18 33 19 16 21 20 13 1 48 2 20 6 50 9 45 10 43 11 37 12 37 14 13 16 48 17 31 19 34 20 21 22 32 12 3 28 4 24 7 44 8 13 10 30 12 42 13 12 14 22 15 38 17 36 19 37 21 33 13 1 43 4 23 5 10 8 24 9 38 10 16 12 20 14 31 15 45 16 28 17 32 19 28 21 25 4 6 13 7 18 9 44 16 18 11 2 21 3 50 4 15 8 22 9 19 10 15 14 25 15 15 17 46 18 14 21 11
5 13 2 31 5 43 6 47 8 35 9 45 12 32 13 48 14 26 15 19 16 15 18 41 19 50 22 20 9 2 20 4 46 6 20 7 24 10 17 11 10 17 39 21 42 22 28 9 3 23 4 20 9 41 11 23 13 45 14 45 15 18 16 40 20 46 10 3 41 8 10 9 34 11 38 14 30 15 37 17 16 19 29 20 46 21 12 7 5 17 10 14 11 20 12 49 17 29 18 27 22 23
3 8 1 44 2 43 3 15 5 48 6 11 9 49 14 34 16 11 10 2 45 4 32 7 40 10 25 12 14 13 49 14 50 16 36 19 44 21 28 10 1 44 2 25 4 42 5 33 8 20 9 34 11 23 12 33 18 22 20 20
3 8 4 12 7 47 11 10 14 14 15 49 17 14 18 24 19 29 9 1 19 2 37 3 13 5 20 6 37 8 41 12 35 14 50 18 14 8 3 13 8 27 11 24 18 26 19 39 20 27 21 34 22 30
6 12 3 36 7 14 9 27 11 47 13 44 14 10 16 47 17 19 19 29 20 45 21 48 22 43 8 9 25 10 45 12 42 15 13 16 21 18 32 21 29 22 26 7 1 33 3 30 12 34 14 40 15 40 16 48 18 26 5 1 46 9 28 12 28 19 26 20 29 3 12 32 14 14 22 49 10 1 12 4 41 5 44 8 17 11 33 16 18 18 41 20 38 21 44 22 41
3 3 5 43 6 32 13 27 3 5 27 8 42 16 49 3 5 19 13 16 22 45
8 4 6 29 18 11 19 40 20 41 11 5 49 6 30 7 27 8 49 9 37 11 40 13 17 14 35 18 11 21 43 22 49 3 9 19 13 29 16 19 5 1 46 3 13 4 20 8 22 11 10 10 1 10 4 44 5 49 7 49 9 50 10 39 12 32 14 25 16 25 21 36 8 3 29 6 46 8 13 10 14 13 39 18 47 19 23 20 34 6 2 43 10 13 11 36 15 25 19 47 21 18 13 2 21 3 49 5 47 6 50 7 46 8 29 13 26 14 30 16 13 17 40 18 45 21 26 22 48
8 3 5 33 13 48 20 15 10 1 42 2 23 3 12 4 34 5 50 7 34 10 50 13 43 14 36 21 20 6 4 44 5 29 12 23 15 11 17 50 19 43 11 4 38 6 47 8 11 9 26 10 33 14 29 15 37 16 28 19 22 20 41 21 25 11 3 31 6 15 7 29 8 34 9 16 10 19 13 28 16 28 18 35 19 32 20 42 3 14 19 17 17 18 35 13 2 22 4 22 5 47 6 40 7 26 10 44 11 11 13 44 14 41 15 38 16 10 17 12 19 35 12 3 36 8 44 9 41 10 38 11 18 14 46 16 14 17 45 18 43 19 28 21 26 22 22
8 10 1 50 5 47 12 23 13 19 15 20 17 25 19 29 20 49 21 19 22 37 11 3 24 4 19 5 28 6 31 7 19 9 50 11 34 14 31 15 34 18 20 22 43 7 2 29 10 48 14 28 15 37 16 31 17 48 18 32 12 2 16 4 16 7 43 9 28 11 27 13 48 14 50 15 20 17 22 19 24 20 37 21 30 8 2 12 4 16 8 35 9 38 12 20 16 31 17 12 20 39 6 3 37 7 30 17 16 19 32 20 37 21 19 6 1 23 2 37 7 46 16 20 17 20 21 27 12 1 12 2 33 5 25 6 33 9 27 10 33 11 20 12 33 13 33 15 23 18 35 19 21
6 5 1 33 7 15 15 26 18 16 19 10 8 6 12 9 39 10 27 12 25 16 24 17 43 19 50 21 48 5 6 17 7 47 11 22 13 47 21 49 5 1 26 2 15 3 18 11 15 21 31 3 10 46 14 45 18 20 13 3 19 4 36 5 36 6 46 10 17 11 47 12 42 13 35 18 20 19 36 20 26 21 10 22 31
6 13 1 27 4 43 5 43 6 19 10 40 11 17 12 42 14 29 16 35 17 50 18 41 20 13 22 41 13 2 14 3 10 5 35 7 11 10 37 11 31 14 31 15 44 16 47 18 43 19 42 21 27 22 10 9 3 14 4 10 5 30 6 48 9 41 17 11 19 43 21 43 22 14 5 6 28 7 33 14 18 21 38 22 37 4 1 11 11 43 13 41 21 18 11 1 40 2 21 5 48 7 46 10 49 11 19 12 22 15 22 17 31 18 22 20 34
3 7 2 21 3 30 6 36 8 28 14 43 17 23 22 35 11 2 46 3 26 7 32 9 17 10 10 11 32 14 31 16 16 19 39 20 40 21 31 10 2 43 4 19 5 19 7 20 11 44 12 16 14 10 18 41 20 24 22 22
4 9 3 21 5 29 6 34 7 20 8 40 12 17 13 44 16 17 21 16 3 2 16 16 41 21 47 4 1 33 15 50 16 24 20 37 11 1 35 5 40 8 33 10 13 11 31 15 37 16 41 17 30 18 24 19 50 22 48
4 8 1 31 4 22 5 21 7 28 10 22 11 45 13 26 16 30 10 2 42 4 22 5 21 6 50 7 29 8 46 10 19 13 23 16 37 22 38 12 1 17 3 29 4 34 5 19 6 38 10 36 14 12 15 20 18 45 19 10 20 29 21 22 3 8 14 13 41 17 39
6 11 1 50 2 47 3 15 7 37 9 44 12 36 13 40 14 49 16 34 17 41 22 15 6 5 47 6 18 12 25 13 41 17 14 22 12 9 1 46 6 17 7 43 8 11 10 41 11 24 13 18 14 13 20 48 12 1 37 3 15 7 20 9 27 10 11 11 31 12 35 13 42 15 39 17 34 18 11 21 49 7 1 26 6 36 7 24 10 46 12 34 13 10 16 49 10 3 39 5 42 6 33 11 17 12 19 14 30 16 48 19 10 20 12 22 40
3 4 2 20 16 42 20 26 21 15 10 2 19 5 29 7 22 8 42 11 12 12 13 13 28 17 35 19 50 21 10 10 4 38 7 12 8 27 12 24 13 49 14 50 16 16 19 23 21 18 22 28
4 9 3 49 9 30 10 26 11 32 13 50 15 28 16 43 17 39 22 49 5 3 14 8 18 10 27 11 38 22 45 11 3 43 4 14 8 16 9 28 11 14 12 16 13 15 15 32 17 17 19 42 22 27 3 7 12 11 50 13 42
3 10 4 30 6 31 11 41 12 11 14 30 15 48 17 24 18 22 21 48 22 22 3 7 39 14 36 19 11 10 1 45 4 50 6 23 7 29 8 35 10 49 14 16 15 36 18 18 22 38
3 6 2 11 3 49 6 35 7 41 18 14 22 26 8 2 15 4 19 5 25 8 37 9 22 14 26 15 42 22 23 7 2 25 5 25 9 35 11 32 14 25 16 23 21 25
3 12 1 24 2 34 3 20 4 17 6 36 7 46 10 32 12 43 13 33 16 30 17 35 20 24 12 1 10 3 11 5 31 6 40 7 23 8 32 10 41 13 23 14 40 15 46 17 30 18 18 10 1 46 3 42 6 20 8 50 11 25 15 43 17 10 19 39 20 40 22 22
7 8 7 12 9 17 12 43 14 45 15 36 16 41 18 45 19 21 13 1 47 3 50 4 24 6 49 9 39 10 16 11 16 12 27 14 38 15 39 17 36 18 50 21 37 11 2 27 3 29 5 23 6 44 9 40 10 29 11 41 12 31 15 50 16 15 18 34 5 4 19 10 47 12 49 15 23 21 18 11 3 27 4 40 10 16 12 47 14 35 16 10 17 28 18 17 19 38 20 36 21 43 7 1 36 2 49 3 34 4 20 11 37 15 42 17 31 8 1 37 3 41 4 20 10 20 15 18 17 15 20 37 22 37
8 8 6 44 9 15 10 32 13 49 15 34 17 35 18 45 21 28 12 1 33 5 46 6 42 8 24 12 30 13 18 15 30 16 39 17 44 18 47 20 10 22 35 9 5 15 6 26 11 23 14 12 17 42 18 37 19 34 20 46 22 24 7 3 32 5 16 6 49 9 45 15 36 16 21 21 39 11 3 25 5 40 6 26 8 28 10 20 11 38 14 32 15 14 19 23 20 16 21 12 4 1 17 2 36 4 24 16 15 6 3 39 4 40 7 14 12 14 14 24 15 24 13 1 24 2 19 4 35 5 36 7 19 9 11 10 33 11 19 13 33 15 34 17 19 18 18 22 46
3 9 2 15 3 32 5 46 7 16 8 34 11 45 16 37 20 36 22 17 13 1 43 2 18 3 26 5 12 6 27 7 19 9 33 10 16 11 29 12 48 16 41 18 26 20 36 6 8 25 9 39 11 28 15 46 19 31 21 18
7 8 1 10 6 41 8 15 10 17 11 39 14 35 17 23 21 23 9 3 40 4 19 5 45 10 26 11 15 12 21 13 46 18 30 19 43 8 1 38 3 35 4 11 7 12 11 31 13 42 20 48 21 29 8 1 49 3 27 12 49 14 23 15 43 18 21 21 22 22 20 11 2 29 4 38 6 13 8 14 9 47 12 41 15 43 16 45 17 16 19 15 20 12 12 1 44 2 38 7 21 8 45 10 21 16 16 17 39 18 28 19 41 20 40 21 49 22 25 6 3 47 4 36 13 17 14 36 15 38 16 37
6 9 2 19 4 12 9 17 12 38 15 44 16 42 17 24 21 41 22 31 11 2 25 3 29 8 37 10 40 11 29 13 43 15 43 16 30 17 17 20 44 21 42 8 3 41 4 49 6 35 7 49 8 22 13 16 14 16 22 41 10 4 40 5 46 7 27 8 26 10 13 11 22 12 23 13 25 14 36 21 39 3 4 22 6 41 13 35 4 2 22 6 50 8 23 11 15
4 12 1 42 4 46 6 29 11 45 13 11 15 25 16 40 17 22 18 35 19 14 21 10 22 15 11 1 45 2 15 4 47 5 31 11 47 12 45 14 33 15 16 18 43 19 37 20 38 9 4 48 5 45 7 31 10 49 11 44 12 18 13 39 16 50 19 24 5 7 24 14 20 15 35 18 44 22 45
8 9 1 31 3 10 4 44 6 21 7 32 9 39 13 20 19 35 21 49 9 1 25 10 23 11 32 13 37 14 22 15 26 16 45 18 23 19 38 12 1 24 3 24 5 31 6 41 7 15 8 41 12 39 14 19 15 36 18 34 20 49 21 16 9 2 17 6 32 10 48 11 47 13 42 14 12 15 24 16 41 20 33 5 2 23 8 14 20 16 21 11 22 19 9 4 19 5 21 7 20 9 48 12 46 14 14 15 17 16 44 18 27 3 1 19 5 12 12 41 7 4 43 7 26 9 18 10 32 13 35 14 23 18 38
4 12 1 36 3 32 6 35 8 44 9 34 10 30 12 17 15 44 17 49 18 11 19 18 22 28 10 4 47 6 49 7 43 8 13 10 35 15 43 17 18 18 14 21 23 22 19 8 1 34 2 28 3 48 4 50 7 22 11 39 12 44 15 13 11 1 21 2 19 6 16 8 49 9 36 12 49 16 22 17 45 19 16 21 10 22 20
8 4 1 43 3 30 6 43 12 20 6 4 37 9 39 12 43 16 27 18 21 20 40 5 3 19 15 31 17 12 20 39 21 31 6 1 50 3 40 6 23 8 27 11 13 18 17 13 1 31 3 25 4 46 6 12 7 33 8 12 10 27 11 31 12 42 13 10 14 28 15 39 22 11 12 2 47 6 32 7 50 8 14 10 18 11 14 12 20 15 42 18 35 19 47 21 44 22 19 3 6 20 10 12 12 11 6 1 15 2 31 3 35 11 15 16 35 17 26
4 13 2 18 3 41 4 41 5 44 7 15 9 12 14 42 16 28 17 37 18 44 19 26 20 19 22 31 4 4 11 7 45 13 28 18 35 8 6 26 7 30 9 26 10 15 12 48 13 15 15 23 20 31 7 5 17 6 45 10 25 12 19 13 43 15 29 20 45
8 12 1 14 2 17 4 27 7 37 8 38 12 19 13 35 17 30 18 40 19 48 20 22 21 41 5 4 32 8 49 16 33 18 10 21 42 7 8 12 10 17 13 40 14 29 17 10 20 46 22 34 9 5 38 6 48 8 17 9 31 10 17 12 26 14 22 20 11 22 48 4 15 45 16 36 18 10 21 10 12 1 47 2 32 3 29 4 27 5 15 7 37 12 46 14 21 16 22 19 43 20 14 22 18 12 1 42 2 23 4 43 5 23 8 37 9 15 10 19 16 43 19 17 20 24 21 18 22 39 13 1 29 2 39 4 32 5 22 7 26 8 22 10 30 12 41 14 36 16 10 17 33 20 26 21 13
4 4 1 48 7 26 8 22 12 22 11 4 13 8 39 9 28 10 33 11 14 13 32 14 50 19 49 20 45 21 35 22 31 13 2 21 3 45 4 34 5 35 7 31 8 14 12 37 15 16 17 36 18 36 20 13 21 15 22 50 12 1 10 2 18 3 24 5 34 7 43 8 50 9 47 13 48 17 15 20 44 21 46 22 20
4 13 1 48 3 15 4 31 10 20 12 15 13 31 15 46 16 31 17 34 18 26 20 34 21 12 22 47 5 7 21 8 44 11 20 12 21 17 42 9 4 46 7 31 9 11 15 42 17 28 19 16 20 44 21 29 22 24 9 2 38 3 29 7 23 10 33 13 11 14 44 18 23 19 28 22 11
4 3 1 25 8 10 18 13 7 2 43 5 49 11 26 14 26 18 29 19 31 20 30 6 2 42 3 42 12 32 19 25 20 29 22 26 7 1 40 5 50 12 27 15 46 18 32 19 46 20 14
4 9 1 29 2 27 3 13 4 40 10 29 13 11 14 31 17 21 19 19 8 1 10 3 11 5 23 8 39 12 31 13 21 15 46 19 48 7 5 19 8 37 11 20 15 24 17 50 21 39 22 14 5 4 49 11 25 15 37 19 49 20 32
6 11 4 14 6 32 7 15 10 12 11 48 14 10 16 14 17 12 19 19 20 18 22 45 7 1 44 8 23 9 40 15 39 16 34 18 45 20 17 3 6 40 8 15 9 38 6 2 43 11 45 13 21 14 19 18 23 22 31 4 2 20 14 32 16 38 19 38 6 3 17 10 48 11 41 13 20 16 22 17 41
3 4 7 21 8 43 11 11 17 46 11 1 33 4 21 7 38 9 48 13 37 14 16 15 19 16 26 18 50 19 20 22 19 3 5 15 7 13 20 16
5 13 3 41 4 35 5 22 6 10 7 49 10 36 11 33 13 12 16 12 17 29 18 12 20 16 21 15 9 3 27 4 17 5 27 10 11 12 37 15 15 17 19 18 23 22 50 4 3 11 5 25 8 43 9 47 10 1 31 4 28 6 12 8 36 12 24 13 16 15 18 16 19 17 30 21 32 13 2 18 3 10 4 34 6 33 8 32 11 17 13 49 14 28 15 47 19 41 20 23 21 42 22 36
7 6 2 22 4 45 5 35 6 40 14 19 22 30 5 4 12 7 28 15 33 18 13 22 22 10 2 39 4 32 5 48 8 29 9 48 10 23 12 23 13 24 16 14 20 37 12 1 12 3 44 6 35 8 39 12 35 14 29 16 25 17 36 18 49 19 27 20 43 21 43 5 4 14 11 10 12 35 19 44 22 46 4 2 46 4 25 11 13 22 40 11 1 29 4 44 5 23 6 11 8 39 11 32 12 32 13 43 14 29 17 42 22 31
5 12 1 30 2 44 3 41 4 12 5 48 6 38 7 43 8 38 11 18 15 19 18 23 22 30 11 2 18 4 11 6 29 10 33 12 23 14 15 15 31 16 39 19 11 20 22 22 24 12 1 41 2 32 8 28 9 35 10 29 11 10 13 23 14 11 16 25 18 39 19 21 20 38 9 3 13 7 36 8 45 10 46 11 28 13 38 15 48 18 12 19 43 13 1 17 5 21 6 12 7 19 8 15 10 10 11 47 13 17 15 27 16 48 18 14 20 35 22 44
5 10 1 44 5 26 6 26 9 16 11 34 15 45 17 37 20 27 21 33 22 39 7 3 33 6 27 11 42 13 40 14 18 16 43 21 48 5 8 38 10 32 14 36 16 39 22 48 11 1 17 3 37 5 31 7 50 9 40 11 12 14 13 16 50 17 44 18 23 21 16 4 6 20 8 21 16 25 18 14
8 10 4 38 6 37 7 46 8 50 10 47 11 29 12 15 13 40 16 10 22 40 3 7 47 14 38 20 36 7 1 39 5 14 8 25 13 50 16 29 17 12 20 49 8 2 24 3 44 5 48 6 34 9 46 14 37 15 43 20 36 4 1 36 6 29 12 20 20 22 5 2 37 4 44 13 11 18 49 21 37 13 1 38 3 46 4 10 5 42 7 25 8 26 10 41 13 12 15 43 16 10 17 28 18 21 22 49 11 2 23 3 12 4 30 5 34 6 42 8 19 9 17 12 50 13 17 18 13 21 21
104 47 120 75 112 50 110 118 61 124 51 41 113 157 43 96 122 74 46 56 92 52 150 118 122 91 89 43 75 73 103 43 69 48 36 43 129 131 48 84 88 66 143 66 113 67 121 50 69 57 56 78 36 76 115 70 88 143
1 1 3 3 2 1 3 3 2 2 2 2 1 3 3 3 1 3 1 2 2 3
# Instance ID: 75
# Size type: large
# Total operations: 308
# Actual flexibility: 0.374
# Generated: 2026-02-07 22:12:21
# Format: Extended Brandimarte format for MOFJSP