49 25
3 5 3 50 13 43 17 19 21 18 22 45 6 4 13 5 17 9 50 20 31 23 44 24 22 11 2 49 3 27 4 40 7 30 8 40 10 40 11 42 13 31 14 14 19 23 23 14
6 4 8 42 19 29 23 11 25 28 14 1 17 2 18 3 11 4 15 5 18 7 26 11 12 13 33 16 32 19 11 21 34 22 12 24 14 25 34 8 2 28 3 16 6 30 12 31 14 29 16 50 17 45 21 43 12 1 11 6 27 7 36 8 47 9 28 12 29 13 24 17 30 19 39 20 23 22 50 23 30 9 4 36 11 41 13 11 14 43 18 18 19 44 21 43 23 18 24 23 3 1 37 10 23 11 35
4 14 1 42 2 17 5 30 7 20 8 14 11 14 12 30 14 10 16 41 17 25 18 18 20 28 23 47 24 38 15 1 18 2 35 3 44 4 32 5 39 10 33 11 45 12 27 13 49 17 38 21 12 22 27 23 29 24 27 25 10 14 1 33 6 23 8 22 9 12 11 17 13 44 15 20 16 45 17 33 18 50 20 46 21 30 24 44 25 36 11 1 46 2 45 6 34 7 40 9 36 12 42 16 36 17 49 19 17 20 13 25 19
7 10 1 32 7 14 8 28 9 31 10 22 12 15 13 25 16 40 19 15 23 29 7 1 42 5 36 6 45 9 15 13 19 15 34 17 26 12 1 28 3 20 5 40 8 40 11 39 12 25 13 23 14 40 16 46 18 19 21 19 25 25 15 2 39 3 21 5 16 6 50 9 13 10 41 11 18 12 23 13 16 18 49 19 49 20 30 21 49 22 28 23 47 15 1 13 2 50 6 47 8 46 10 41 12 48 13 26 14 46 15 49 17 12 19 12 20 11 21 41 22 27 25 48 6 1 25 8 25 10 37 19 22 21 20 24 25 7 2 45 4 15 11 23 16 19 17 43 22 16 25 31
5 10 2 43 4 33 6 15 7 36 10 50 13 15 18 21 19 34 23 48 25 47 11 4 38 6 49 8 31 13 22 14 28 15 12 16 34 19 34 20 45 21 17 22 34 7 4 14 8 33 10 44 16 30 17 18 18 31 24 20 3 16 33 18 48 22 22 13 2 49 3 33 4 11 5 50 7 28 8 41 11 41 14 20 19 49 20 14 21 11 23 47 24 33
6 12 2 35 5 18 6 16 7 35 12 21 14 28 15 27 16 44 18 25 23 30 24 47 25 11 14 2 34 4 48 5 27 7 15 9 22 10 13 14 10 15 31 18 38 20 42 21 41 22 40 23 38 25 35 4 10 47 19 38 24 14 25 34 15 1 13 3 13 5 28 7 12 8 13 9 27 10 18 11 26 12 45 14 16 19 19 21 13 22 11 24 40 25 50 11 2 33 7 32 10 15 11 36 12 36 13 30 14 31 20 35 21 19 23 31 25 16 8 6 42 12 32 13 26 14 11 15 31 22 42 23 26 24 45
7 14 2 45 3 12 6 41 9 39 10 18 11 32 12 13 13 50 14 29 15 31 18 47 19 44 23 40 25 50 14 1 17 2 22 3 11 4 43 7 24 8 40 9 27 12 14 13 26 18 13 20 35 21 21 22 14 25 15 5 1 31 2 39 12 28 14 50 20 34 3 1 15 15 41 20 20 10 3 31 4 38 5 48 6 26 10 10 16 34 18 10 21 45 22 46 25 16 6 4 17 7 22 8 21 10 38 15 43 18 33 5 1 48 2 36 4 50 15 50 21 24
3 11 2 18 3 24 9 38 10 40 12 46 15 35 16 38 17 36 19 37 24 40 25 19 10 1 25 5 28 6 38 7 33 8 44 13 27 15 16 16 20 23 36 24 21 5 2 35 3 30 14 34 16 40 21 29
3 11 1 37 2 45 3 12 8 39 9 26 12 43 14 46 15 14 16 14 21 12 23 18 6 1 36 13 18 18 48 22 47 24 41 25 35 4 10 24 11 30 15 36 22 18
3 7 1 20 2 17 3 12 12 29 20 31 21 13 22 35 10 5 33 6 40 9 21 11 48 15 21 18 40 21 32 23 43 24 20 25 10 5 1 35 2 25 4 30 10 20 22 28
3 7 5 17 8 10 15 32 16 19 17 45 21 25 23 39 7 4 16 10 39 12 10 14 21 15 15 16 34 20 31 8 6 45 7 31 9 50 11 22 12 23 15 35 23 47 24 22
5 15 1 44 4 32 5 15 9 37 10 23 14 44 16 11 17 27 19 11 20 38 21 50 22 12 23 38 24 50 25 46 6 5 29 6 16 9 16 12 25 14 17 19 35 14 3 11 6 36 8 40 12 37 13 30 15 33 16 13 17 23 18 25 20 28 21 36 22 49 23 26 24 43 4 7 30 18 18 22 35 23 50 10 1 15 2 30 5 44 14 43 17 19 18 47 20 10 21 24 22 41 24 29
6 12 2 41 3 19 4 33 6 19 9 32 12 25 13 28 14 36 18 41 20 23 22 25 24 45 15 1 27 2 27 6 19 7 29 8 26 10 31 11 32 12 47 17 17 18 10 19 22 20 30 23 44 24 42 25 37 6 2 36 3 34 5 50 12 23 13 43 14 19 14 2 13 3 14 4 17 5 18 8 37 11 13 13 22 15 21 16 21 21 12 22 35 23 22 24 44 25 39 14 2 21 5 22 6 16 7 49 8 37 10 14 11 10 12 50 14 39 16 36 21 45 22 10 23 15 24 18 6 2 30 6 16 11 17 12 24 14 40 20 24
8 4 2 39 3 40 11 18 15 50 11 1 49 2 43 4 37 5 14 6 31 9 48 10 30 16 15 23 38 24 14 25 41 14 2 50 3 42 4 12 6 21 8 39 10 29 11 26 14 36 15 45 17 44 18 19 20 12 22 30 24 47 3 7 21 16 50 18 49 12 3 18 4 38 6 16 8 23 9 20 10 50 11 38 14 15 19 26 20 38 23 38 25 43 14 2 16 3 46 4 24 8 45 11 13 12 39 14 45 15 25 16 37 17 26 19 49 20 36 24 50 25 16 5 3 46 11 38 16 32 17 26 18 23 7 1 45 3 36 5 27 17 33 19 36 20 32 23 28
4 5 5 21 11 10 14 19 17 16 21 45 9 1 34 8 19 12 20 13 26 16 23 19 14 22 29 23 39 24 34 9 1 32 8 43 11 37 12 41 13 40 16 20 19 47 20 41 25 25 14 1 43 2 30 4 27 7 13 9 31 10 28 13 37 14 47 15 16 19 15 20 43 21 44 22 24 24 20
5 13 2 33 6 41 7 33 8 23 9 21 10 41 11 18 15 30 17 45 18 41 21 46 22 33 24 40 12 1 27 5 42 6 39 9 30 10 46 12 42 13 49 15 27 16 29 20 20 23 36 24 35 13 3 27 4 45 5 46 6 34 9 43 10 42 11 19 12 49 14 50 19 28 20 25 24 36 25 16 3 8 30 14 42 15 41 6 5 33 8 45 13 21 18 34 24 16 25 49
5 9 9 25 12 17 15 18 16 22 17 22 18 45 19 27 21 25 24 41 10 2 11 3 15 6 33 10 49 13 40 17 36 19 25 20 49 23 24 25 23 10 6 30 8 32 12 45 14 39 16 46 17 48 18 13 23 33 24 39 25 40 12 1 19 2 11 5 16 6 37 8 14 11 12 13 34 15 47 16 12 19 40 22 15 24 31 12 3 19 6 12 7 20 8 21 10 37 11 33 12 49 14 48 15 36 18 38 20 50 22 12
8 4 5 27 13 22 23 40 24 36 3 2 28 5 28 11 37 12 4 37 5 12 7 29 8 13 9 37 11 22 12 40 13 18 14 31 16 29 18 16 20 15 5 7 15 11 19 12 24 13 16 22 42 5 8 22 13 33 14 20 18 44 23 25 13 1 33 2 34 8 44 9 41 10 10 14 32 15 43 16 34 17 30 18 26 19 38 20 16 24 17 13 2 48 3 50 5 32 7 16 8 13 13 28 14 19 15 11 16 43 20 48 21 34 23 18 24 48 5 1 44 15 17 18 42 21 33 25 42
8 14 4 44 7 19 8 38 10 49 11 46 12 50 15 50 16 41 17 18 18 23 20 43 22 18 23 16 24 49 11 6 19 7 31 8 27 10 27 13 23 16 13 19 46 21 21 23 37 24 43 25 27 10 2 49 6 25 7 21 8 41 9 23 10 42 16 48 17 40 22 13 24 19 6 8 38 11 32 12 46 13 33 19 14 20 46 5 9 16 11 24 12 18 14 45 25 32 14 1 20 2 39 3 33 4 12 7 30 10 28 11 39 14 43 17 11 18 23 19 42 21 41 24 29 25 23 6 1 12 11 26 13 29 15 10 17 50 20 26 9 2 21 3 31 7 19 11 17 19 49 20 14 22 28 24 41 25 28
4 5 4 26 21 39 23 23 24 15 25 49 13 2 33 4 22 7 12 9 31 11 34 13 48 14 20 15 24 20 29 21 21 22 34 23 35 24 36 9 1 36 3 16 5 20 10 31 12 42 17 31 19 34 21 34 24 16 13 4 47 6 33 10 25 12 34 13 38 16 48 18 35 19 30 20 26 21 13 22 43 24 31 25 15
4 8 1 27 2 35 6 42 11 43 12 43 14 44 18 37 24 41 4 8 12 18 42 22 50 24 10 11 2 50 6 15 7 21 8 29 10 28 16 25 17 25 18 13 22 23 23 15 24 48 11 3 41 4 44 7 27 8 32 9 50 12 30 13 22 15 44 18 17 24 47 25 46
8 7 4 15 11 32 13 40 16 49 19 34 20 19 22 24 8 2 43 3 36 8 21 14 29 18 33 21 47 23 21 25 44 7 4 34 8 14 9 27 10 10 15 41 21 44 24 36 10 1 13 6 17 11 11 12 33 13 29 16 16 20 15 22 10 24 28 25 46 13 2 27 6 10 7 10 9 16 10 18 11 31 13 27 15 24 16 42 18 34 19 33 24 33 25 10 15 2 27 5 24 6 39 7 30 8 23 9 10 10 11 11 33 12 30 14 35 15 39 16 18 20 40 24 26 25 34 5 4 11 6 27 7 48 10 37 12 37 3 4 39 5 30 6 39
3 13 1 11 2 49 4 20 5 46 6 38 7 31 8 22 9 50 12 39 17 35 18 15 21 23 25 23 5 9 43 13 14 14 40 16 12 18 11 10 2 14 8 35 9 34 14 37 15 18 16 31 20 10 21 41 22 42 25 35
5 13 1 40 2 35 3 14 5 35 6 32 7 43 12 44 14 48 15 33 16 26 17 18 22 12 23 14 4 2 45 13 13 14 26 23 23 12 1 26 2 42 4 24 6 25 8 15 11 46 12 12 16 37 19 49 20 34 22 17 24 43 12 2 35 3 50 4 42 6 34 7 19 10 14 11 33 13 24 14 33 18 30 19 18 20 30 8 1 15 6 24 7 50 14 25 20 36 21 15 22 26 24 24
7 12 1 45 3 28 5 19 7 10 10 28 12 17 13 12 15 39 16 46 20 29 21 20 25 32 12 3 31 4 32 5 43 9 37 10 34 11 46 13 19 16 48 17 14 18 22 23 42 24 30 12 1 22 2 20 6 45 8 32 9 49 11 16 13 40 17 37 18 32 21 22 23 21 25 48 14 1 44 4 12 6 12 7 10 8 47 9 10 10 16 11 41 13 17 14 31 20 13 21 22 22 32 23 48 14 1 35 2 14 4 39 6 14 7 47 8 23 10 29 13 10 15 11 18 21 19 50 23 49 24 21 25 25 15 2 36 5 29 6 33 7 40 8 11 9 15 10 30 11 42 14 43 16 48 17 46 18 21 21 30 22 49 24 23 3 17 41 22 18 24 38
4 7 4 41 5 29 6 37 9 15 10 22 13 17 16 12 3 15 36 16 33 19 13 10 2 13 3 32 4 16 6 22 11 21 12 39 16 48 18 28 20 42 22 28 8 1 37 4 41 5 36 9 36 15 14 16 45 18 10 23 33
4 9 1 29 5 32 8 43 11 12 13 46 14 41 16 30 19 24 20 14 7 5 30 6 19 12 15 13 33 15 15 23 13 25 48 9 4 40 6 34 8 29 13 27 16 22 17 15 18 36 20 32 23 24 5 4 11 7 32 14 35 19 37 25 36
8 8 1 18 4 48 11 20 13 13 17 21 23 39 24 26 25 24 11 3 18 4 33 7 15 11 13 12 33 15 10 16 48 19 38 22 15 23 39 24 27 12 1 25 2 32 3 47 5 29 6 48 8 47 9 41 15 18 17 48 19 27 23 48 25 10 14 1 15 3 44 5 45 7 21 8 13 10 20 11 40 13 33 14 23 16 26 17 43 18 41 20 19 24 36 9 1 49 2 15 4 10 9 23 14 24 18 13 20 48 22 48 23 32 13 1 21 3 15 5 11 7 29 12 29 13 37 14 26 16 17 18 18 19 35 20 25 22 32 25 27 7 1 25 3 13 8 41 10 31 13 48 14 18 20 14 15 1 37 3 21 5 45 7 19 11 10 12 26 13 34 14 13 16 33 18 20 20 48 21 44 22 49 23 35 25 25
6 14 2 38 3 47 4 37 5 30 6 27 7 32 8 36 11 13 12 30 14 32 19 35 20 49 22 10 25 24 10 1 40 2 34 4 43 7 21 8 42 9 33 14 48 16 15 17 31 23 34 8 4 25 7 22 13 50 14 32 15 18 18 18 20 32 24 12 7 6 40 14 49 15 41 18 44 19 22 24 25 25 28 7 5 50 7 10 11 35 15 32 16 41 20 37 21 48 15 1 18 3 50 4 43 5 30 6 41 7 10 11 38 12 45 13 32 15 21 16 27 18 24 20 22 21 44 22 10
7 8 3 12 4 18 7 30 12 48 14 14 20 33 24 31 25 29 15 1 42 2 38 3 25 4 46 6 13 8 24 12 41 14 42 15 49 18 38 20 20 21 45 23 42 24 39 25 42 14 3 15 5 41 6 26 8 50 10 18 14 20 15 44 16 22 17 11 18 19 20 27 21 32 23 37 25 23 5 6 35 7 48 14 16 15 32 21 44 8 1 49 9 16 10 15 15 36 16 21 19 12 21 27 24 50 9 2 39 7 15 10 16 11 21 16 31 18 32 20 16 21 19 22 13 7 2 13 10 33 12 12 14 40 19 13 20 18 21 12
7 5 5 23 7 45 10 20 11 40 24 20 3 6 16 9 45 16 35 6 3 48 6 27 7 44 8 48 18 17 20 33 3 4 16 5 33 19 45 3 11 11 13 14 20 32 12 8 17 10 44 11 11 12 37 13 17 14 38 16 22 17 25 20 12 22 39 24 19 25 13 9 1 22 3 10 5 22 6 48 10 28 12 37 15 13 16 38 19 34
4 6 9 30 12 45 20 38 21 19 22 10 25 14 4 2 50 5 29 7 28 11 13 10 2 14 5 50 10 30 13 31 14 35 18 26 19 35 20 15 22 26 24 41 8 8 42 9 19 11 48 16 50 17 13 18 43 20 34 25 28
3 12 1 17 2 34 4 16 7 30 8 18 11 25 13 37 15 36 16 26 18 24 20 37 22 18 11 1 24 2 19 4 26 5 21 7 41 8 31 9 27 10 34 18 15 19 50 24 19 15 1 26 4 28 6 31 7 22 8 12 9 26 11 20 12 19 15 14 16 30 20 35 22 35 23 49 24 38 25 49
6 10 2 23 3 16 4 32 5 12 7 13 12 49 15 12 21 29 23 26 25 18 8 4 46 5 20 11 40 12 15 15 21 18 32 21 49 25 41 5 1 29 14 15 17 11 21 13 25 15 10 1 17 2 37 4 11 6 10 12 25 13 32 17 21 19 50 23 18 25 43 5 6 48 12 10 14 13 17 36 18 50 10 3 13 5 21 6 46 12 49 13 25 14 50 15 46 16 39 17 47 24 14
7 6 9 42 10 17 11 33 16 38 17 38 20 27 10 3 37 4 39 5 47 6 12 7 16 13 45 14 46 19 20 21 48 22 20 9 6 48 7 45 8 33 9 47 13 10 14 21 15 25 19 35 22 39 15 3 22 4 11 6 12 7 15 8 25 9 34 11 17 15 48 17 12 19 36 20 31 22 41 23 25 24 24 25 39 3 8 31 16 31 25 12 5 8 45 15 20 18 30 19 15 25 43 7 1 50 4 25 9 44 10 21 13 50 17 37 21 45
4 4 1 36 14 34 21 36 23 20 8 5 26 6 17 8 26 11 44 17 25 19 14 20 13 24 24 4 6 32 19 25 23 15 25 26 12 1 47 6 40 7 14 8 34 9 40 10 31 11 24 12 49 13 27 16 50 19 40 25 28
7 10 6 28 8 31 10 46 11 25 19 16 20 27 21 15 23 24 24 47 25 36 5 4 14 13 45 14 14 19 23 23 44 12 1 50 3 23 4 49 5 38 7 29 10 12 13 17 14 14 16 26 17 10 18 49 19 22 3 2 10 7 35 13 35 15 1 40 2 37 4 40 6 40 8 38 10 49 11 20 12 10 13 16 16 38 18 31 20 10 21 23 23 45 24 32 5 4 35 8 33 18 10 19 37 23 32 6 2 26 12 30 15 17 17 49 18 37 25 15
6 6 3 12 6 21 7 34 12 31 15 22 20 32 14 2 47 3 31 9 24 11 14 12 45 13 33 15 33 18 49 19 42 20 27 22 42 23 19 24 49 25 28 9 7 30 9 14 11 39 12 31 15 39 16 26 20 15 21 32 22 47 15 1 17 2 27 3 45 5 48 7 43 9 10 10 15 13 21 17 43 19 30 20 22 21 10 22 23 23 28 24 50 4 1 47 8 17 15 20 23 25 15 5 34 6 40 7 41 8 28 10 48 11 20 12 21 13 22 15 16 16 24 17 49 18 50 21 14 22 32 23 17
6 3 7 46 16 23 23 44 13 2 33 4 37 5 49 6 48 7 43 8 47 9 19 15 33 18 44 19 40 21 13 24 50 25 17 8 3 25 5 37 9 31 10 28 12 50 15 39 17 28 21 46 13 2 37 4 19 5 10 6 33 11 43 13 45 16 50 18 12 20 16 21 49 22 10 24 17 25 22 11 1 45 3 32 6 25 8 41 10 20 11 27 14 47 16 18 20 43 23 32 25 14 4 3 12 4 46 16 16 24 21
5 6 4 10 8 37 9 35 13 16 14 38 21 37 15 2 33 4 28 5 15 6 35 7 25 9 18 10 23 11 21 13 26 14 41 18 34 20 28 22 44 24 48 25 26 8 3 49 7 41 11 34 14 25 15 19 17 43 18 38 20 32 5 1 50 3 37 7 31 18 36 20 16 15 1 45 3 31 5 23 6 48 7 44 10 38 12 49 13 28 15 31 17 34 19 43 22 38 23 43 24 10 25 38
8 10 3 27 4 13 5 22 7 23 8 12 10 44 11 23 12 49 15 18 21 17 6 3 32 5 34 11 36 16 25 17 14 19 16 9 1 49 2 21 4 48 11 30 15 40 16 26 18 40 19 12 21 43 3 1 15 11 29 24 35 7 1 45 2 12 5 14 9 10 12 13 13 50 23 11 15 2 46 3 20 4 48 8 16 9 37 10 46 11 24 13 33 17 41 18 32 20 40 21 35 22 11 23 21 25 27 5 2 18 6 28 7 40 8 34 17 29 15 1 23 4 23 5 38 6 39 7 44 8 13 9 50 10 30 13 15 15 39 18 18 19 31 20 35 23 10 25 30
8 4 12 15 13 15 15 19 19 48 6 5 41 11 20 12 46 19 14 20 40 21 12 6 4 30 7 15 12 34 17 45 20 46 21 47 15 1 29 2 27 4 39 5 16 8 23 10 16 11 35 13 45 14 39 15 32 16 20 17 42 18 35 19 37 24 30 14 3 18 5 21 6 35 8 25 9 29 11 14 16 38 17 42 19 40 20 45 21 26 23 43 24 35 25 13 12 1 38 7 30 9 47 10 20 11 39 12 38 14 31 15 45 19 10 21 49 24 14 25 43 13 2 26 3 11 4 29 5 43 9 25 12 32 14 41 15 24 18 45 19 21 21 40 22 30 23 38 4 5 34 9 44 13 48 18 16
4 8 5 33 6 12 11 11 12 31 17 33 19 18 20 40 22 37 10 2 29 3 45 4 49 7 45 11 31 13 48 15 21 19 24 21 49 25 26 12 1 26 7 50 11 18 12 49 13 20 14 21 15 12 16 14 19 21 20 21 22 23 25 25 14 2 13 7 27 8 42 9 13 10 32 12 14 13 10 14 36 16 37 17 24 18 25 20 13 21 46 23 50
6 13 2 44 3 18 4 32 6 34 7 44 8 15 12 25 13 17 20 33 21 11 23 43 24 24 25 36 13 1 15 5 36 6 34 7 30 9 35 11 26 14 22 15 23 16 41 19 36 20 13 22 38 24 27 10 2 49 6 32 8 33 9 19 10 33 15 28 18 45 19 39 22 43 24 11 5 4 27 10 12 14 13 21 39 22 43 3 10 33 15 12 20 19 6 1 31 2 40 7 34 17 13 19 25 21 46
5 9 4 40 8 36 9 41 13 18 15 19 17 49 18 41 20 38 23 25 5 2 39 4 12 11 42 12 32 17 12 6 3 26 6 48 8 18 9 26 14 29 16 22 11 1 45 5 46 6 25 7 24 9 38 10 44 16 49 19 16 20 22 22 26 23 31 3 4 18 5 10 16 49
5 6 2 42 4 25 9 50 14 11 16 15 21 11 12 1 35 3 49 4 31 5 38 8 32 10 13 12 49 14 27 15 44 16 36 19 35 25 48 14 1 43 3 33 4 19 5 16 6 50 7 33 9 45 12 39 14 21 16 27 18 33 20 40 22 25 25 11 6 3 12 9 50 10 16 11 35 16 31 22 26 12 1 12 2 50 3 33 5 20 6 34 8 35 11 26 13 39 17 36 19 21 20 47 25 41
7 15 1 50 2 21 4 28 6 47 9 11 10 27 11 45 12 41 14 19 15 30 18 43 21 41 23 42 24 21 25 34 9 5 39 6 26 8 39 9 26 11 47 12 10 16 49 23 39 25 47 7 2 18 3 31 9 17 12 47 16 47 18 47 19 14 14 4 10 8 42 9 31 12 48 13 13 14 27 15 14 16 47 17 31 18 33 19 38 20 23 22 36 24 46 10 1 43 2 31 3 18 4 11 7 28 13 38 16 39 17 20 18 20 25 46 10 6 45 10 25 11 48 12 47 13 44 15 31 20 37 22 28 23 15 25 47 4 5 34 7 26 8 20 19 35
7 11 1 28 4 43 5 10 8 46 9 31 13 26 14 31 17 17 20 31 21 36 23 31 14 1 39 3 37 5 41 8 27 9 32 10 46 11 49 12 47 16 11 17 20 18 39 21 13 24 18 25 28 13 2 30 5 31 8 14 10 22 11 27 12 30 13 15 14 42 16 10 17 41 19 36 22 15 23 41 10 1 18 2 19 5 37 11 36 14 26 17 47 18 41 20 49 21 42 22 36 14 1 30 2 32 5 44 10 16 11 33 13 30 14 36 16 11 19 12 20 40 21 47 22 10 24 37 25 35 12 2 24 4 26 6 47 12 15 13 36 15 44 17 30 19 22 20 44 21 44 22 19 23 42 3 4 26 6 17 17 37
5 11 7 39 8 20 12 25 13 30 14 23 15 16 17 41 18 19 21 14 22 50 24 25 4 1 15 2 25 3 48 15 15 3 3 19 8 26 9 43 14 2 36 3 45 4 37 5 49 6 10 7 13 9 31 11 32 12 31 14 33 15 22 17 50 21 40 25 50 12 1 43 7 42 8 19 10 15 11 37 13 43 14 10 17 44 19 16 20 28 22 34 25 30
53 100 55 103 89 95 139 46 43 36 41 89 90 157 73 64 88 140 116 73 54 129 59 63 100 55 71 128 84 89 93 67 43 119 100 52 94 97 73 80 124 156 74 111 92 88 112 129 65
3 1 1 3 2 1 1 3 2 2 2 3 1 1 3 2 1 3 3 2 2 2 1 2 1
# Instance ID: 80
# Size type: large
# Total operations: 269
# Actual flexibility: 0.365
# Generated: 2026-02-07 22:12:21
# Format: Extended Brandimarte format for MOFJSP