15 7
5 2 3 14 6 32 1 3 42 1 7 27 2 1 14 7 33 1 5 22
5 3 2 26 3 29 6 27 2 5 18 6 44 3 1 32 3 35 6 35 1 4 42 2 4 24 7 24
6 2 2 43 4 47 4 1 30 3 22 4 37 6 36 2 4 45 7 11 3 2 29 5 10 7 41 3 2 37 3 35 4 44 3 1 46 3 12 5 18
8 2 3 50 5 48 4 1 44 2 34 4 22 7 40 1 3 46 4 1 16 2 45 3 21 6 12 4 1 34 2 28 6 23 7 24 3 1 39 5 13 6 33 1 2 30 4 1 44 2 36 4 40 6 14
3 4 2 29 5 37 6 40 7 20 3 2 39 5 27 7 22 1 2 38
6 1 7 35 2 3 46 5 41 4 1 28 4 39 5 32 6 29 4 2 21 4 49 5 37 6 39 4 1 35 2 12 5 25 6 20 3 3 14 5 23 6 41
5 4 1 14 3 16 5 42 7 30 4 2 42 3 12 4 39 6 11 1 6 39 4 2 35 3 12 4 10 6 26 1 6 18
3 3 4 41 6 39 7 14 1 5 25 4 2 20 3 11 4 48 7 16
6 2 1 44 3 35 2 1 10 6 27 2 3 21 4 23 1 6 44 2 4 13 6 50 1 4 29
8 4 1 34 5 22 6 25 7 33 2 1 11 2 36 1 1 31 2 6 14 7 24 1 7 20 2 1 42 4 16 3 2 49 3 23 5 44 4 1 16 2 32 4 30 5 21
6 1 4 30 1 4 23 4 1 12 2 14 3 23 5 36 3 4 16 5 44 7 46 2 1 48 3 30 4 2 21 3 50 6 30 7 40
8 1 3 11 4 1 24 2 11 4 49 5 17 3 2 25 4 49 6 15 1 2 33 4 2 23 3 12 4 25 6 48 4 2 30 3 12 6 43 7 36 3 1 31 2 31 7 25 2 1 25 5 24
5 4 2 50 3 10 4 14 5 41 1 2 13 2 2 15 7 21 2 2 15 5 37 4 2 37 3 21 5 48 6 25
8 3 3 50 4 22 5 27 4 1 20 3 40 4 38 5 37 4 1 34 2 37 4 15 7 29 2 5 21 6 26 4 3 34 4 45 6 48 7 40 1 3 18 4 1 10 2 42 6 33 7 41 4 3 41 4 29 6 47 7 14
3 4 1 22 2 37 4 26 7 32 4 1 34 3 37 6 25 7 25 4 1 26 2 48 3 39 7 19
82 65 76 124 44 100 78 50 92 125 91 147 72 120 40
1 2 3 3 1 3 2
# Instance ID: 19
# Size type: small
# Total operations: 85
# Actual flexibility: 0.375
# Generated: 2026-02-07 22:12:21
# Format: Extended Brandimarte format for MOFJSP