14 5
8 1 5 37 1 1 16 2 2 36 5 45 3 3 28 4 29 5 25 1 1 35 3 1 13 4 33 5 10 2 1 50 3 48 2 1 11 2 23
7 1 3 15 2 1 35 3 40 2 1 44 3 34 1 3 34 2 2 12 4 26 2 3 24 4 27 3 1 16 2 15 3 32
5 3 2 13 3 34 4 43 2 4 46 5 25 2 1 35 3 12 3 1 38 2 21 5 20 1 2 18
6 1 4 15 3 2 19 3 48 4 26 2 1 34 5 45 2 3 27 5 43 2 1 17 4 36 1 2 46
8 3 1 46 4 16 5 28 3 2 34 3 41 4 46 3 1 27 4 35 5 19 3 1 35 4 31 5 25 1 4 27 2 1 29 3 29 2 1 24 4 18 2 3 27 4 36
5 3 1 23 2 36 4 41 3 1 20 3 14 5 29 3 1 43 4 46 5 11 1 2 22 1 2 12
5 2 1 22 3 27 2 4 50 5 17 3 1 41 2 48 4 38 1 4 47 3 1 26 3 15 5 28
3 1 4 13 1 5 23 1 2 23
5 2 1 10 4 40 1 2 48 1 2 26 3 2 34 3 32 5 39 2 2 29 4 43
7 3 1 42 4 33 5 45 3 2 16 3 40 5 14 2 3 27 5 26 3 1 43 2 25 3 13 3 3 18 4 11 5 41 2 3 35 4 34 3 1 24 2 44 4 50
8 2 3 20 5 45 1 3 16 2 2 45 3 21 3 1 32 3 24 4 29 2 3 26 5 47 2 1 40 4 13 3 1 22 2 42 5 17 3 2 13 3 19 4 18
5 1 3 36 3 2 21 4 15 5 41 2 2 50 3 13 1 4 27 1 2 46
3 1 4 15 1 5 37 3 2 40 4 34 5 10
7 1 5 22 3 1 43 2 22 3 11 3 1 32 2 29 5 18 1 4 42 3 1 12 2 29 3 28 2 3 37 5 18 2 3 22 4 20
116 137 62 80 120 89 81 57 63 117 135 79 36 136
3 3 2 1 3
# Instance ID: 7
# Size type: small
# Total operations: 82
# Actual flexibility: 0.410
# Generated: 2026-02-07 22:12:21
# Format: Extended Brandimarte format for MOFJSP