23 15
8 6 1 18 2 47 4 23 5 36 10 10 15 31 8 2 34 3 25 4 43 5 48 6 11 8 17 11 19 12 27 6 4 32 5 36 7 17 8 14 10 33 13 36 8 1 36 3 31 4 49 8 26 10 43 12 11 14 30 15 24 3 1 18 3 38 7 50 6 1 41 3 14 4 44 8 36 14 50 15 20 6 2 16 4 18 5 50 6 14 7 23 8 44 2 8 21 9 45
6 9 1 29 2 32 6 49 7 42 8 31 9 42 11 35 13 34 14 24 7 1 20 2 50 5 45 6 43 7 21 9 31 12 18 3 3 44 9 34 11 37 2 6 49 15 27 8 3 44 5 28 9 38 10 12 12 31 13 19 14 12 15 25 3 4 20 11 49 15 44
7 9 1 37 2 34 3 43 4 37 7 28 11 18 12 38 13 40 14 44 8 3 19 6 43 7 39 8 34 9 11 11 25 12 19 15 10 9 1 44 2 24 4 24 5 27 7 50 8 50 9 32 10 50 15 33 9 3 12 4 13 6 26 7 31 8 23 9 31 12 43 14 32 15 47 9 1 38 3 11 4 29 6 20 7 26 8 12 10 19 13 31 15 31 7 4 39 5 12 7 28 8 16 9 16 10 36 11 40 3 6 36 10 50 13 28
8 8 4 48 6 10 7 29 8 27 9 42 10 26 11 37 14 41 5 3 14 4 20 10 28 12 44 14 48 7 1 37 6 20 8 25 9 49 10 26 12 30 13 47 6 1 11 3 50 5 45 7 48 8 30 14 23 2 2 13 3 24 5 1 25 2 42 9 41 10 15 12 34 4 4 37 6 45 9 49 14 13 7 1 17 2 33 9 23 11 23 13 39 14 27 15 22
8 7 1 20 3 42 7 39 8 14 10 30 11 34 14 33 8 5 31 6 46 8 31 10 49 11 46 12 33 13 33 14 11 7 3 46 4 50 6 15 7 38 11 17 12 29 14 42 7 2 20 4 30 5 18 6 33 9 19 14 13 15 39 4 2 30 7 16 13 14 15 49 4 2 28 5 28 6 30 8 19 2 4 12 13 18 9 1 45 4 19 5 29 7 13 8 22 10 33 11 25 13 21 15 15
5 4 1 21 5 47 12 22 14 37 5 1 26 5 15 10 21 11 15 13 45 2 6 20 12 32 9 1 26 5 15 6 18 8 25 9 19 10 30 11 29 13 36 15 10 3 2 17 9 23 10 29
3 5 5 40 6 14 9 22 12 23 13 48 8 2 41 3 25 7 28 8 18 9 17 12 17 14 19 15 11 4 2 23 10 42 12 15 13 24
3 2 2 47 5 29 2 3 43 10 48 2 9 43 15 14
7 8 2 46 3 47 4 12 5 42 6 19 7 14 9 23 11 22 7 2 19 4 24 7 37 8 50 9 35 12 41 13 13 6 2 10 8 23 12 45 13 46 14 15 15 49 3 9 40 13 28 15 12 7 1 11 2 25 3 27 4 26 11 47 14 33 15 37 2 2 26 8 43 9 1 39 3 19 6 24 7 14 8 34 10 23 11 17 13 35 15 11
7 5 2 15 8 13 9 30 11 38 15 11 5 7 23 10 13 13 37 14 35 15 39 2 1 48 6 48 6 7 25 10 18 11 25 13 23 14 39 15 13 2 2 30 8 43 2 1 47 13 41 3 1 45 5 36 11 22
8 5 1 35 3 31 4 44 5 41 14 28 6 9 22 11 49 12 20 13 25 14 39 15 31 2 10 41 14 21 4 6 19 9 33 14 45 15 31 6 2 46 4 36 6 11 10 23 13 29 15 43 4 4 41 7 44 13 45 15 23 9 1 26 3 25 4 36 7 26 8 38 10 33 11 43 12 29 15 36 8 2 35 5 24 7 41 8 15 9 18 13 12 14 35 15 24
4 3 6 20 8 46 14 38 9 1 16 2 17 5 27 6 26 7 15 9 33 10 38 12 21 14 44 3 5 23 12 34 15 14 3 7 17 9 16 15 29
5 8 1 35 2 11 3 31 4 31 7 31 9 50 11 27 15 34 7 3 34 4 42 5 26 7 24 9 41 12 38 15 15 6 1 50 4 30 5 27 11 31 12 46 13 32 8 1 48 2 36 4 18 7 19 9 41 12 19 13 24 15 43 8 2 23 3 34 5 43 8 24 10 44 11 33 13 13 15 47
5 7 1 26 4 11 8 48 10 46 11 15 14 36 15 33 2 2 14 9 22 8 1 45 4 27 5 22 9 40 12 39 13 12 14 10 15 36 4 6 46 8 31 10 17 13 29 4 5 49 6 34 10 37 13 46
8 7 2 18 3 40 5 31 6 20 7 42 8 10 12 10 3 7 14 12 38 14 23 6 5 47 6 21 8 24 10 30 11 17 15 36 5 3 42 4 48 5 41 7 15 9 12 2 2 10 8 39 3 3 49 11 28 12 50 7 1 46 2 29 4 45 5 28 7 15 8 28 12 21 5 3 22 6 50 9 23 12 40 15 20
6 9 2 23 6 13 7 18 8 36 9 30 10 34 11 27 12 50 14 39 9 2 43 3 39 6 12 7 43 9 48 11 27 13 14 14 10 15 41 3 2 14 7 29 15 35 6 2 47 5 42 7 25 11 13 12 46 13 39 7 3 43 4 44 5 31 8 21 12 25 13 41 14 40 6 1 13 8 40 9 45 11 45 12 17 13 50
4 4 3 16 4 20 6 15 15 45 2 3 20 9 35 9 1 44 2 37 7 33 10 23 11 45 12 23 13 46 14 33 15 39 3 5 43 7 18 15 16
8 2 1 22 14 40 2 13 47 14 11 9 1 37 4 47 6 24 7 20 8 12 9 41 11 12 13 46 15 42 5 3 37 5 41 9 29 10 44 15 38 8 1 28 3 27 6 31 7 35 8 30 10 38 11 18 15 37 9 2 16 3 38 5 47 6 27 7 41 9 40 10 46 11 32 12 10 2 4 31 5 18 4 1 35 3 49 7 24 14 13
4 5 3 26 7 32 11 20 12 33 14 38 5 1 39 4 26 10 12 12 34 14 24 7 2 39 3 35 5 40 6 33 7 17 9 18 11 31 5 8 11 10 13 11 32 12 23 13 35
4 8 3 26 4 18 7 19 8 44 9 32 10 35 13 20 14 43 5 3 21 4 21 8 31 13 47 15 23 3 1 24 4 40 13 13 2 9 47 12 29
4 4 1 23 4 38 5 10 11 27 5 4 17 11 50 13 50 14 44 15 42 5 5 15 6 18 7 33 9 41 11 45 2 5 24 8 38
8 3 9 50 10 33 13 17 9 1 32 3 29 5 29 7 19 9 16 10 33 11 41 12 44 15 24 9 1 19 3 50 4 38 5 22 6 48 7 37 9 43 10 43 11 33 5 3 23 5 50 9 46 12 12 14 24 9 1 33 4 11 8 25 9 20 10 16 11 48 12 42 14 33 15 47 8 1 10 2 35 3 37 6 37 11 43 13 35 14 50 15 12 8 2 29 4 46 5 46 7 44 8 37 11 25 14 19 15 45 7 1 31 2 21 4 29 9 19 10 40 12 34 15 20
5 4 2 35 6 25 10 38 14 28 5 4 48 7 26 10 49 11 31 15 48 6 1 28 4 36 6 33 9 37 10 33 11 22 3 1 41 8 23 9 12 2 3 15 12 11
123 93 111 130 147 73 39 55 94 108 156 61 96 80 135 100 65 125 63 57 58 112 78
2 3 3 3 2 2 3 3 2 2 3 1 3 1 3
# Instance ID: 48
# Size type: medium
# Total operations: 135
# Actual flexibility: 0.361
# Generated: 2026-02-07 22:12:21
# Format: Extended Brandimarte format for MOFJSP