99 21
7 12 1 22 3 22 5 50 6 24 8 11 10 19 11 13 13 36 15 45 16 21 17 19 21 10 8 4 46 5 39 6 42 7 30 10 38 11 30 16 19 17 24 5 2 45 3 19 7 17 13 17 21 43 9 1 14 2 25 5 13 6 46 11 50 12 47 13 49 14 35 21 21 12 1 34 4 21 5 14 6 32 8 32 10 31 14 18 15 41 16 26 17 19 20 17 21 35 12 1 30 2 26 4 46 5 13 10 37 11 30 12 29 16 41 17 43 18 19 19 48 20 19 7 2 14 7 16 13 43 14 38 17 13 19 10 20 38
4 7 1 12 3 19 9 12 14 22 18 17 19 33 20 33 9 4 20 6 50 10 26 11 27 14 29 15 32 17 11 18 38 21 37 8 4 49 6 25 10 49 11 44 13 47 15 39 17 41 19 33 4 5 11 10 41 11 28 17 19
6 5 1 23 4 36 6 10 7 10 16 16 7 5 49 6 16 8 28 11 18 13 50 19 12 20 26 4 7 24 11 42 16 28 19 22 3 3 29 16 36 17 37 3 1 31 8 17 20 27 12 1 40 2 19 4 13 6 38 7 22 8 15 10 14 12 33 17 36 18 41 19 36 20 21
8 6 5 24 12 11 13 16 14 34 17 14 18 42 3 2 43 7 38 21 47 7 1 41 5 32 6 33 7 14 10 31 12 35 13 49 11 1 46 2 15 3 39 6 40 8 11 9 15 10 46 11 43 18 21 19 41 20 39 4 11 41 13 43 15 31 19 50 11 3 26 4 29 5 16 8 32 12 34 13 33 14 38 15 28 17 23 19 40 21 31 12 1 16 2 21 3 49 6 33 7 32 9 42 10 27 13 27 14 30 17 38 18 22 21 30 5 2 29 4 50 9 46 13 15 15 22
4 4 2 19 9 41 12 29 14 13 7 2 50 7 21 9 46 11 13 12 25 14 43 19 21 9 3 35 4 24 5 22 6 38 9 12 10 12 11 48 15 32 17 17 4 3 19 6 19 7 38 20 37
5 4 5 32 9 15 12 15 18 44 10 2 23 4 20 6 49 8 40 9 32 10 41 11 11 12 22 17 28 20 11 12 3 27 4 43 5 16 7 45 8 39 9 22 11 17 12 40 15 45 18 30 19 18 20 47 10 2 19 6 35 9 14 10 41 13 32 14 44 17 35 18 48 19 19 20 38 7 2 17 4 12 6 18 7 42 8 15 19 16 20 16
4 4 1 28 2 41 10 44 16 40 6 2 17 5 39 10 10 12 18 16 12 17 41 6 2 17 3 37 8 18 14 47 16 30 19 42 4 2 47 4 35 15 41 16 37
4 10 2 43 3 44 5 28 6 50 9 29 13 27 14 18 18 28 19 31 21 13 7 4 42 10 37 12 45 13 28 17 30 20 16 21 21 9 2 33 4 21 6 30 11 27 14 15 15 39 16 44 18 23 20 21 4 3 16 5 45 13 36 18 43
8 8 1 47 7 41 10 41 11 14 12 10 13 28 17 33 19 34 11 3 49 4 21 5 43 6 43 8 50 10 40 14 10 16 11 18 31 19 18 20 32 4 6 21 7 30 13 44 16 35 4 3 50 4 26 6 10 17 45 7 4 50 5 29 6 39 9 17 14 20 15 14 17 34 5 7 21 8 12 12 11 15 36 16 16 4 8 45 14 49 20 32 21 19 12 1 43 3 50 4 26 6 33 7 48 10 37 11 25 13 45 15 23 16 43 17 29 18 35
5 3 10 14 15 35 19 49 11 1 29 4 40 7 30 10 17 11 50 13 10 14 28 16 21 19 27 20 18 21 30 11 4 15 6 38 7 37 8 45 9 33 12 22 13 42 14 27 17 47 18 49 20 27 3 9 39 15 19 17 40 12 1 28 2 34 5 26 8 13 11 43 12 41 15 48 16 44 17 16 18 40 19 25 20 37
7 4 11 31 15 19 17 27 21 33 5 2 15 4 17 6 43 10 13 13 43 5 9 18 11 15 19 15 20 18 21 17 8 2 40 7 46 8 44 9 26 10 19 14 38 18 36 19 47 3 4 11 15 34 20 49 3 7 39 8 13 11 17 12 2 36 4 26 5 37 6 21 8 46 11 34 12 46 13 13 14 32 17 29 20 31 21 21
7 4 2 35 6 40 19 17 21 21 8 1 42 9 25 10 11 13 38 14 25 16 31 18 27 19 36 3 1 39 16 26 19 13 10 9 19 10 30 12 31 13 46 14 24 17 25 18 26 19 44 20 42 21 34 12 1 37 2 27 3 34 8 33 10 22 11 14 14 41 15 33 16 49 18 31 20 46 21 36 5 5 24 7 29 9 17 16 19 21 44 6 1 31 8 21 10 35 15 49 16 36 20 42
4 8 3 26 4 34 8 45 10 48 12 24 13 25 16 18 21 40 9 2 17 3 39 7 19 9 19 13 31 16 17 17 21 19 30 21 40 7 4 50 6 13 7 50 10 34 12 24 17 48 18 42 4 1 31 17 32 20 27 21 21
5 3 1 49 8 50 13 35 3 2 46 16 26 18 46 6 1 21 4 23 11 42 13 18 15 12 16 39 8 3 36 4 45 8 17 10 10 11 25 14 21 18 13 19 18 5 1 20 4 45 8 15 9 30 16 49
5 8 3 10 5 10 7 49 8 28 9 10 10 29 14 25 18 38 11 1 36 3 24 4 26 7 12 10 33 12 15 14 22 15 12 17 12 18 32 21 39 5 6 38 7 46 8 17 12 42 19 20 6 4 18 8 48 14 47 16 36 19 45 20 14 10 3 25 10 24 11 32 12 19 14 16 17 30 18 35 19 13 20 19 21 23
8 5 10 40 13 46 16 18 17 41 21 15 11 2 38 3 48 4 39 6 44 8 11 10 45 12 41 14 42 15 50 20 28 21 16 10 4 48 5 47 7 31 8 41 10 21 14 11 15 18 16 13 17 23 20 30 5 2 17 4 26 10 36 18 43 21 50 4 8 25 18 14 19 23 21 43 9 5 18 7 27 10 48 11 22 12 41 15 17 16 12 19 27 21 16 10 1 36 2 27 4 12 6 27 11 11 13 24 16 49 17 39 18 35 19 18 4 1 37 4 49 17 12 18 27
6 6 3 14 4 48 5 46 10 17 17 20 19 10 9 1 36 2 36 3 28 5 15 9 31 10 11 11 48 13 49 17 33 10 2 24 3 21 4 48 5 24 6 16 8 26 11 47 13 24 17 48 18 18 11 3 37 4 20 5 27 6 38 7 16 8 48 12 24 13 46 17 16 20 36 21 30 5 1 18 7 26 15 10 16 24 21 35 7 1 37 2 27 6 50 10 34 12 39 17 37 19 33
7 4 5 30 16 24 19 20 21 46 4 5 31 7 37 11 28 13 26 4 1 11 7 14 9 33 19 49 3 6 26 7 10 18 25 3 5 42 6 24 19 29 6 9 22 10 11 12 47 13 12 14 34 21 37 12 1 33 2 14 5 31 7 39 9 16 10 41 11 46 12 19 13 24 14 13 15 10 18 18
8 11 1 29 5 20 6 49 7 42 8 19 9 44 10 11 13 22 15 41 17 47 19 27 7 1 43 2 46 3 40 7 40 11 48 19 13 21 24 9 2 35 3 47 5 36 9 43 10 48 11 20 13 42 18 37 20 46 10 4 40 6 18 7 18 8 22 10 15 11 30 15 18 17 35 19 12 21 33 10 1 12 2 14 3 33 6 29 9 29 10 39 11 33 15 14 18 21 19 26 8 1 19 2 10 8 24 9 20 12 43 16 41 18 13 21 38 11 3 13 6 48 8 16 11 33 13 33 14 38 16 24 17 20 19 21 20 19 21 21 6 2 28 3 19 5 35 12 49 13 43 15 43
3 6 2 19 3 23 5 29 6 45 9 22 19 49 3 3 27 14 31 17 35 10 1 23 3 47 5 28 7 45 12 28 13 40 15 38 16 15 17 27 18 35
7 10 1 17 2 43 4 23 5 20 7 41 8 26 12 10 16 22 19 17 21 37 12 2 37 3 33 6 15 8 33 9 13 10 19 11 16 15 42 16 35 17 26 18 31 19 48 11 2 36 3 15 4 45 5 49 7 11 8 45 9 32 10 29 12 10 17 50 19 24 3 5 24 7 33 12 30 8 1 30 6 36 7 11 12 10 13 50 15 36 19 28 20 18 3 5 33 6 46 20 41 6 2 12 3 34 14 11 15 16 19 15 20 24
8 3 5 23 6 20 8 25 8 4 37 7 31 8 35 9 12 10 18 11 34 14 40 16 29 4 3 42 6 20 8 26 13 30 12 4 37 5 13 6 48 8 47 9 34 10 13 12 39 13 47 15 22 16 47 17 15 20 10 8 1 14 2 36 3 33 4 22 9 31 12 46 15 44 18 33 4 2 49 5 20 7 45 12 24 8 1 30 2 20 5 44 8 10 9 13 11 36 12 26 20 43 9 4 49 5 35 6 27 7 48 11 20 12 43 15 47 17 37 19 22
7 11 1 46 2 49 3 22 7 13 12 12 13 30 14 29 17 38 19 35 20 27 21 20 7 3 42 5 22 6 19 9 31 10 33 15 15 20 20 9 3 21 6 17 8 25 10 37 13 49 15 11 16 45 19 35 20 37 3 5 35 6 24 19 14 9 1 23 2 29 4 16 5 40 6 36 9 10 11 49 12 41 20 17 6 7 29 13 11 16 26 17 39 20 11 21 27 5 2 41 10 43 13 36 14 22 18 33
6 12 1 30 2 26 3 22 4 17 5 42 6 40 7 10 8 32 9 12 10 49 16 45 17 20 5 3 21 5 21 8 27 12 10 14 43 7 1 15 5 36 7 18 8 25 10 19 16 30 21 18 11 1 37 3 11 4 23 5 47 8 21 9 17 10 46 13 16 15 36 16 30 21 42 3 7 50 9 42 13 33 8 3 17 4 43 5 11 12 30 13 42 14 25 17 10 19 49
3 10 1 40 6 24 7 16 8 45 10 44 13 31 14 49 19 25 20 39 21 39 8 2 25 7 22 8 20 9 27 11 50 12 25 15 22 16 30 3 13 28 17 29 19 25
6 6 1 41 6 15 9 21 11 40 17 44 20 10 9 8 45 9 34 10 42 12 48 13 20 14 35 15 42 18 32 21 30 4 2 16 4 43 5 23 16 36 3 8 10 13 30 16 31 7 4 15 9 27 11 21 12 24 14 44 17 36 19 14 7 1 32 3 42 4 14 6 27 8 12 10 15 11 50
3 3 4 11 19 32 21 12 7 4 42 6 12 10 43 14 16 18 12 20 50 21 35 6 4 22 5 28 11 27 12 32 13 30 16 36
4 8 5 30 6 44 10 26 12 32 14 47 15 41 16 18 18 19 3 2 15 4 34 12 11 3 5 29 14 47 17 37 10 2 25 3 38 4 38 6 31 7 32 8 33 10 38 14 49 15 29 16 24
8 4 7 38 13 15 19 15 20 35 5 5 48 6 24 7 45 11 35 12 20 12 3 50 4 18 6 40 7 32 8 16 10 23 11 14 13 30 15 43 16 34 18 19 21 11 10 3 50 5 50 6 13 7 38 9 47 11 26 15 32 16 25 17 49 18 23 7 3 36 4 21 6 44 7 30 10 13 14 34 17 46 9 1 31 5 33 9 11 12 24 13 40 15 30 19 10 20 17 21 36 3 11 12 12 27 16 40 11 3 41 4 35 5 43 6 32 8 37 9 26 12 19 15 49 16 36 17 32 18 23
3 12 2 37 5 43 8 37 10 41 11 28 12 27 14 43 15 46 16 49 19 35 20 17 21 31 4 1 45 14 10 19 26 21 28 6 1 13 4 36 8 40 11 12 12 38 18 50
6 9 1 39 8 50 9 22 11 27 12 15 13 33 16 19 20 40 21 27 5 3 22 4 13 5 48 8 28 18 25 11 2 21 4 36 5 11 8 11 12 20 13 37 16 50 18 38 19 27 20 31 21 42 9 1 44 3 44 5 39 7 42 9 18 17 11 19 20 20 45 21 19 8 1 22 5 44 6 28 7 43 11 13 12 24 14 10 17 21 8 3 29 4 36 6 39 10 19 12 22 13 48 15 10 21 28
7 7 2 14 3 23 4 42 12 22 14 32 15 14 18 26 9 5 45 8 30 9 29 10 39 12 36 13 21 15 10 18 37 20 46 6 7 39 10 11 13 21 16 16 17 48 21 40 9 2 40 4 20 5 21 7 33 9 33 12 17 14 28 16 32 17 45 11 1 20 2 34 4 25 6 47 10 12 11 10 13 16 14 48 16 47 18 11 20 38 6 8 10 9 23 10 48 18 12 19 37 21 10 10 1 13 3 33 4 44 5 50 6 42 15 20 16 12 17 20 18 26 21 26
3 9 3 41 6 47 7 42 8 24 10 10 16 29 18 18 19 16 20 27 8 2 12 4 14 6 47 7 23 8 45 17 34 19 50 21 42 5 5 31 6 36 8 16 13 14 15 48
8 7 4 18 7 47 10 38 11 45 14 44 16 19 21 25 8 3 34 5 48 7 12 9 29 10 42 11 43 14 22 18 31 9 2 39 4 15 7 13 8 44 10 37 14 48 16 35 17 33 19 26 3 1 13 12 19 13 22 8 2 26 3 19 8 15 10 11 13 30 16 29 17 25 20 31 4 4 24 7 26 15 47 17 50 10 1 38 2 44 4 33 5 42 8 30 9 49 12 50 19 48 20 15 21 49 5 4 37 5 47 15 37 17 13 19 24
3 11 2 17 5 31 7 13 8 14 9 44 13 36 14 11 15 31 16 10 17 25 19 30 3 1 44 16 35 20 14 4 1 38 9 11 14 24 15 29
5 10 1 28 2 34 5 19 7 18 8 32 11 12 13 38 16 26 17 39 18 37 5 3 30 7 46 8 24 18 10 19 14 9 2 18 9 33 10 40 14 30 15 17 17 16 18 39 19 14 21 26 7 1 50 6 35 7 38 10 22 11 17 14 16 15 13 4 1 21 13 38 15 49 20 15
7 5 2 49 3 42 9 33 12 35 14 48 4 1 29 7 45 8 17 19 13 3 7 50 8 31 10 23 12 2 15 4 33 5 40 6 46 7 15 9 22 10 34 15 38 16 43 17 48 18 31 21 25 10 2 18 5 26 7 43 8 14 9 41 10 50 11 21 13 49 18 41 20 16 6 3 13 6 44 11 28 17 23 19 27 21 21 4 4 21 6 44 18 43 21 20
8 12 2 21 4 15 5 19 6 30 9 47 10 32 11 28 12 22 14 19 15 27 17 28 21 23 12 1 47 2 45 4 48 6 27 9 13 12 44 14 15 15 35 17 50 18 39 20 20 21 25 6 2 39 4 23 8 42 12 33 13 14 19 30 6 7 14 10 32 12 28 14 10 16 49 21 29 9 4 45 8 12 9 17 11 43 12 41 13 16 14 30 15 15 21 24 3 1 28 7 12 13 47 9 4 34 5 17 6 44 11 17 13 33 17 38 19 47 20 39 21 38 9 1 11 5 50 7 29 8 39 10 33 11 32 15 20 17 22 21 10
8 6 1 20 4 46 6 10 7 13 8 16 11 17 5 4 50 8 32 9 42 20 19 21 18 4 3 16 6 12 12 45 20 44 3 18 31 19 13 20 34 9 1 11 4 45 5 16 8 29 11 32 12 18 13 45 20 35 21 10 9 3 11 5 40 8 26 10 48 12 31 16 21 18 18 19 28 20 48 12 1 35 2 46 7 28 8 15 9 36 10 30 12 45 13 39 15 11 16 14 18 32 20 18 12 2 50 7 31 8 24 9 11 10 27 11 29 12 30 14 34 17 39 18 32 20 47 21 42
4 4 5 50 8 29 13 23 18 22 8 1 26 3 42 4 16 5 34 8 19 12 36 15 49 18 43 8 1 46 6 46 11 46 12 22 14 19 18 14 20 46 21 39 7 5 36 6 48 7 12 12 20 13 43 17 38 21 50
6 9 3 17 8 11 9 18 10 12 13 44 14 41 15 29 20 12 21 21 11 1 49 2 11 4 44 8 30 11 39 12 45 14 45 16 20 17 30 19 43 21 27 5 1 18 6 13 12 39 13 41 17 28 11 2 50 6 34 8 47 9 13 12 48 13 38 14 19 16 38 17 25 18 21 20 42 8 9 10 12 43 14 33 15 20 16 21 17 43 20 36 21 15 12 1 49 3 48 5 37 6 40 7 19 8 43 9 21 14 29 15 16 17 49 19 39 20 42
4 9 2 20 6 30 9 46 10 43 11 35 16 38 17 19 19 28 21 17 12 3 39 4 21 7 44 8 46 10 18 12 33 14 41 16 37 17 32 18 31 20 31 21 14 7 3 22 5 13 8 48 12 48 14 32 17 24 19 20 4 4 33 8 25 18 12 19 30
8 11 1 41 7 16 8 48 9 16 11 41 12 28 13 21 14 33 17 15 18 42 19 37 12 3 29 4 12 6 49 8 39 11 32 13 43 14 34 15 16 16 25 18 46 19 24 20 27 10 2 32 5 50 9 13 10 10 12 37 14 12 17 22 18 10 19 41 21 48 11 2 44 6 42 7 40 8 48 9 22 10 28 12 11 13 50 14 26 19 45 20 35 12 1 22 3 13 4 15 7 27 8 14 9 17 14 42 15 19 16 34 18 50 19 13 21 37 3 6 15 13 40 17 49 10 1 20 5 10 8 32 9 12 11 13 13 44 14 12 15 10 16 12 19 14 11 1 10 2 34 5 44 6 45 10 40 12 10 13 48 14 12 18 47 19 13 21 29
7 5 5 27 8 32 14 35 19 29 21 31 3 2 40 9 47 21 28 5 1 20 5 14 12 24 19 49 21 30 5 1 31 8 46 9 23 14 19 16 33 9 2 40 4 29 6 29 7 15 8 50 13 36 16 37 17 19 21 17 7 8 15 9 37 10 50 11 46 17 24 19 36 20 16 10 3 17 5 33 6 31 11 11 13 15 15 50 17 28 18 31 20 39 21 10
3 3 1 41 4 22 10 24 10 2 43 3 43 4 23 6 49 11 31 12 31 14 38 16 12 18 15 19 36 3 3 49 4 49 14 33
3 12 1 29 4 19 5 11 6 34 8 32 10 49 11 47 12 47 14 30 18 27 20 27 21 10 11 1 47 2 37 5 22 6 10 11 42 14 25 16 48 17 40 18 40 19 18 20 31 4 7 45 8 50 17 47 18 31
7 6 2 24 3 48 6 44 10 36 13 28 19 47 6 1 31 9 30 10 28 12 33 15 22 16 44 11 1 30 4 41 5 29 6 23 8 43 9 19 10 37 13 41 17 43 18 19 19 45 5 12 34 15 43 17 12 19 39 21 46 11 2 49 3 24 4 23 5 50 7 42 8 34 10 23 12 26 13 32 18 42 21 41 5 5 43 8 31 13 42 20 28 21 47 11 3 36 4 44 8 43 9 11 12 33 15 13 16 39 17 29 18 30 19 16 20 17
8 8 2 11 3 12 6 11 10 22 12 10 15 13 17 25 19 31 5 4 43 6 35 11 24 15 18 16 27 12 1 19 8 48 10 42 11 29 12 33 13 32 14 44 15 21 16 42 17 14 18 28 19 35 4 1 15 6 45 15 46 16 17 6 4 18 5 44 16 25 17 35 18 10 19 37 12 4 15 5 38 8 22 9 22 10 18 13 18 14 11 16 36 17 21 18 27 19 45 21 11 10 3 42 4 41 6 26 7 25 10 28 11 18 12 13 15 31 18 11 19 20 7 1 28 2 32 7 13 12 22 18 38 19 24 21 33
3 3 6 46 13 21 20 31 5 3 33 12 26 14 15 16 43 20 44 5 2 19 6 14 15 23 17 37 18 15
3 6 5 23 6 47 7 42 19 38 20 27 21 28 8 1 38 4 44 5 36 6 37 14 10 15 38 17 35 18 28 7 1 16 2 24 5 33 8 46 15 49 16 19 21 25
3 6 3 15 4 42 6 37 11 10 17 32 18 27 5 3 18 4 32 6 38 7 27 13 42 12 1 30 6 14 8 46 9 27 10 24 12 26 13 18 14 31 16 27 18 42 19 19 20 50
6 8 1 46 3 26 5 38 12 33 13 10 18 28 19 37 20 33 6 5 42 6 45 9 11 10 24 11 19 17 36 3 6 28 16 45 19 11 8 4 32 7 20 14 12 15 16 17 43 18 45 20 48 21 39 9 1 37 2 37 3 32 7 25 9 33 14 45 15 14 20 45 21 47 11 3 20 4 50 5 25 6 45 7 32 9 32 12 17 14 32 15 16 20 11 21 47
6 6 2 42 8 44 9 10 13 26 14 44 15 10 11 1 15 2 33 3 37 5 36 6 25 7 50 9 17 12 14 14 11 16 42 19 27 11 1 28 2 41 3 35 4 34 5 47 7 35 8 27 11 45 12 26 15 37 19 15 8 1 38 3 16 4 39 10 22 11 10 17 27 20 22 21 16 4 7 10 11 46 15 22 17 14 3 4 24 14 31 16 32
5 12 2 13 3 15 4 34 5 21 7 30 12 46 14 31 15 22 16 26 18 33 20 27 21 39 12 1 16 3 35 5 44 6 48 7 45 8 22 10 41 13 30 16 11 17 16 18 29 21 45 4 1 25 2 35 6 27 16 35 8 2 21 3 22 5 41 8 32 12 29 13 22 14 30 16 29 10 1 41 2 28 4 44 6 34 7 46 11 49 14 23 16 31 17 42 18 43
4 6 4 35 9 35 15 30 16 46 18 15 19 28 7 1 19 2 26 6 50 7 42 8 46 9 17 12 26 5 5 46 9 16 11 33 16 48 17 34 8 5 21 7 11 8 26 10 17 11 37 12 42 16 47 18 22
7 12 1 10 4 34 5 11 6 35 9 41 10 10 11 43 14 41 15 35 17 18 19 27 21 11 11 1 24 2 43 3 30 4 19 5 45 7 48 8 21 10 30 11 41 18 11 19 19 9 2 33 3 38 6 41 8 24 12 17 14 40 16 31 18 25 20 35 6 2 35 8 17 13 43 15 27 18 25 20 49 9 2 47 6 31 7 38 10 16 16 40 17 45 18 23 20 10 21 13 6 1 30 3 45 9 48 10 35 12 45 13 47 10 5 23 9 22 10 16 11 44 12 25 15 49 16 11 17 18 18 15 20 30
7 10 1 21 2 19 5 42 7 40 8 47 12 28 14 40 15 24 17 15 18 14 3 5 13 17 28 19 43 4 3 25 4 37 7 21 14 45 11 2 20 4 37 6 25 7 10 8 20 10 36 12 36 14 49 16 43 19 12 21 23 5 7 34 14 21 15 46 18 11 21 46 4 3 20 7 44 10 23 15 47 4 12 23 13 31 15 12 16 44
7 5 1 11 5 16 8 47 9 18 16 26 12 1 32 2 36 4 39 5 19 6 11 9 40 11 14 12 47 15 11 17 16 18 27 19 40 6 2 43 5 46 6 33 9 44 15 10 18 49 3 3 39 4 28 12 44 12 1 25 4 50 5 44 7 48 8 27 9 14 14 33 16 20 17 25 18 32 19 47 20 43 5 2 35 3 35 5 33 20 16 21 33 4 9 20 15 25 16 28 21 23
5 9 6 10 7 23 10 25 11 32 13 11 14 27 15 34 17 42 19 13 4 5 32 11 12 13 49 15 35 3 2 33 8 42 15 31 9 2 48 5 26 6 50 7 31 8 41 10 34 14 25 15 26 20 23 6 3 36 6 24 8 12 16 37 19 17 20 48
6 6 2 44 4 13 13 15 15 45 16 39 21 14 9 1 34 3 41 6 20 7 26 9 18 13 38 14 27 19 18 20 12 10 2 38 4 31 6 35 10 29 11 45 15 36 16 38 17 17 18 26 21 24 9 3 10 6 42 8 42 9 50 10 40 13 10 18 13 19 19 20 33 4 6 17 17 35 18 12 20 20 8 1 21 3 12 4 14 8 24 9 46 10 18 17 14 21 36
8 3 5 19 19 43 21 49 6 1 25 6 19 8 46 14 22 15 24 16 13 3 5 44 6 30 7 20 4 1 34 2 18 5 18 9 27 4 10 12 13 11 16 35 17 27 12 1 21 3 39 6 35 9 47 10 48 11 47 14 11 15 27 16 30 17 12 20 45 21 21 3 6 49 14 18 21 39 11 4 28 6 30 7 24 8 38 9 27 10 13 11 14 12 21 16 34 20 44 21 27
8 12 1 24 2 17 3 19 6 26 7 43 10 25 11 44 12 21 14 38 16 48 17 13 18 34 8 2 23 5 18 8 24 9 37 10 34 11 14 15 36 20 21 8 2 22 3 50 4 26 6 49 8 29 11 31 15 19 18 10 7 2 36 3 41 5 22 9 43 12 42 20 49 21 10 10 4 49 8 31 11 28 13 12 14 11 16 20 17 18 18 10 20 20 21 37 10 1 41 4 11 6 20 8 40 12 22 14 50 16 11 18 24 20 43 21 21 3 1 23 2 47 21 10 4 2 13 4 46 18 21 20 45
5 5 1 40 4 42 7 16 17 31 18 17 7 4 13 5 15 6 35 12 21 14 28 15 18 17 48 8 2 47 8 15 10 30 12 29 16 20 17 21 19 13 21 33 11 3 29 5 26 6 49 7 35 8 23 9 21 12 26 14 19 16 28 17 35 18 35 3 6 48 10 26 16 42
8 7 1 28 4 24 5 16 6 12 12 14 18 37 19 13 12 1 49 2 23 3 32 4 12 5 42 9 10 12 33 14 27 15 21 17 23 20 24 21 32 10 3 44 4 50 5 42 8 17 10 33 12 15 14 27 15 38 18 25 20 46 12 1 34 3 45 4 29 6 16 8 43 9 16 11 37 12 18 13 45 15 21 19 34 20 17 6 4 46 5 15 8 39 9 50 10 22 13 46 8 5 11 8 31 9 30 10 27 12 50 15 34 18 25 19 18 4 1 10 6 35 15 18 18 37 11 1 41 2 41 4 48 7 42 8 47 10 43 11 46 14 34 17 20 18 43 21 36
7 10 3 30 7 45 8 42 10 13 11 29 13 46 14 35 15 20 17 32 20 20 8 1 31 4 23 8 14 10 22 11 14 17 23 18 32 21 18 4 10 31 11 14 16 38 17 27 6 3 47 5 38 6 25 14 16 20 29 21 33 10 6 35 7 10 9 17 10 46 11 26 12 35 14 16 15 17 16 37 21 10 11 1 17 4 31 5 12 6 43 7 33 9 30 10 17 11 15 16 13 17 50 19 44 3 1 17 7 32 13 28
4 10 2 23 3 17 4 15 8 47 11 29 15 50 16 18 18 39 19 14 20 12 3 7 37 13 10 14 37 6 3 47 5 27 12 31 16 37 17 13 18 35 12 1 48 3 11 4 16 5 34 6 50 8 16 11 31 13 22 16 50 19 35 20 26 21 27
3 6 1 25 3 10 6 11 8 29 13 32 17 20 3 6 30 7 10 17 49 9 2 35 3 22 5 42 8 36 10 41 17 36 18 44 20 26 21 26
6 7 2 19 3 19 4 50 5 17 7 41 16 44 21 47 7 1 23 5 46 7 11 14 20 16 49 19 17 21 31 7 5 47 8 45 10 16 12 17 13 19 17 17 21 12 8 1 19 3 22 5 35 6 10 9 19 11 30 16 36 19 41 6 4 25 6 21 15 13 19 48 20 30 21 31 7 1 42 7 50 8 44 9 36 12 46 13 16 20 27
6 11 1 22 2 11 7 11 10 50 11 48 12 12 13 25 14 42 17 40 18 30 20 31 9 3 22 4 27 6 27 8 25 9 11 13 26 15 40 17 15 19 29 5 1 22 3 48 5 32 12 28 16 16 7 3 43 4 26 14 19 16 30 17 36 19 15 20 48 9 2 39 4 40 5 19 6 40 8 35 13 48 14 10 19 32 21 33 8 1 23 2 27 7 29 10 36 17 48 19 27 20 23 21 13
5 10 2 14 6 19 7 39 9 42 10 42 11 43 13 49 16 10 17 14 20 21 5 3 48 12 13 13 36 19 20 20 48 7 1 22 5 12 6 37 10 31 12 41 14 16 19 19 11 1 22 2 37 7 13 9 29 10 46 11 28 12 41 13 26 16 18 19 17 21 27 5 6 16 9 45 11 47 15 45 18 11
6 7 3 32 6 45 11 29 13 40 14 50 15 11 18 40 5 2 32 4 24 12 12 14 26 16 27 6 2 25 3 49 10 33 13 49 15 13 20 40 3 2 28 15 13 20 39 6 4 11 7 47 8 10 11 47 16 22 19 23 4 8 47 14 43 17 30 21 46
7 4 8 34 9 34 13 24 20 47 4 2 47 18 17 19 42 20 10 10 2 41 4 23 5 27 6 43 8 35 10 12 11 38 12 15 17 39 19 41 8 1 37 9 45 10 11 11 28 12 41 13 41 16 46 20 13 3 3 44 7 33 18 46 10 1 30 2 47 3 28 6 34 8 34 15 47 17 34 18 16 19 26 20 40 12 2 33 4 18 5 47 7 32 9 27 10 50 11 13 13 50 15 11 17 32 18 28 19 31
8 6 1 15 4 36 5 36 8 32 10 17 20 45 12 1 47 3 44 5 15 7 37 9 42 11 41 12 45 13 50 14 23 18 23 19 21 20 34 5 1 42 4 49 8 27 11 40 20 18 12 2 23 3 11 4 44 6 15 7 50 9 39 10 19 11 35 12 11 18 40 20 37 21 15 5 2 14 5 31 9 35 10 44 21 18 3 5 48 16 46 21 49 12 2 38 3 26 4 13 6 42 7 36 9 33 10 36 14 12 15 11 17 20 19 21 21 47 8 1 23 6 27 7 17 8 40 10 34 12 13 16 40 21 48
7 11 1 47 3 43 4 29 6 34 8 25 10 28 13 41 14 38 15 39 16 26 21 16 8 7 17 10 49 12 12 14 15 15 21 17 45 19 11 21 21 12 1 31 2 33 3 48 5 39 7 20 8 13 9 32 10 34 15 30 16 18 17 20 18 39 4 5 11 14 39 18 33 20 12 3 13 10 15 42 19 25 6 1 25 14 22 15 43 17 18 20 42 21 40 11 3 16 5 32 6 16 7 22 9 37 12 48 13 48 15 20 19 42 20 41 21 16
5 3 1 47 6 40 7 38 3 3 23 8 28 9 32 8 3 49 7 49 8 38 9 17 14 12 17 33 18 39 21 30 7 1 45 3 15 4 36 10 37 18 10 19 44 20 46 11 2 45 4 28 5 12 8 16 15 15 16 31 17 50 18 28 19 11 20 22 21 22
7 8 1 30 2 23 6 11 14 49 15 37 18 18 19 41 20 38 4 14 36 17 44 18 22 19 13 4 6 35 14 13 15 49 16 26 12 5 36 6 45 7 20 8 35 10 13 11 35 12 48 13 19 15 45 16 11 19 29 20 17 10 1 11 2 23 4 38 6 34 7 35 12 12 15 12 18 21 19 43 20 30 8 1 43 2 49 3 41 7 22 9 14 15 39 18 25 20 37 10 1 39 2 32 3 16 4 25 5 11 6 16 8 20 10 10 15 41 21 24
8 3 3 22 13 28 18 42 4 1 18 3 39 11 20 20 31 10 2 20 3 41 4 22 6 32 7 45 10 32 11 44 13 19 14 28 15 22 7 1 34 5 20 8 23 11 34 17 20 20 25 21 46 4 4 10 8 19 11 29 14 44 8 6 50 11 13 12 43 13 44 15 12 17 35 18 23 21 32 10 2 25 5 39 6 21 13 44 16 21 17 49 18 16 19 21 20 38 21 15 9 1 43 2 26 4 14 7 14 8 37 10 12 11 20 13 50 18 13
4 4 4 32 5 44 6 29 20 41 5 8 28 10 42 15 46 17 24 20 36 12 1 45 2 15 4 23 5 40 6 27 8 21 10 16 11 29 16 15 17 30 18 40 21 11 12 1 47 2 46 4 20 5 35 6 17 7 17 9 11 10 29 12 28 13 41 16 36 20 16
5 7 1 15 7 24 9 36 10 42 12 16 17 48 19 29 8 6 42 8 48 9 39 11 18 12 47 15 30 17 33 21 10 8 1 15 3 30 4 29 5 10 8 49 9 46 12 20 19 21 12 3 32 4 27 5 33 6 48 7 47 9 30 10 39 12 21 13 37 14 23 15 29 17 43 8 1 39 2 20 5 48 8 34 10 39 11 44 12 20 20 44
4 9 1 12 3 36 5 18 10 13 11 46 13 50 17 29 18 24 19 28 4 1 16 5 22 8 13 21 17 4 5 25 8 48 13 44 21 45 9 7 22 8 27 9 42 10 17 14 32 17 25 18 46 19 15 21 21
3 5 1 35 3 12 7 30 9 36 20 46 3 8 29 9 26 14 26 9 1 10 3 49 5 49 7 50 8 12 9 33 10 23 17 50 20 12
4 6 3 16 4 12 6 26 11 11 14 29 15 27 9 1 14 5 29 8 26 9 50 13 49 16 41 17 46 18 12 21 31 10 2 16 4 42 5 48 7 20 8 38 11 32 17 12 18 10 19 36 21 46 5 1 30 4 11 7 36 11 40 18 28
3 11 1 47 2 25 4 40 7 32 11 42 13 16 15 23 18 10 19 16 20 18 21 15 10 1 14 2 23 8 26 9 17 10 13 11 21 15 48 18 11 19 37 20 17 9 1 41 2 11 4 39 7 35 11 47 14 34 17 40 18 10 19 21
3 8 4 25 5 20 8 35 15 44 16 30 17 41 19 44 20 14 3 5 47 12 28 17 14 9 3 30 6 36 8 39 11 34 12 41 14 44 17 38 18 49 21 10
4 8 2 23 3 28 4 11 6 50 10 30 13 19 14 29 19 18 9 7 46 9 10 10 13 14 39 15 45 18 21 19 42 20 17 21 35 3 4 41 8 47 9 37 7 2 25 7 29 9 16 10 10 16 25 19 14 21 16
5 4 12 13 16 14 19 44 21 24 3 10 49 16 11 17 42 5 1 24 9 19 10 11 12 17 13 22 3 5 46 7 50 21 25 8 2 22 3 45 4 26 8 26 9 41 12 20 14 50 15 39
8 11 2 28 3 46 4 34 5 13 6 34 11 37 13 13 14 38 16 37 18 36 19 27 10 3 26 4 43 5 30 7 28 9 47 10 39 11 31 13 16 14 31 19 41 12 1 35 2 13 3 37 4 24 7 13 8 14 10 38 11 48 16 43 17 50 18 19 21 15 3 6 41 11 45 20 25 6 6 30 8 17 9 14 11 37 13 14 18 13 9 3 20 4 36 5 19 7 49 11 22 12 34 13 31 15 42 20 45 6 2 12 5 29 9 44 11 44 13 19 20 30 5 3 42 7 33 13 15 15 32 17 42
7 9 2 43 9 18 10 48 15 49 16 15 17 50 19 39 20 44 21 10 10 1 50 4 37 9 16 12 43 13 38 14 13 15 11 16 15 17 23 18 36 8 1 38 3 35 4 48 5 16 6 25 14 35 19 29 21 38 5 11 44 12 27 13 21 18 16 19 20 5 7 30 11 26 17 16 20 26 21 25 3 4 21 9 35 19 39 6 4 25 5 15 7 12 11 26 12 24 13 11
7 11 1 12 2 28 3 38 6 33 8 28 10 40 11 37 13 48 17 15 20 39 21 16 6 3 36 9 47 11 16 12 40 17 19 19 42 7 3 20 4 29 5 15 8 48 15 44 16 41 19 44 6 2 32 7 49 8 38 12 35 14 14 21 25 8 1 38 5 49 11 37 14 16 15 41 17 39 19 11 20 12 4 2 32 6 31 18 14 20 38 5 8 24 9 17 18 15 19 46 21 42
8 12 2 26 3 11 6 34 7 11 8 50 10 31 11 35 12 29 13 23 14 18 15 48 18 10 3 11 10 17 46 18 14 8 1 36 4 20 6 19 11 48 12 44 14 21 16 20 21 31 3 8 35 12 30 17 22 4 5 27 7 43 11 26 18 19 3 3 43 9 27 19 28 7 2 41 6 50 9 47 10 39 14 21 17 38 20 22 4 3 16 6 42 8 12 20 42
3 5 2 27 8 23 15 43 18 31 19 39 5 2 37 3 31 5 17 8 30 20 33 9 1 18 2 38 7 39 8 45 13 41 15 36 19 50 20 31 21 48
3 10 1 32 5 11 8 18 10 15 11 16 12 48 13 18 14 31 17 10 21 33 11 1 27 3 32 6 33 7 19 8 34 11 39 13 26 16 37 17 46 19 25 20 28 7 5 20 6 14 7 22 14 10 15 21 20 41 21 23
5 5 1 10 5 11 10 10 18 27 19 32 6 6 41 9 48 10 18 13 42 17 14 21 41 5 6 26 7 39 8 38 9 20 16 11 7 8 19 9 50 10 45 13 19 15 31 16 33 18 46 12 6 45 7 41 10 37 12 50 14 46 15 26 16 16 17 25 18 11 19 10 20 42 21 38
6 4 2 31 5 48 8 17 14 35 12 4 30 5 35 6 34 7 31 9 35 10 36 11 10 13 21 14 11 17 41 19 37 21 19 7 2 19 3 39 4 24 8 28 11 43 14 31 17 40 12 3 50 5 30 6 24 7 38 10 12 11 33 16 40 17 32 18 27 19 49 20 28 21 15 8 1 21 4 19 9 20 10 48 11 31 15 14 16 44 17 33 11 1 43 3 48 6 17 7 29 12 48 13 13 15 43 17 38 18 37 19 48 20 46
4 4 9 11 12 13 15 29 18 42 9 1 42 2 19 5 20 8 26 12 46 13 10 14 48 17 25 19 29 5 9 39 10 30 15 20 16 20 17 42 4 3 35 11 21 12 50 20 29
3 12 1 13 2 28 4 18 5 36 7 24 8 41 11 33 15 49 16 48 18 50 19 40 20 21 12 1 40 6 33 7 48 8 46 10 40 11 33 12 22 13 49 17 20 18 46 19 15 21 44 11 2 21 4 47 5 15 6 44 7 47 9 22 12 33 14 43 16 13 19 33 21 44
7 6 1 30 2 26 5 18 13 35 15 11 18 19 7 3 42 4 28 5 49 8 34 9 19 13 38 16 26 6 2 38 10 11 12 14 14 25 18 29 20 18 5 1 29 8 11 9 33 11 41 20 17 3 2 42 5 12 14 19 3 2 26 4 15 21 19 8 1 20 2 30 3 12 10 49 13 20 14 11 17 17 21 16
5 12 2 12 3 18 6 34 8 17 9 18 11 33 13 46 14 18 16 38 17 47 18 41 19 35 3 2 38 6 17 9 44 6 1 47 2 32 4 19 9 31 17 26 21 12 3 4 45 7 42 12 49 6 9 38 10 42 11 47 13 39 16 49 17 19
4 9 3 34 5 34 11 35 12 50 13 23 14 21 19 37 20 37 21 24 4 5 42 15 39 17 34 18 44 5 10 30 12 15 17 35 19 37 21 21 9 3 11 5 32 6 27 8 17 10 36 11 44 15 22 17 22 20 17
128 60 117 118 69 94 50 73 124 84 112 108 58 93 71 136 73 132 121 39 129 154 88 93 47 101 47 57 130 50 118 136 40 132 55 76 84 115 113 48 118 72 97 108 53 47 105 116 47 49 54 113 98 98 71 92 131 117 94 78 148 128 83 124 84 61 39 85 84 73 90 136 101 111 69 85 130 57 78 58 38 70 55 39 78 78 114 115 136 141 38 49 87 90 56 50 135 60 52
3 1 3 3 2 2 3 1 1 2 3 1 1 1 3 3 1 3 1 1 3
# Instance ID: 71
# Size type: large
# Total operations: 550
# Actual flexibility: 0.344
# Generated: 2026-02-07 22:12:21
# Format: Extended Brandimarte format for MOFJSP