53 27
7 14 2 25 4 49 7 40 8 41 9 38 10 13 13 29 15 21 19 32 20 17 21 46 24 47 26 31 27 21 13 1 17 2 29 8 30 10 16 12 43 14 41 16 23 19 35 20 33 21 16 22 33 23 42 24 32 16 1 23 3 22 4 42 5 25 6 21 7 42 8 13 10 21 11 45 16 50 19 39 20 23 21 30 25 24 26 48 27 26 5 4 14 8 39 15 44 25 29 27 33 12 6 16 7 17 9 36 11 27 13 38 16 44 17 47 18 35 21 14 25 13 26 31 27 22 15 1 29 2 25 6 24 7 16 8 33 10 46 14 46 16 49 18 45 19 42 20 40 21 10 24 27 25 35 26 18 12 2 36 3 10 4 36 7 27 8 15 11 34 13 34 17 42 20 15 21 25 24 31 25 41
6 14 3 12 4 42 6 44 7 39 8 29 12 33 14 25 15 32 17 15 19 43 23 38 24 45 25 37 26 23 12 2 30 5 32 7 42 10 45 11 49 12 12 13 31 15 23 18 22 19 20 23 30 24 31 11 2 29 10 21 12 21 13 12 15 20 16 29 18 27 20 31 22 43 24 49 25 13 6 2 27 5 11 8 19 16 26 23 17 27 42 11 5 41 11 17 13 26 14 46 16 15 17 37 18 47 19 35 24 45 26 10 27 15 9 1 50 3 16 4 44 11 27 18 19 19 33 21 50 24 21 27 37
4 8 1 18 3 14 11 49 16 16 17 50 19 40 20 33 26 47 9 2 50 4 48 5 16 10 38 11 40 13 36 16 36 20 29 27 12 4 1 20 5 19 7 31 15 44 15 2 43 4 32 5 33 6 13 8 50 11 29 12 43 15 35 16 45 17 13 18 28 21 49 23 44 24 39 26 31
7 4 5 16 10 34 20 47 26 21 5 13 38 15 41 16 15 20 40 27 31 13 1 33 2 15 4 40 5 12 8 24 9 13 10 22 13 34 15 42 16 41 18 24 22 25 26 48 5 4 23 9 12 11 17 18 24 25 14 7 5 27 6 47 9 48 10 23 16 30 18 19 25 29 15 1 43 4 42 5 13 8 17 9 49 10 21 14 39 17 37 19 24 21 38 23 50 24 42 25 35 26 21 27 45 16 1 46 3 47 5 50 6 47 9 15 10 26 11 22 16 10 18 13 19 27 20 11 21 36 22 22 23 43 25 44 26 36
8 15 3 17 6 26 7 11 10 22 11 30 13 27 15 26 16 11 17 35 19 11 20 11 21 31 23 23 25 21 26 32 12 1 36 3 49 6 43 10 23 13 33 16 39 18 38 19 25 20 47 25 38 26 45 27 23 14 1 16 2 16 3 13 6 20 7 30 8 19 9 48 10 34 12 31 15 38 16 24 17 45 20 38 21 24 14 1 27 2 34 3 35 5 34 7 19 8 38 9 16 10 23 12 14 13 18 15 28 18 13 20 16 22 24 15 2 21 4 25 6 25 8 32 12 33 13 26 15 49 18 49 19 21 21 12 22 42 23 34 24 39 25 30 27 12 5 7 29 8 29 20 23 21 37 25 33 15 2 18 4 23 5 40 6 13 7 27 8 42 11 31 12 33 14 16 15 22 16 16 19 24 20 43 24 26 25 24 15 3 30 7 11 8 20 9 50 11 48 12 39 13 32 14 49 15 49 16 44 17 48 18 10 20 13 22 14 25 17
5 5 1 33 4 20 11 44 18 31 19 45 13 1 41 2 47 3 45 4 12 5 45 8 41 15 29 16 31 18 36 19 25 20 27 24 40 25 50 14 2 45 4 34 6 50 7 16 8 37 14 13 15 19 18 19 19 19 20 38 21 27 24 19 26 15 27 40 12 1 32 2 30 3 15 6 19 8 15 12 23 15 44 22 23 23 13 24 42 26 25 27 24 13 1 16 2 40 5 27 6 20 7 33 9 49 10 16 13 28 14 26 20 40 23 25 24 45 27 22
3 16 1 50 2 29 3 10 5 45 6 50 7 28 8 41 12 38 13 16 14 11 15 12 16 19 17 38 18 31 20 41 21 45 13 2 29 3 44 4 22 9 42 14 46 16 37 18 34 20 31 22 22 24 35 25 40 26 35 27 23 4 6 38 15 18 18 39 23 32
3 11 3 25 4 45 6 34 7 13 8 38 18 46 20 20 21 41 22 28 25 35 26 18 6 5 25 6 49 9 35 10 22 11 49 13 18 10 4 10 7 21 13 28 14 15 16 30 19 49 20 45 21 26 22 27 26 47
3 10 4 41 9 33 10 34 13 46 15 28 18 42 19 33 22 50 23 37 27 29 14 1 34 2 28 3 13 6 22 8 23 11 32 17 34 18 20 20 37 22 28 23 13 24 44 25 32 27 46 9 3 16 5 34 6 12 10 30 11 49 12 36 15 12 18 30 20 18
4 10 3 39 13 24 14 17 15 29 16 45 18 15 19 19 23 26 26 41 27 47 9 1 31 2 14 5 30 11 38 13 18 14 11 22 21 25 26 27 17 15 1 12 5 33 7 23 8 34 10 19 11 32 12 36 13 35 14 33 19 28 20 43 22 16 23 47 24 13 25 16 16 2 47 4 47 5 37 9 12 11 35 12 39 13 32 14 18 16 26 18 39 19 33 20 11 21 40 23 14 25 21 26 49
6 11 4 40 5 32 6 26 8 19 12 43 16 47 17 11 18 11 22 33 24 35 26 39 8 2 30 3 12 5 27 7 27 10 44 17 23 19 46 21 14 11 1 13 2 27 7 16 11 30 13 40 15 26 16 18 18 49 20 46 23 26 24 23 6 3 50 12 44 14 19 20 46 23 21 25 40 7 2 12 8 40 15 23 16 28 20 45 21 30 24 36 11 1 47 2 47 9 24 10 38 11 32 16 38 18 46 19 19 20 41 21 13 23 42
7 9 2 24 3 29 7 27 10 44 12 28 13 35 23 37 24 17 27 50 5 3 25 5 13 14 21 15 27 26 42 6 3 12 6 18 7 41 17 19 19 32 23 40 9 6 17 8 30 10 21 11 18 14 46 17 23 23 12 26 17 27 16 11 2 49 4 14 9 18 10 28 12 45 13 37 18 37 20 45 21 13 24 13 25 16 9 1 29 4 23 7 42 8 47 9 20 13 10 15 29 22 28 25 35 7 2 17 3 41 5 48 11 47 18 20 23 13 27 39
5 11 2 31 5 36 7 33 8 38 12 22 16 19 19 47 20 29 24 34 25 11 26 17 6 9 21 11 47 17 34 18 47 23 50 24 24 7 6 40 9 13 14 40 16 21 17 39 19 49 20 10 12 2 38 3 45 7 24 8 42 12 43 13 36 16 32 18 32 21 45 23 48 25 49 27 17 14 5 24 6 25 7 49 10 35 11 45 12 45 13 37 15 13 16 14 17 13 19 20 21 31 23 35 24 47
8 12 3 43 6 46 10 44 14 49 15 35 19 50 20 22 22 18 23 39 24 39 25 31 26 27 4 2 44 11 50 12 22 26 26 12 1 26 5 40 7 46 9 18 10 44 11 48 13 40 17 10 18 46 19 20 20 35 21 43 13 3 23 4 48 5 50 8 20 11 48 14 33 17 38 18 44 19 34 20 32 21 11 22 48 26 32 14 1 17 2 11 5 38 7 27 8 17 9 21 11 37 12 13 13 10 17 49 18 15 19 13 21 24 22 14 6 2 48 5 49 15 29 17 28 21 38 22 26 10 2 25 6 44 10 34 13 24 16 50 20 15 22 42 24 35 25 24 26 26 9 1 42 2 13 10 33 11 29 12 10 14 38 16 17 23 20 27 47
5 12 1 31 3 42 4 42 5 40 14 24 16 15 19 27 20 30 24 12 25 24 26 25 27 16 9 5 12 6 45 7 50 11 15 12 21 22 41 24 29 26 48 27 48 7 1 18 2 42 3 27 4 13 20 16 26 41 27 18 7 9 50 13 46 16 33 21 20 23 35 26 45 27 47 4 6 42 13 15 18 30 27 26
8 6 3 36 6 48 8 42 18 45 19 12 24 27 13 1 46 3 39 4 38 12 10 15 38 16 29 18 27 20 24 21 50 23 26 24 40 25 50 26 42 6 3 46 7 17 15 28 18 33 22 33 24 10 9 1 18 6 27 10 27 14 36 21 29 22 19 23 43 25 31 26 47 9 5 13 6 50 10 46 11 10 19 28 22 19 23 50 24 32 27 44 15 2 27 3 26 6 16 7 27 8 35 10 24 14 22 16 21 18 39 19 43 20 45 21 28 22 30 25 49 27 24 4 1 47 11 45 14 41 20 33 12 5 36 6 26 9 11 11 12 12 35 16 46 17 37 20 26 23 37 24 49 25 11 27 17
4 16 1 12 2 32 3 17 5 38 6 41 8 31 9 40 10 42 11 34 12 15 14 19 15 25 19 33 22 42 26 38 27 34 10 2 20 3 24 6 34 8 20 13 33 14 22 19 38 20 43 22 37 25 23 4 2 50 4 23 15 17 21 35 15 2 44 4 35 5 26 6 46 8 14 10 41 14 12 15 30 17 45 18 10 19 23 20 13 21 40 25 16 27 28
3 10 2 28 4 14 6 15 9 50 12 15 16 25 17 46 20 40 24 24 27 10 16 1 26 2 25 3 19 4 35 7 23 8 16 10 28 12 21 13 26 14 24 18 44 19 19 23 50 24 19 26 26 27 27 6 4 29 8 16 11 12 12 21 18 29 19 11
4 13 1 16 4 24 6 50 7 10 9 49 11 36 12 25 13 38 14 40 15 28 16 13 23 50 24 15 13 2 10 5 50 6 10 7 34 8 21 9 24 10 13 12 30 17 11 22 27 24 38 25 44 27 18 11 5 37 7 40 10 29 11 49 12 48 14 45 15 43 16 25 24 31 25 15 26 49 13 1 39 4 41 6 20 7 28 8 30 12 38 13 28 14 26 15 17 21 32 22 23 25 49 26 34
6 10 2 10 9 50 10 14 14 45 17 33 19 15 20 28 25 47 26 37 27 44 11 3 48 7 14 10 25 11 28 13 49 17 22 18 15 20 34 23 40 24 33 26 30 15 1 22 4 39 6 49 7 40 10 24 16 35 17 41 18 43 19 46 20 43 21 45 22 11 25 16 26 47 27 36 6 4 16 5 21 6 31 7 25 9 27 25 10 8 1 14 3 17 5 21 9 30 10 47 15 34 21 35 27 38 13 2 47 4 23 7 35 8 23 12 23 14 47 16 31 20 47 21 41 23 33 25 40 26 40 27 42
6 13 4 26 6 48 12 20 13 29 14 16 15 10 16 13 19 46 21 36 22 48 23 12 25 11 26 27 5 3 36 8 36 17 19 21 12 26 36 10 1 33 2 17 3 42 6 43 9 47 14 25 15 26 21 38 25 39 27 24 5 1 35 2 13 3 10 4 24 24 10 15 2 47 4 33 6 14 8 24 9 18 11 20 13 18 15 36 16 37 17 31 18 12 19 48 21 44 24 11 26 17 11 2 30 9 38 10 44 12 45 14 27 19 41 21 17 24 26 25 50 26 23 27 32
8 5 1 32 2 17 6 30 9 42 23 21 15 4 11 5 19 8 38 9 42 10 49 11 16 12 14 13 39 14 29 16 31 17 37 18 16 19 50 24 43 27 31 5 1 27 2 42 6 22 9 29 12 32 14 3 12 5 40 6 40 7 45 8 14 10 45 11 28 14 23 15 48 18 24 20 49 21 33 22 38 24 45 8 1 41 10 26 11 27 12 31 13 23 14 15 15 25 16 42 16 5 12 6 30 7 50 8 15 9 40 11 14 14 38 16 33 17 40 18 24 22 20 23 19 24 45 25 22 26 37 27 17 7 1 18 2 44 4 40 6 25 10 28 17 10 22 22 10 5 28 6 18 11 48 12 24 13 19 16 37 19 39 21 26 22 31 25 19
7 15 1 37 2 11 4 15 5 18 7 28 12 10 13 22 14 37 15 13 16 22 17 36 19 10 22 44 26 19 27 40 12 4 32 9 50 12 20 15 43 16 14 17 12 18 47 19 23 22 16 23 49 25 48 26 24 12 3 21 6 35 8 42 11 32 12 11 13 24 14 44 19 30 21 50 24 10 25 27 27 27 16 1 16 2 49 3 47 4 44 5 50 7 46 11 23 13 48 16 34 18 12 21 41 22 22 24 22 25 17 26 21 27 33 10 2 26 3 12 4 19 5 27 9 46 13 47 22 43 23 44 24 46 25 25 14 3 28 4 15 5 33 7 50 9 21 10 39 11 40 16 34 19 32 21 32 22 46 24 21 25 33 26 25 16 3 48 5 44 6 49 9 36 10 16 11 43 12 39 13 30 14 20 15 43 16 45 19 21 24 43 25 17 26 38 27 12
7 6 5 18 9 19 11 28 12 24 14 15 18 37 11 1 43 2 36 3 20 5 21 8 36 10 30 14 48 17 15 18 48 22 28 25 10 16 2 47 5 24 6 22 8 45 9 26 10 17 11 47 12 37 13 20 14 17 17 48 20 42 21 32 22 50 24 17 26 31 9 7 38 10 32 14 25 17 43 18 28 19 39 21 23 23 34 24 31 13 3 17 4 31 6 50 7 42 13 36 14 33 16 10 17 27 20 42 23 40 24 13 25 45 27 38 6 1 37 2 39 4 35 10 27 17 50 21 32 14 2 31 3 35 5 30 6 45 7 50 9 13 12 50 14 48 15 13 17 32 18 50 23 25 26 42 27 10
8 9 1 11 5 23 7 11 8 40 9 10 10 24 11 12 14 45 22 42 16 6 25 7 42 8 47 9 31 10 50 11 36 13 13 15 43 16 49 17 41 18 50 19 22 21 35 22 31 25 28 26 41 11 2 49 3 47 7 13 9 15 14 37 18 50 22 50 23 25 24 32 25 43 27 41 9 1 10 2 49 4 33 5 50 7 42 9 28 11 12 13 25 24 27 8 1 17 3 38 9 39 12 28 19 49 20 32 24 11 26 22 9 2 43 5 15 8 22 9 30 11 33 20 17 22 21 23 36 27 27 4 1 22 18 45 20 38 24 32 9 2 37 13 27 18 22 20 11 21 37 23 38 25 22 26 43 27 41
6 9 2 16 5 45 6 28 7 42 13 14 15 38 16 39 18 26 21 31 9 3 16 4 40 10 25 13 27 14 41 17 28 18 21 19 21 27 14 13 1 12 2 19 3 50 4 12 7 19 10 23 11 28 12 48 15 21 16 33 19 12 20 49 23 35 5 1 36 8 21 17 45 18 47 27 45 5 8 20 18 44 20 26 24 12 25 13 11 3 16 5 47 6 16 7 13 9 50 14 13 17 21 20 18 21 32 22 47 23 16
6 10 1 33 4 33 6 44 7 48 8 16 9 14 10 49 11 44 23 24 26 17 4 2 32 8 19 22 38 24 11 7 3 29 9 13 18 29 21 23 24 42 26 10 27 41 9 2 45 9 34 11 29 12 26 21 30 22 19 23 35 24 28 27 35 9 1 49 3 16 4 37 6 19 7 45 8 42 9 29 16 27 23 44 7 3 45 8 10 10 43 11 16 12 13 16 20 25 35
6 6 5 36 7 15 8 47 20 25 21 11 27 10 6 1 38 2 23 10 48 13 30 15 43 20 12 4 4 40 18 26 22 29 24 14 15 1 14 2 47 3 48 6 39 8 42 9 43 10 22 13 32 14 42 15 50 18 27 19 22 20 27 26 50 27 15 11 1 32 2 17 3 19 6 39 7 14 8 48 11 43 14 14 21 13 25 47 27 42 16 3 13 4 29 5 12 9 34 10 24 11 18 12 32 14 19 17 46 18 33 19 34 20 47 22 15 24 10 26 22 27 33
4 6 4 28 10 39 12 49 22 46 24 31 27 43 5 1 20 4 11 11 43 18 23 23 42 13 1 43 2 25 3 50 4 42 6 27 7 18 9 49 12 23 13 50 14 36 16 23 22 16 26 40 14 1 49 2 28 3 48 4 42 7 46 10 49 14 10 16 31 19 36 20 40 21 48 23 45 24 31 25 42
6 10 2 13 4 27 9 21 10 16 13 15 16 36 18 23 20 23 22 27 25 13 5 4 24 7 48 8 23 13 24 14 40 7 3 50 9 44 10 47 13 48 16 42 18 22 19 33 12 3 33 4 49 5 16 7 36 9 28 10 45 11 50 16 49 17 39 21 50 24 11 27 28 10 1 22 2 25 3 41 4 13 9 46 10 50 19 27 23 39 24 20 25 35 6 3 39 4 36 8 15 11 32 13 39 15 28
5 16 1 33 4 18 5 46 8 50 9 37 10 38 11 20 12 29 13 50 16 25 21 28 22 41 23 12 24 15 25 29 27 49 6 2 49 4 41 6 29 13 19 15 42 19 49 4 2 36 9 25 13 50 19 37 8 2 49 7 41 9 39 14 16 15 30 20 38 23 34 25 12 10 1 19 3 29 6 22 16 14 18 45 19 15 22 12 23 10 24 49 26 42
3 6 7 29 12 24 21 35 23 31 24 49 27 28 11 1 37 4 39 6 49 8 46 11 40 13 14 14 27 18 37 21 42 25 33 26 38 8 6 30 10 13 11 44 17 24 18 23 19 50 23 35 26 39
6 12 2 38 5 19 6 49 7 42 12 49 15 42 16 38 18 19 19 31 20 36 22 47 26 22 16 2 21 4 42 6 33 8 43 9 23 10 46 13 25 14 14 15 23 16 29 17 10 18 25 19 35 20 12 22 40 23 22 14 1 13 2 21 3 42 8 43 9 50 10 10 11 41 13 22 15 22 16 44 17 24 22 13 23 28 25 13 8 3 24 4 36 5 33 10 20 14 44 16 49 20 22 24 49 7 8 26 11 28 15 33 16 44 22 20 24 32 26 39 8 1 46 6 23 8 27 9 31 15 23 16 11 26 24 27 49
8 14 1 25 4 43 8 33 9 27 12 23 13 22 15 37 16 35 17 32 18 43 19 50 25 14 26 49 27 25 6 1 21 13 16 14 37 15 20 20 30 24 37 12 1 45 7 13 9 42 10 37 11 14 12 12 15 30 18 39 24 19 25 36 26 30 27 19 12 3 46 8 17 9 11 10 32 11 15 13 10 19 37 21 33 22 36 23 43 24 44 26 34 14 3 49 4 49 5 25 6 17 7 32 8 21 11 25 12 10 13 11 14 31 15 15 17 37 18 36 21 50 9 3 39 5 28 7 49 8 49 9 43 10 14 11 36 13 28 19 42 8 4 31 6 37 7 10 8 25 9 26 10 14 13 14 27 27 10 1 49 4 22 5 10 6 31 9 30 11 23 12 27 17 13 19 11 23 47
3 8 1 29 3 30 4 39 9 33 10 23 14 24 15 47 17 31 14 1 26 2 37 3 32 7 22 9 10 12 41 14 19 15 21 17 47 21 46 22 33 24 31 25 19 27 14 9 4 38 6 50 8 31 9 33 15 33 18 46 19 36 21 42 23 26
4 5 5 43 7 45 18 45 19 39 23 31 10 1 19 2 44 5 50 11 22 13 31 18 18 19 42 20 38 23 34 25 40 16 2 49 4 34 5 45 7 30 8 15 9 48 11 48 12 10 13 39 14 35 15 33 16 17 18 33 21 19 22 11 25 23 9 1 43 2 27 8 29 13 47 14 36 16 26 17 15 22 17 26 25
8 9 1 11 6 34 16 48 17 45 19 19 21 15 22 48 24 19 25 48 4 1 38 5 34 10 21 11 28 12 4 40 9 27 11 25 12 28 13 13 15 19 18 15 19 49 20 41 22 13 24 20 26 11 10 6 26 7 15 8 33 9 20 10 16 14 23 17 45 24 36 25 40 27 50 8 4 49 9 10 10 39 12 14 15 25 17 45 21 26 27 31 16 3 42 4 49 6 23 9 24 12 12 13 26 14 28 15 46 16 44 17 14 18 43 22 49 23 30 25 43 26 17 27 19 7 13 39 17 24 21 47 22 39 24 48 26 34 27 11 4 1 41 14 43 17 12 24 28
3 13 2 39 4 38 6 37 7 48 11 43 13 23 19 36 21 40 22 17 23 25 24 46 25 11 27 45 12 2 40 4 22 5 15 6 33 9 28 11 19 12 15 17 18 21 32 22 42 25 44 26 39 4 11 13 13 21 15 26 26 27
8 15 1 33 2 10 4 13 5 49 9 43 10 31 11 15 12 37 17 42 18 33 19 10 21 30 22 18 23 46 27 25 9 1 42 2 18 4 21 5 32 8 38 9 26 15 34 17 30 24 27 14 2 11 4 41 5 11 6 21 7 36 9 38 10 18 13 37 14 12 17 16 21 42 25 44 26 10 27 25 12 1 45 4 15 5 28 10 46 11 28 15 28 16 16 17 14 20 17 23 35 24 26 26 46 16 2 33 5 49 6 13 7 13 9 11 10 42 14 11 16 41 18 25 19 33 20 12 21 15 24 31 25 23 26 27 27 43 8 3 47 5 41 10 43 18 24 19 47 22 11 23 49 25 10 13 1 25 2 18 4 40 5 43 6 10 15 48 16 17 17 15 20 46 23 16 25 29 26 42 27 45 7 3 49 7 28 12 48 14 31 15 31 16 36 26 45
4 6 1 13 3 44 14 44 20 29 24 11 26 22 12 5 34 7 38 10 49 11 32 12 24 13 44 16 23 19 38 21 41 22 48 25 18 26 46 9 2 10 7 19 10 45 11 44 13 33 15 33 16 19 19 47 23 42 4 2 26 5 35 26 14 27 28
5 5 1 26 5 42 11 26 18 46 27 33 15 1 33 2 34 4 39 5 43 9 42 12 35 13 23 16 21 17 16 18 34 19 20 20 23 21 47 24 18 27 36 9 6 13 7 38 9 38 16 28 17 26 21 21 22 15 23 28 25 48 9 2 28 9 29 10 16 14 32 15 13 20 41 22 49 23 31 27 43 9 5 15 6 37 7 48 12 28 13 26 14 26 16 20 18 50 26 26
4 13 3 22 4 43 8 26 10 30 11 15 13 22 14 10 16 18 17 48 18 49 19 46 26 11 27 25 4 7 40 23 18 24 11 25 48 9 1 26 4 46 5 40 6 26 12 18 14 14 16 13 23 37 25 37 8 2 34 8 11 13 37 14 49 15 28 23 18 26 13 27 18
4 6 6 43 12 33 18 18 21 50 24 24 26 45 8 4 29 10 40 13 50 15 26 18 11 19 17 23 45 25 13 11 1 26 3 48 4 50 8 50 11 26 13 48 14 20 17 22 22 35 23 17 24 17 16 2 12 3 19 7 39 8 18 9 46 12 25 14 31 15 32 16 46 18 40 20 25 21 19 22 42 23 35 25 45 26 40
8 5 2 21 11 27 16 42 21 22 25 48 13 2 39 3 32 4 21 5 19 6 22 7 32 8 34 11 32 13 32 17 15 19 30 21 17 22 46 6 4 10 9 36 11 41 16 32 21 42 23 32 12 2 47 4 14 5 14 8 17 9 35 10 42 11 45 13 10 17 21 18 42 25 17 27 21 9 2 28 6 18 8 37 9 18 10 11 12 27 19 41 25 15 26 28 12 2 24 7 25 9 13 10 34 12 35 15 37 17 35 19 12 21 27 22 31 26 19 27 24 10 2 10 5 21 6 32 7 44 12 13 18 19 19 45 21 49 24 26 27 37 15 1 48 2 44 7 34 8 27 9 43 10 37 11 27 14 37 16 37 17 30 18 46 24 22 25 33 26 20 27 25
7 12 1 16 4 46 5 18 6 50 12 24 16 31 21 38 22 25 23 41 24 23 25 48 26 24 6 2 21 3 20 12 40 20 16 22 46 25 37 15 1 11 2 30 3 25 4 22 7 39 8 41 9 31 10 24 11 14 16 19 21 43 22 27 24 38 25 48 27 26 7 3 35 5 37 8 26 12 26 21 28 24 31 26 10 14 1 32 2 20 3 31 6 41 8 33 9 42 15 22 16 34 17 28 18 48 21 18 22 45 24 48 26 35 10 1 40 3 20 8 16 14 45 18 20 19 35 21 32 23 25 25 31 27 24 12 1 21 4 15 5 26 6 39 8 28 9 47 10 24 14 30 17 26 18 46 22 29 26 17
6 4 12 43 16 40 20 41 24 37 14 1 38 2 37 3 18 7 48 9 23 12 15 13 39 15 50 16 40 17 12 18 41 19 38 26 18 27 25 14 2 32 4 47 6 17 10 31 14 39 16 22 19 16 20 29 21 22 22 11 23 32 24 48 26 35 27 17 10 1 23 3 42 8 35 11 12 12 28 17 11 22 11 25 45 26 16 27 46 16 1 20 5 27 6 30 7 43 8 14 13 48 15 38 18 20 19 25 20 46 21 35 22 16 23 19 25 28 26 20 27 18 14 2 47 4 27 6 26 8 30 9 20 12 28 13 49 14 11 15 50 21 30 23 28 24 14 25 24 27 20
6 7 3 31 8 24 12 48 15 29 20 31 25 33 27 48 16 2 46 4 25 5 22 6 35 8 34 10 31 11 19 13 10 15 25 16 30 18 27 21 35 22 15 23 19 24 42 25 10 9 4 33 5 50 6 31 7 37 8 11 10 13 19 16 21 13 23 17 8 8 24 9 39 10 26 11 42 14 19 16 35 18 18 22 23 6 4 45 14 42 18 49 19 14 22 42 26 35 7 3 10 5 27 9 22 12 16 15 50 20 19 25 26
5 16 2 11 3 15 4 48 5 15 8 30 10 28 14 13 17 20 19 19 20 27 21 44 22 13 23 36 24 26 26 21 27 10 8 6 11 7 13 14 21 18 37 22 42 23 23 24 47 26 39 4 1 46 7 31 9 22 15 44 14 1 34 2 35 3 16 4 22 6 49 8 36 10 14 12 15 13 13 14 40 15 35 22 50 23 26 27 39 7 2 26 4 12 8 35 10 16 14 27 17 44 21 30
5 8 2 28 3 35 4 30 14 10 17 23 23 18 25 11 26 38 11 3 17 6 28 8 38 9 35 11 43 13 27 14 35 18 24 20 44 24 44 27 24 8 1 45 3 28 7 29 14 31 17 10 18 20 21 33 22 19 12 2 33 4 21 5 47 8 29 9 38 12 21 18 50 19 22 20 46 25 11 26 10 27 34 11 6 15 7 15 8 23 9 21 10 38 11 40 17 23 22 27 24 18 25 17 27 38
6 10 2 33 9 20 15 18 16 11 18 31 19 46 20 40 21 48 24 43 26 44 8 6 10 8 32 10 43 11 17 12 36 16 24 22 50 24 10 12 3 37 4 38 6 37 8 43 11 40 12 46 15 45 17 39 19 35 21 12 23 31 25 48 5 5 41 15 18 19 42 21 45 23 19 8 7 23 12 19 14 14 18 13 20 49 22 45 24 31 26 32 10 1 37 4 42 5 44 6 49 11 43 13 33 16 15 18 32 24 32 26 50
7 5 11 45 13 14 15 36 19 49 26 17 16 1 40 2 12 4 21 5 37 7 42 8 47 9 21 11 13 12 11 15 31 19 45 20 20 22 13 23 49 25 25 26 32 11 2 14 3 29 4 14 10 33 11 42 14 13 16 26 17 36 19 32 26 39 27 18 5 4 42 5 44 15 26 18 23 26 31 13 2 48 3 48 4 42 7 37 12 10 13 41 14 41 15 43 16 29 20 11 21 24 22 17 25 11 9 1 33 6 43 8 11 11 26 12 18 17 34 20 38 22 19 23 37 13 5 38 6 36 9 46 10 18 11 26 13 36 14 30 15 43 18 27 19 13 21 23 23 31 26 19
6 10 1 25 2 40 3 17 5 13 6 11 9 24 10 15 16 30 18 24 23 49 5 2 45 5 12 9 35 24 22 27 38 10 1 25 3 20 8 49 10 23 11 17 12 15 14 25 17 39 20 16 26 45 14 2 41 3 50 4 41 7 11 8 38 10 48 13 27 16 14 17 27 18 18 22 43 23 21 24 26 27 44 12 1 44 2 10 3 41 6 49 8 27 9 48 10 42 14 10 18 10 22 50 24 36 26 32 13 1 16 3 23 7 16 8 24 9 18 11 15 12 11 13 41 14 50 16 10 19 24 24 20 27 28
7 11 4 43 5 26 8 15 10 45 13 28 15 46 20 42 21 37 23 49 25 24 27 30 4 5 10 12 16 18 26 22 37 12 7 14 12 38 13 50 14 12 15 21 17 40 19 39 20 32 21 46 24 14 26 15 27 11 11 1 16 4 11 6 25 7 41 9 39 11 31 14 36 16 33 17 43 23 37 25 49 15 4 35 6 27 7 33 8 45 9 13 10 39 11 15 13 48 16 13 18 36 19 27 20 31 21 39 24 13 27 12 6 5 34 9 34 12 42 13 11 19 33 22 14 5 10 19 15 30 19 47 21 28 27 42
136 87 57 129 98 71 53 49 55 75 81 131 66 98 92 96 53 46 53 81 98 121 122 135 121 89 104 92 52 78 99 45 114 144 54 58 98 36 151 65 83 50 65 118 121 86 117 73 95 115 88 116 138
2 2 2 3 2 3 2 1 3 3 3 3 1 1 2 3 2 2 2 2 1 2 1 2 3 1 2
# Instance ID: 73
# Size type: large
# Total operations: 298
# Actual flexibility: 0.373
# Generated: 2026-02-07 22:12:21
# Format: Extended Brandimarte format for MOFJSP