12 9
3 2 1 19 9 26 3 2 28 6 36 8 21 4 1 41 3 14 4 48 8 33
3 5 3 17 4 33 7 42 8 46 9 11 3 1 30 2 39 3 18 3 1 33 3 36 9 50
5 3 1 43 3 50 5 14 5 1 20 3 44 4 30 5 30 7 29 3 2 47 5 32 6 19 1 3 43 3 4 31 6 20 8 16
8 2 3 22 4 45 5 1 17 2 18 4 11 7 40 9 32 3 3 38 6 48 7 43 3 1 17 3 24 5 18 2 4 18 5 23 2 2 17 7 14 1 8 37 1 4 16
4 1 9 47 1 8 17 3 1 10 2 16 3 17 5 2 11 3 15 4 19 6 27 9 47
7 3 3 42 6 49 7 25 5 1 43 2 23 5 22 7 28 9 20 5 1 33 2 47 4 21 5 38 8 16 2 6 37 7 23 5 1 39 3 17 4 43 7 18 8 41 3 1 30 5 41 8 17 4 5 29 6 38 8 24 9 45
6 4 1 40 2 33 5 21 7 10 4 2 15 4 17 5 19 7 35 4 1 22 2 31 3 22 8 48 4 2 41 4 27 7 47 8 47 3 4 48 6 35 7 41 5 1 17 3 26 4 41 5 41 7 24
4 2 1 13 2 14 4 1 30 3 19 4 29 5 49 5 2 39 4 22 5 28 6 41 9 41 5 5 11 6 12 7 37 8 17 9 34
8 4 4 12 6 12 7 21 8 45 3 3 18 4 29 8 34 4 2 44 5 46 6 40 8 40 5 1 47 3 34 4 49 7 32 9 28 3 1 12 5 18 9 33 3 1 16 4 37 6 32 3 1 25 6 25 7 25 3 2 29 7 17 9 31
6 2 1 12 6 39 4 1 40 3 47 7 11 9 30 4 1 41 5 16 6 23 7 31 4 2 29 5 33 6 37 9 22 4 2 13 3 29 4 46 7 35 2 2 47 9 31
5 3 2 23 4 32 8 14 3 4 44 5 30 9 22 4 5 39 7 45 8 21 9 11 5 2 27 3 50 4 44 6 49 8 37 5 1 25 2 19 3 29 4 37 8 36
5 3 2 36 4 27 7 28 2 4 35 5 25 1 3 22 1 4 29 4 4 12 6 22 7 20 8 27
47 49 96 108 74 100 95 74 115 100 79 89
1 1 3 2 1 3 3 2 1
# Instance ID: 14
# Size type: small
# Total operations: 64
# Actual flexibility: 0.365
# Generated: 2026-02-07 22:12:21
# Format: Extended Brandimarte format for MOFJSP