27 15
5 7 1 48 2 22 5 41 7 16 8 36 10 28 11 33 3 1 41 5 25 6 27 8 4 45 5 13 7 30 8 18 10 42 11 46 13 11 14 31 8 2 38 4 38 5 15 6 47 7 43 8 44 9 42 12 25 9 1 23 4 42 5 12 6 35 7 20 10 30 12 13 13 19 15 25
4 2 9 46 14 47 8 3 29 4 24 5 32 7 26 10 43 11 35 13 48 15 31 4 2 32 3 34 11 12 15 25 9 1 49 2 28 4 34 5 37 6 10 9 29 10 47 13 13 14 23
6 9 2 15 4 21 5 21 7 17 8 31 9 12 13 25 14 46 15 35 7 1 12 2 29 6 17 7 30 9 43 13 48 14 24 5 3 35 4 10 6 16 7 24 9 42 7 1 40 3 22 6 43 10 10 12 16 13 11 15 14 4 5 39 6 16 13 44 14 15 7 1 48 2 46 5 47 7 17 9 22 11 35 12 50
3 7 1 46 2 36 4 44 6 38 10 15 12 42 14 37 9 1 20 2 45 3 33 4 11 5 41 6 16 8 48 9 37 13 15 4 3 14 4 22 10 27 14 46
8 7 1 23 3 40 5 14 10 40 12 41 13 33 15 43 7 1 34 3 35 5 16 7 14 8 21 9 36 12 18 2 4 13 11 34 7 2 17 3 17 6 45 7 37 8 13 11 14 15 44 3 2 18 11 24 15 49 5 1 47 3 42 4 41 6 47 12 18 2 7 19 13 24 3 5 31 11 48 13 37
3 3 1 34 10 50 14 16 8 1 15 3 14 5 19 6 13 9 23 11 37 13 10 14 43 3 5 16 7 45 13 10
6 6 1 14 5 49 7 41 9 16 12 26 13 12 5 5 27 6 46 7 32 10 11 15 35 2 10 31 11 42 2 7 18 14 39 6 4 49 6 50 7 44 9 32 10 46 14 12 9 1 49 2 32 3 39 5 38 9 37 10 21 12 30 14 22 15 50
8 6 2 48 7 32 8 22 10 12 13 16 14 35 6 2 40 3 28 7 34 8 43 9 30 11 47 2 3 34 13 18 9 2 10 3 22 4 29 7 48 9 43 11 18 12 27 14 35 15 45 8 1 41 2 41 3 28 6 12 7 20 8 14 11 33 14 41 4 2 30 3 19 4 27 12 21 5 3 12 6 10 7 43 12 30 15 43 6 2 33 3 13 7 31 8 19 10 10 13 50
4 7 2 17 4 42 6 27 11 33 12 36 13 11 15 31 5 3 18 4 17 5 10 11 48 13 15 4 5 24 10 16 13 27 15 14 6 1 24 8 26 9 22 12 50 13 39 14 40
5 4 1 19 5 16 12 17 14 37 4 2 49 4 46 8 43 15 15 3 1 46 11 34 14 19 6 3 37 6 23 7 31 8 33 9 42 10 40 9 2 41 3 50 4 19 5 30 6 29 7 28 12 21 13 18 15 50
3 7 2 21 4 45 6 11 8 31 9 12 10 25 13 26 7 3 40 4 20 6 10 9 26 11 38 12 35 13 40 8 1 29 3 30 7 42 8 38 9 15 11 18 12 13 15 50
7 9 2 22 4 16 5 33 6 18 7 35 9 18 11 16 14 12 15 40 6 1 50 2 17 4 10 5 34 12 15 13 27 6 3 32 5 39 6 29 7 27 10 23 13 23 3 10 40 13 16 15 17 7 3 49 4 37 5 49 8 39 10 11 14 15 15 11 2 4 50 12 29 5 5 33 8 44 10 32 13 45 15 36
7 3 9 42 12 15 14 40 8 1 48 2 26 3 23 6 39 8 37 12 24 13 42 14 18 9 1 21 2 24 3 48 4 30 5 26 9 45 10 12 11 38 15 10 6 2 23 4 35 5 45 8 39 9 29 11 39 9 1 34 4 36 5 32 8 35 10 10 11 10 12 38 13 34 14 18 4 2 21 3 44 9 18 14 17 5 7 20 9 40 13 45 14 26 15 38
6 4 4 48 5 23 7 22 12 10 6 6 46 7 20 10 12 11 35 12 35 13 35 2 5 44 15 32 5 2 26 3 23 4 31 5 43 11 27 3 2 29 9 37 11 32 3 3 17 5 11 15 34
4 5 2 11 8 29 9 45 11 24 15 34 6 2 47 6 32 7 33 9 45 11 50 13 33 6 2 22 3 16 4 23 8 36 10 22 13 35 7 3 43 7 41 8 40 10 41 11 33 12 46 14 23
3 7 2 41 4 26 5 48 7 14 9 47 12 32 13 24 2 9 44 11 29 4 3 22 7 22 8 48 13 48
4 2 11 41 13 35 3 1 12 6 16 14 14 3 2 31 4 29 10 43 2 5 21 15 22
3 8 1 10 2 43 3 35 5 16 8 34 10 26 11 39 15 48 2 5 50 14 48 3 4 43 6 11 8 34
6 9 2 12 4 47 7 35 8 17 10 12 11 21 12 22 13 39 15 21 8 1 46 3 46 4 38 5 20 6 27 7 33 9 49 11 40 3 11 33 13 33 14 38 5 1 17 3 17 8 31 13 29 14 49 3 8 41 11 23 14 50 4 1 47 7 37 12 42 14 31
6 8 2 12 7 43 9 31 11 48 12 40 13 22 14 32 15 42 8 4 27 5 41 7 13 8 20 10 34 11 22 12 19 14 41 8 5 31 6 43 7 38 8 34 10 34 11 49 12 26 14 47 6 2 27 4 38 6 26 8 30 12 12 14 50 4 1 25 5 38 6 41 13 20 2 9 27 12 43
7 8 1 38 4 32 5 27 6 45 10 12 11 40 14 43 15 10 7 4 47 6 22 7 21 9 48 13 17 14 25 15 36 8 1 39 4 23 5 13 8 27 9 15 12 32 14 10 15 34 5 1 30 3 16 5 12 12 19 13 36 7 4 23 7 22 8 28 9 35 10 39 11 27 15 37 6 1 23 4 18 7 41 12 22 13 46 14 49 9 1 15 2 11 3 21 5 50 6 41 10 37 12 12 14 40 15 44
4 3 10 30 11 17 14 35 6 5 50 8 40 9 22 10 43 12 22 13 25 2 2 26 7 26 5 6 27 8 40 11 43 14 47 15 23
8 7 1 12 3 21 6 39 7 11 11 35 12 43 13 40 7 1 17 2 20 7 48 8 21 9 25 13 35 14 16 5 2 39 3 26 4 33 8 48 10 47 6 2 41 4 36 11 42 12 38 13 10 15 31 2 8 14 10 12 8 1 41 2 12 5 39 6 43 7 23 11 44 14 29 15 38 6 1 43 4 32 5 39 9 23 13 37 14 31 6 1 18 5 40 10 21 11 42 12 13 15 49
7 2 2 38 4 45 5 5 25 7 15 11 37 13 41 15 43 7 1 45 5 45 9 46 10 30 11 47 12 23 15 11 5 1 33 3 37 8 10 11 31 14 19 8 1 12 2 18 3 48 4 48 6 49 10 35 13 34 15 22 5 1 35 3 32 4 26 6 10 10 25 2 8 47 10 17
4 7 1 20 3 11 4 17 5 19 8 50 13 48 14 32 5 1 28 2 18 6 22 9 15 12 44 4 1 34 12 43 13 18 15 13 6 1 25 2 13 9 32 10 29 12 43 14 28
7 9 4 43 5 19 6 27 8 31 9 50 10 30 11 25 12 43 15 16 7 2 42 3 18 4 37 8 27 9 18 12 47 14 32 3 3 33 6 33 9 39 8 2 47 6 12 9 25 11 13 12 42 13 17 14 46 15 37 7 5 16 7 31 8 10 9 28 12 42 14 45 15 28 3 6 11 12 42 15 46 4 5 28 7 12 11 25 14 31
8 2 8 36 14 48 7 4 42 6 42 10 14 12 13 13 42 14 18 15 19 9 3 33 5 46 6 21 8 33 9 28 10 17 11 18 13 23 15 42 9 3 12 4 11 5 41 8 13 9 28 10 31 12 33 13 48 14 28 6 5 16 7 37 8 37 10 18 12 22 14 46 7 2 33 3 47 6 24 7 31 8 11 11 20 13 38 8 1 19 2 19 5 41 7 19 8 40 10 35 12 33 14 22 3 5 17 6 50 14 22
96 62 99 50 100 52 72 102 51 84 43 113 106 118 48 46 79 53 91 86 126 72 131 115 70 121 128
1 2 3 3 1 1 2 2 3 2 2 2 3 3 3
# Instance ID: 49
# Size type: medium
# Total operations: 146
# Actual flexibility: 0.368
# Generated: 2026-02-07 22:12:21
# Format: Extended Brandimarte format for MOFJSP