20 5
6 3 2 19 3 23 4 31 1 1 34 1 3 32 3 1 39 3 44 5 17 2 1 50 3 49 2 2 14 5 12
7 3 1 24 2 16 3 34 2 3 20 4 33 2 2 14 3 48 3 1 39 2 34 5 27 3 2 30 3 13 5 24 1 3 35 2 1 46 2 30
5 1 4 35 3 2 18 4 25 5 45 3 3 35 4 33 5 24 1 5 41 1 1 17
7 1 2 37 3 1 48 2 39 4 43 2 1 17 5 44 2 1 28 3 37 1 4 10 3 2 16 3 50 5 29 3 1 33 2 20 5 44
7 3 1 11 2 17 3 33 2 1 25 2 46 1 1 41 1 5 18 1 4 45 1 3 43 3 2 22 3 29 4 35
4 3 3 38 4 17 5 25 1 1 31 1 5 45 1 5 24
5 1 1 50 1 2 14 1 3 14 3 2 41 3 23 4 44 1 5 46
5 2 2 36 4 22 1 1 37 2 4 39 5 13 3 1 31 2 16 5 25 1 2 44
5 2 2 21 4 27 2 1 38 2 45 1 1 44 1 1 25 1 4 41
7 2 2 13 4 20 2 1 26 4 39 2 4 19 5 22 2 1 47 2 44 1 3 13 1 5 40 3 1 42 2 15 5 21
6 1 5 14 3 1 46 2 25 4 47 3 1 47 2 46 5 43 2 2 30 3 25 2 2 29 4 39 2 1 39 5 49
5 3 1 23 3 42 5 26 1 3 14 1 3 28 1 4 44 3 1 45 3 29 5 16
8 1 3 17 1 5 19 2 2 31 3 23 3 2 13 3 15 4 50 2 1 10 3 31 1 3 20 3 3 10 4 17 5 14 3 1 47 2 45 5 19
7 2 1 29 2 33 1 3 23 3 1 45 2 36 5 49 3 1 21 2 36 5 11 1 3 36 3 1 16 2 34 3 12 2 2 39 5 32
4 2 2 11 5 22 2 3 14 5 27 2 4 44 5 31 1 1 26
6 1 5 26 1 1 48 2 3 37 5 48 3 1 22 3 26 4 12 3 1 44 3 22 4 33 2 1 49 3 30
8 3 1 29 3 36 4 30 2 2 22 3 36 3 2 46 3 29 4 35 3 1 23 2 37 3 47 3 2 38 3 23 4 42 2 1 28 2 42 3 1 25 3 29 5 24 1 2 11
8 1 2 40 3 1 50 2 46 4 22 3 2 25 4 19 5 10 1 4 24 1 5 39 1 5 25 1 4 18 2 3 38 5 49
4 3 3 38 4 20 5 40 2 2 50 3 27 3 2 38 4 14 5 28 1 3 31
6 2 1 18 5 19 1 4 19 3 1 36 2 31 5 44 2 1 23 4 36 2 1 46 5 34 2 1 29 3 34
73 99 68 125 121 76 63 76 61 96 96 61 108 120 65 82 133 147 48 110
3 3 2 3 2
# Instance ID: 0
# Size type: small
# Total operations: 120
# Actual flexibility: 0.387
# Generated: 2026-02-07 22:12:21
# Format: Extended Brandimarte format for MOFJSP