24 17
6 7 2 11 3 38 6 10 7 32 11 33 12 41 13 10 7 1 27 6 28 7 15 8 18 9 22 12 31 14 47 10 3 30 4 37 6 11 7 12 9 34 10 21 12 31 14 32 15 14 16 33 3 12 33 15 14 16 47 5 4 14 6 21 9 39 10 22 16 27 6 1 37 2 20 8 17 10 22 11 27 17 36
4 3 9 34 11 14 13 30 4 3 19 4 18 11 26 14 38 2 4 10 17 16 6 3 14 4 49 8 45 10 44 12 27 17 12
5 10 2 42 3 17 5 41 7 48 8 25 9 10 13 10 14 43 16 11 17 30 10 1 22 2 23 5 28 9 11 11 31 12 12 13 45 14 17 16 13 17 31 8 7 47 8 12 9 50 10 21 11 16 12 25 15 14 16 16 8 1 28 2 37 3 38 7 37 10 26 11 19 13 42 14 17 4 7 20 12 13 13 39 16 27
3 10 1 25 2 24 3 15 7 26 9 37 10 33 11 36 13 32 15 41 16 17 8 2 11 4 28 8 46 9 49 11 32 12 13 13 29 14 25 10 1 19 2 46 5 30 6 22 7 18 9 18 10 24 11 11 13 40 17 19
7 6 2 16 3 23 5 46 7 33 13 33 16 41 6 1 30 2 42 9 22 11 46 12 25 13 29 2 8 33 17 27 6 5 44 6 42 9 17 10 47 15 21 16 10 8 3 36 4 19 6 39 7 37 10 20 12 18 13 25 14 36 10 2 49 3 48 4 32 5 31 6 50 8 40 11 45 13 12 16 20 17 18 10 1 46 2 28 3 33 7 11 8 18 11 34 14 46 15 28 16 27 17 39
4 5 2 28 5 25 7 49 11 14 12 11 5 2 43 6 37 8 37 12 39 15 46 2 14 50 17 41 6 1 16 3 15 11 13 15 28 16 10 17 45
6 5 4 45 8 21 9 35 12 11 17 15 10 4 19 5 18 6 30 8 23 10 47 12 24 13 49 15 18 16 18 17 26 4 8 21 12 39 15 39 16 26 7 1 43 2 32 3 21 9 15 11 16 15 28 16 43 6 2 43 4 24 7 47 12 35 14 44 15 41 10 1 50 3 47 5 45 6 25 8 33 10 42 11 48 13 29 14 38 17 40
8 2 8 47 13 21 10 1 15 3 36 5 40 6 47 7 28 8 36 11 38 14 38 15 43 17 14 10 2 50 4 30 5 47 6 18 7 14 12 17 14 45 15 31 16 38 17 21 5 2 39 5 23 10 41 11 41 16 46 8 4 28 5 46 6 49 7 41 9 39 10 46 11 15 13 40 10 1 16 2 26 5 21 9 42 11 36 12 36 13 48 14 13 15 35 17 21 7 2 26 3 47 6 12 8 46 10 35 11 38 14 16 2 1 10 17 26
4 7 3 21 5 40 11 28 14 47 15 35 16 37 17 32 4 1 32 7 17 10 39 14 17 9 2 30 3 24 4 37 5 39 10 33 11 38 12 40 16 41 17 38 5 5 31 7 44 9 40 13 30 14 13
3 5 1 47 3 38 5 48 11 15 12 26 2 16 14 17 50 4 1 15 7 46 13 48 17 12
6 9 5 19 7 15 8 39 9 17 10 20 11 28 12 24 13 33 15 34 8 1 22 3 34 4 46 6 33 8 19 12 33 13 30 17 44 9 1 13 2 41 4 21 6 43 8 24 9 48 12 29 13 39 16 34 6 2 26 3 49 7 50 11 48 14 23 16 35 5 3 31 4 35 8 29 13 26 14 24 2 3 50 11 48
5 7 1 22 4 34 7 19 11 17 13 13 14 32 17 14 8 1 29 2 42 8 16 9 15 11 23 12 33 15 22 17 40 5 3 50 8 20 12 48 14 30 15 47 10 1 40 5 15 6 21 8 47 11 48 12 34 13 48 15 48 16 16 17 30 6 1 46 3 25 6 23 11 16 15 23 16 18
4 8 1 14 3 25 5 37 7 44 8 44 14 28 16 14 17 33 9 2 21 3 50 5 33 9 14 10 47 12 32 15 36 16 15 17 40 8 3 33 4 18 6 44 9 30 10 45 11 41 12 11 13 37 5 1 21 3 48 5 24 9 25 13 32
3 4 2 22 6 32 15 48 16 36 6 5 41 6 27 7 36 9 27 11 33 16 30 2 5 43 15 25
7 3 1 32 4 13 9 43 10 1 10 2 30 5 43 6 10 7 16 11 10 12 45 15 45 16 36 17 41 9 2 45 4 37 7 34 8 22 9 34 10 50 15 28 16 34 17 31 5 5 38 8 27 14 46 16 36 17 24 5 3 37 5 20 12 42 13 17 16 49 3 1 23 3 41 12 28 5 1 30 5 20 6 17 8 48 16 28
8 2 1 26 11 40 4 1 46 8 37 10 20 14 48 3 9 41 10 38 12 25 8 1 17 6 48 9 45 10 15 12 38 13 29 15 41 17 24 8 4 32 8 43 9 38 10 29 11 42 12 48 14 32 16 33 9 2 26 4 48 5 34 8 14 9 37 10 25 11 46 12 30 13 21 7 4 38 5 50 8 20 9 15 14 19 15 24 16 42 6 2 49 6 15 7 45 8 46 15 43 17 40
6 7 4 18 9 21 10 48 11 12 12 50 14 11 16 13 7 1 24 2 34 5 30 6 45 8 33 11 28 12 12 7 3 18 5 40 7 16 8 18 14 22 15 49 17 24 5 2 33 4 22 6 33 14 49 16 40 7 1 48 2 35 3 10 9 43 13 41 14 45 16 41 7 4 39 5 37 8 25 12 13 13 47 15 40 16 39
4 5 7 36 8 11 14 46 15 41 17 46 9 1 33 5 12 6 38 10 18 11 48 13 35 15 20 16 49 17 11 3 1 24 10 21 15 19 8 3 25 5 11 6 31 7 49 8 29 9 15 12 32 16 37
4 9 3 20 4 27 6 50 8 30 9 45 10 15 14 47 15 45 17 39 2 10 10 17 41 7 1 22 6 35 7 31 9 49 11 50 12 40 13 19 8 1 32 6 15 7 22 8 12 10 36 12 48 14 36 17 38
5 4 2 30 3 34 5 45 9 25 10 1 17 3 28 4 46 6 20 8 29 9 15 13 24 14 40 15 16 17 40 5 1 12 4 43 10 33 12 43 14 23 2 9 42 14 23 8 3 37 4 31 7 36 8 12 9 35 15 40 16 40 17 33
5 7 4 16 5 10 6 30 12 50 13 38 15 40 17 18 7 1 49 3 42 6 45 9 14 10 11 12 50 17 44 7 3 28 4 33 6 40 8 50 9 19 11 12 15 43 2 5 17 10 11 6 1 29 3 47 8 25 12 17 13 35 16 34
7 2 4 37 17 17 3 11 34 12 37 17 15 5 1 32 5 12 8 12 10 12 12 29 7 2 50 3 40 9 11 10 35 11 46 12 49 17 12 8 4 42 6 12 7 24 10 35 11 23 13 45 16 23 17 35 6 3 30 5 42 6 16 14 41 16 12 17 43 5 2 28 8 21 12 26 13 27 14 50
8 8 1 32 5 23 8 47 10 45 11 11 12 27 13 45 17 44 8 1 34 2 17 5 38 6 13 10 46 14 47 16 42 17 38 5 1 42 3 17 10 35 14 36 16 44 10 1 21 2 45 4 16 5 33 7 13 8 16 9 34 11 26 15 30 17 26 8 2 24 3 36 4 16 5 18 6 38 8 35 13 47 15 42 9 3 41 5 27 6 33 8 12 10 45 13 13 14 50 16 46 17 42 9 2 16 4 37 6 12 8 27 11 21 14 34 15 15 16 26 17 26 9 1 37 2 26 3 28 5 32 6 42 13 50 14 19 15 48 17 36
7 6 2 17 9 24 10 39 11 45 12 12 14 26 10 1 48 3 35 4 30 8 20 9 29 10 21 12 40 13 36 14 10 16 41 6 4 10 5 20 7 37 10 17 13 22 14 32 5 5 34 6 15 10 45 14 22 15 19 8 2 14 3 10 4 46 5 32 6 27 9 18 11 50 17 33 4 1 35 6 44 11 42 16 50 2 9 43 17 21
118 56 73 52 136 64 92 100 65 36 98 62 79 48 137 124 80 55 72 77 82 136 137 105
3 2 2 1 1 1 3 1 2 2 3 3 1 2 1 1 1
# Instance ID: 53
# Size type: medium
# Total operations: 129
# Actual flexibility: 0.372
# Generated: 2026-02-07 22:12:21
# Format: Extended Brandimarte format for MOFJSP