93 26
5 15 2 37 3 22 4 17 5 17 6 33 7 47 8 34 9 48 12 32 14 50 15 33 16 29 20 48 21 14 24 39 11 2 21 4 33 8 24 9 17 11 37 13 27 14 11 16 21 18 23 23 38 25 24 12 1 25 2 40 4 40 5 46 7 11 9 31 12 26 14 19 15 30 22 24 23 15 24 40 13 1 39 4 42 5 19 6 34 9 31 13 10 15 13 16 50 17 23 22 15 23 20 24 23 25 33 7 6 24 8 49 11 34 14 41 17 17 23 45 24 23
4 5 1 19 7 14 11 31 19 31 25 46 8 4 48 5 15 6 12 7 32 8 15 11 44 19 31 21 12 13 1 48 2 45 4 31 5 13 6 12 9 13 15 24 16 43 17 45 18 50 19 49 20 16 26 16 14 1 35 2 14 5 20 7 35 8 47 10 10 13 38 16 18 19 42 21 13 22 40 23 48 25 25 26 28
4 7 1 17 13 13 14 20 19 23 20 15 24 46 26 25 10 1 10 2 41 9 46 13 15 17 48 19 26 20 47 21 20 22 23 24 31 12 2 12 6 31 7 30 9 12 10 16 16 29 20 27 22 24 23 10 24 16 25 16 26 14 13 1 32 2 28 3 20 4 25 5 37 6 33 8 23 11 40 12 32 14 33 16 44 22 26 25 48
8 4 5 34 6 29 18 21 21 29 12 3 44 4 31 9 26 10 38 11 24 13 49 16 45 17 46 20 25 21 10 23 15 24 37 4 5 29 6 21 16 34 20 18 11 1 17 3 41 4 17 5 15 7 27 11 34 14 39 15 30 18 23 19 12 26 15 8 2 27 4 25 11 11 12 19 15 38 16 35 24 38 25 49 13 1 20 3 11 4 12 5 48 8 31 9 27 17 15 19 12 20 42 21 28 22 18 23 48 24 39 12 4 20 5 32 7 36 8 21 10 15 13 21 14 50 16 39 19 27 23 15 24 29 25 10 14 2 36 3 47 4 24 5 27 7 46 11 36 12 15 14 39 15 29 19 35 20 26 21 45 22 38 26 50
3 14 1 50 2 34 5 27 6 44 8 22 11 39 16 15 17 30 19 23 20 13 21 22 22 41 23 36 24 22 13 2 44 4 21 5 39 8 19 9 32 12 46 14 36 15 39 16 24 17 28 22 41 24 30 26 22 13 1 16 3 31 4 39 9 33 10 27 11 16 13 33 14 39 15 49 16 37 18 17 21 26 23 19
5 11 2 18 5 19 6 25 8 30 9 24 14 27 15 21 17 19 18 17 22 24 26 19 14 2 25 6 48 7 28 10 41 11 32 13 44 14 33 15 49 16 42 17 48 18 25 19 29 23 26 26 25 5 2 48 4 26 17 10 24 49 25 28 8 1 32 3 28 4 42 15 47 16 26 19 46 25 30 26 13 8 1 36 5 45 8 20 13 37 14 24 15 38 22 28 26 11
5 9 5 14 9 31 11 40 12 19 14 28 17 44 19 49 22 31 23 34 14 1 10 7 27 8 35 9 36 10 36 11 13 12 33 13 20 14 18 16 36 17 16 18 18 20 29 21 41 4 1 10 6 35 7 27 11 11 14 1 16 3 11 5 20 8 15 9 17 10 26 11 11 13 47 14 15 15 30 19 30 20 44 21 16 25 35 10 1 22 7 30 8 36 10 25 15 21 17 40 19 40 20 13 25 23 26 35
8 4 5 42 8 42 19 41 26 31 5 11 40 14 32 15 21 18 35 26 27 6 15 31 16 18 19 31 20 29 22 18 23 16 10 3 34 4 23 6 29 9 47 11 28 14 30 17 49 18 12 20 30 25 23 10 2 17 9 14 11 26 12 17 19 10 21 15 22 10 23 45 24 49 25 44 10 1 22 4 41 6 22 10 47 12 18 13 34 15 34 19 37 21 47 22 33 15 1 24 3 16 5 21 7 50 8 31 10 27 12 49 16 41 17 12 19 41 20 32 21 16 22 28 23 46 24 50 15 1 39 2 25 5 15 7 47 9 43 10 33 12 12 13 27 14 40 16 44 18 45 21 18 22 31 24 33 26 34
7 13 2 18 4 38 5 50 6 28 10 12 12 34 13 29 14 41 15 12 17 44 18 43 21 38 24 12 7 1 22 3 11 10 19 14 40 16 33 19 44 21 41 12 1 48 2 37 5 10 6 41 7 31 9 27 12 32 13 26 21 21 23 21 25 23 26 23 9 1 47 5 37 7 47 9 24 10 20 14 16 15 31 19 18 23 46 14 2 17 3 45 9 42 12 18 13 37 14 27 15 48 16 50 17 10 18 47 19 26 24 15 25 21 26 33 7 2 22 5 29 7 31 10 44 14 28 16 10 22 47 13 2 41 5 12 7 31 8 29 9 40 10 16 12 47 14 46 17 35 18 17 19 24 22 12 24 37
7 12 1 42 2 40 4 43 5 30 8 20 11 41 12 18 16 27 17 29 19 11 23 36 25 46 8 3 17 4 45 7 42 12 18 15 19 16 14 23 25 24 17 10 1 16 2 48 3 31 5 48 7 29 8 10 13 43 18 50 19 40 26 26 12 1 35 4 27 7 17 9 28 12 13 14 21 15 21 17 34 20 48 24 32 25 37 26 21 14 1 23 2 46 3 42 5 44 9 28 10 22 13 40 15 40 17 18 18 16 19 14 20 42 21 23 24 50 13 1 26 2 42 3 35 6 44 8 16 11 45 16 19 18 13 20 27 21 14 23 18 24 48 26 18 8 2 26 3 27 6 33 8 50 14 36 18 50 19 45 21 37
3 6 1 27 3 15 10 16 14 33 16 17 18 36 14 3 35 4 26 5 43 7 45 11 13 14 38 17 44 18 44 19 48 20 49 21 13 23 41 24 13 25 39 10 1 19 6 17 8 50 17 10 18 18 19 17 20 32 21 19 24 22 26 27
3 13 2 38 4 48 5 15 6 42 8 32 10 12 11 35 15 29 17 16 19 48 20 39 23 41 24 24 5 1 28 4 47 7 43 13 39 16 12 6 9 40 12 50 15 36 17 39 23 37 24 23
6 4 4 23 10 16 23 49 24 21 12 1 32 2 11 6 37 7 38 8 17 10 33 16 34 17 35 18 23 19 34 20 44 24 30 9 2 26 3 44 7 21 16 49 17 13 19 27 22 33 23 10 26 33 10 2 19 5 32 7 47 12 38 13 19 14 18 21 23 23 40 24 11 26 47 15 2 10 4 28 6 48 7 34 9 12 10 49 11 16 13 22 16 23 17 10 18 41 19 39 21 20 22 35 25 18 12 2 29 5 44 8 33 10 42 12 13 14 18 15 30 17 39 18 35 23 49 25 47 26 45
8 8 4 11 5 44 7 48 12 36 16 37 17 29 19 15 20 39 5 11 15 12 44 18 46 22 33 23 30 6 7 20 9 23 12 43 20 33 24 20 25 17 7 2 32 3 48 4 39 12 46 14 27 23 21 24 20 14 2 49 4 32 5 36 6 30 7 27 8 32 9 36 10 10 14 24 16 32 17 35 18 34 20 17 26 49 10 3 39 7 10 9 40 11 38 13 48 16 26 19 47 20 16 22 21 24 10 3 5 42 7 34 12 34 6 1 43 3 40 6 11 14 46 16 14 19 19
7 14 4 16 5 23 7 11 8 20 10 50 14 40 15 14 16 32 17 15 18 23 20 23 23 19 24 37 26 47 3 3 50 16 22 18 36 6 6 13 10 44 13 35 16 13 24 12 26 21 4 4 29 5 14 20 35 22 28 7 6 26 14 44 15 48 17 25 18 18 20 22 21 50 4 9 29 15 42 18 40 21 26 4 1 23 5 16 12 29 26 39
4 8 1 29 3 41 10 25 13 42 16 25 17 35 22 37 24 49 7 4 49 7 43 9 32 10 34 16 28 17 39 20 19 8 8 10 11 31 12 47 13 21 14 22 22 22 24 43 26 47 14 1 21 4 48 5 18 8 43 11 31 12 12 14 25 18 26 19 15 20 22 21 31 23 49 24 12 25 41
5 14 2 12 3 10 6 42 8 40 11 42 12 14 13 22 14 21 15 49 19 47 22 15 23 16 25 17 26 17 15 2 48 4 49 5 43 6 34 8 32 10 49 12 45 15 47 16 44 18 47 20 21 21 13 23 45 24 32 26 43 15 1 32 2 48 4 47 6 44 7 30 8 39 9 50 11 32 12 14 13 18 14 21 16 32 19 22 20 41 24 36 13 2 11 3 38 5 15 9 12 10 15 14 50 17 32 18 36 19 24 21 24 22 47 25 16 26 43 14 2 22 3 22 6 12 7 41 9 29 10 20 12 22 13 19 14 45 16 48 18 25 21 15 24 12 25 29
3 12 2 39 7 18 9 14 10 23 14 37 15 37 18 17 19 33 22 48 23 21 25 45 26 20 5 8 20 9 33 14 34 17 48 19 38 4 3 30 14 33 15 28 20 15
5 6 2 14 3 24 4 11 7 12 12 15 17 12 14 4 18 8 26 9 46 10 27 11 14 13 31 15 34 18 17 19 22 20 33 21 29 23 34 24 34 26 22 12 1 15 3 21 4 48 7 28 11 50 14 46 15 10 17 28 18 12 20 14 21 19 25 40 5 4 41 10 32 20 11 22 19 25 42 11 3 36 7 21 8 39 9 32 10 38 12 40 15 38 18 39 22 45 25 22 26 20
5 4 13 38 17 23 21 23 24 38 5 11 22 13 38 14 20 17 13 22 13 7 3 30 11 14 12 40 13 44 20 19 23 38 25 24 6 2 20 4 16 6 41 10 18 11 15 23 49 12 4 28 5 26 8 19 9 49 15 13 17 38 19 17 20 21 23 19 24 25 25 11 26 20
6 15 1 31 5 16 7 22 8 38 9 28 10 50 11 44 14 44 15 38 16 13 18 32 20 31 22 26 23 43 24 10 3 12 21 15 31 24 19 12 2 18 4 15 6 32 7 23 8 20 9 43 10 21 17 23 19 25 20 19 21 13 23 15 11 2 39 4 43 6 38 10 18 12 15 13 14 14 24 17 45 21 29 23 41 25 50 3 2 20 6 41 10 26 12 1 24 2 15 6 32 7 39 8 25 11 39 12 12 13 24 17 45 19 44 22 31 24 38
7 10 1 22 5 32 7 46 13 46 14 50 21 47 22 48 23 11 24 34 25 38 13 1 18 2 16 4 37 5 21 6 18 8 46 11 36 15 32 17 18 18 20 21 16 23 17 26 46 11 3 20 4 48 7 16 8 34 9 44 10 35 14 13 16 34 21 21 23 30 24 23 9 3 42 4 38 7 43 9 34 17 41 21 40 22 39 24 14 26 14 3 2 47 19 25 22 22 13 1 48 2 33 6 37 7 19 12 45 13 30 15 46 16 15 17 35 21 49 24 14 25 32 26 44 13 1 50 3 44 5 21 8 40 9 24 11 24 14 41 15 39 19 48 20 49 21 38 22 50 25 49
3 15 3 42 5 35 6 43 7 31 9 44 11 40 12 24 13 21 16 33 17 40 20 28 21 29 23 24 24 24 25 44 15 3 42 4 36 5 21 7 17 9 16 10 25 12 41 14 33 15 48 18 37 21 28 22 42 23 44 24 38 25 21 3 13 39 16 20 20 22
5 11 1 13 3 14 5 11 6 24 10 43 12 10 13 16 17 21 19 16 24 46 26 18 7 2 46 6 38 7 24 10 46 13 47 21 31 23 47 12 2 43 3 23 5 48 6 12 7 36 8 44 10 26 16 12 17 13 19 30 21 15 23 30 9 1 46 4 18 7 12 8 14 10 22 12 22 19 13 21 23 24 29 5 6 16 11 45 18 20 19 28 23 24
3 5 1 46 11 28 12 45 13 28 23 36 14 1 30 5 25 6 17 7 50 10 31 12 40 13 29 14 25 18 29 19 39 21 47 22 40 24 33 26 36 7 5 47 7 49 8 48 16 34 21 13 22 27 24 25
4 5 2 15 4 19 14 17 21 39 26 10 7 1 45 7 28 12 22 14 22 16 39 19 18 25 26 4 10 47 15 12 21 49 26 38 11 4 13 5 41 6 26 10 24 14 39 16 30 18 14 20 39 21 40 24 41 25 42
6 7 2 31 3 42 4 44 5 40 12 45 14 38 18 14 4 9 41 13 39 16 31 19 23 4 5 39 13 49 22 40 26 12 9 3 28 11 13 12 25 13 19 19 45 20 49 21 19 23 37 24 19 7 8 10 11 20 13 45 14 49 15 29 18 36 23 16 14 3 43 4 19 9 15 10 32 11 38 12 11 16 47 18 33 20 50 22 36 23 29 24 34 25 18 26 48
4 8 1 27 6 28 7 24 11 36 13 29 15 27 17 47 20 24 10 1 42 7 27 10 47 14 16 16 37 17 47 18 41 19 17 24 33 25 38 14 1 15 4 43 5 36 6 19 8 35 10 26 12 39 13 41 18 45 19 45 22 13 23 46 24 23 26 37 15 1 25 2 48 4 12 6 20 8 13 10 11 12 15 13 27 14 30 15 12 19 14 20 37 22 18 24 28 26 29
3 7 1 18 2 29 5 39 8 20 15 29 20 19 26 29 6 1 30 2 44 12 13 13 45 14 19 19 22 3 1 46 13 48 15 21
3 13 3 10 6 44 7 17 9 38 10 33 11 48 13 39 17 10 19 17 20 15 21 46 23 10 24 42 3 9 29 15 47 20 12 8 3 33 5 42 10 14 12 21 17 13 21 21 22 39 24 20
7 8 3 37 4 42 9 46 17 31 21 12 23 35 25 32 26 38 6 3 31 4 33 6 18 8 46 11 39 18 26 13 2 34 4 45 5 19 6 45 7 38 12 43 13 13 14 45 15 46 16 39 17 11 23 41 25 50 12 2 12 3 44 5 34 6 24 10 49 11 19 12 41 15 39 16 35 19 47 22 50 25 45 7 4 50 6 12 7 49 10 44 23 34 24 10 26 26 6 11 41 13 11 14 28 17 17 19 16 20 43 8 3 26 5 21 8 17 9 49 11 37 13 25 14 29 26 35
5 13 1 36 3 25 8 44 9 15 11 20 13 28 15 12 17 30 18 40 22 47 23 19 24 34 26 45 5 9 25 17 40 22 31 23 15 25 35 3 3 50 13 28 23 12 13 1 33 2 18 3 27 5 43 7 24 8 29 11 44 12 22 15 15 16 15 19 29 22 33 26 11 9 5 27 7 10 8 16 10 24 11 43 14 31 20 48 25 45 26 37
5 15 1 50 5 22 6 19 8 24 9 36 10 20 12 49 14 42 15 20 17 30 18 48 20 49 22 31 24 31 26 15 4 2 34 9 43 23 27 25 13 3 1 34 22 40 25 48 7 3 12 4 16 5 14 15 16 19 37 20 19 23 43 5 2 27 12 17 13 48 23 47 24 10
4 13 1 10 2 31 3 36 5 14 8 20 10 16 15 48 16 50 18 46 19 47 21 40 23 32 24 20 8 2 33 7 49 9 47 15 28 16 27 18 39 21 18 22 33 4 1 45 4 36 5 50 23 33 14 1 29 2 38 4 15 6 35 7 23 9 27 10 26 11 17 16 30 19 16 22 24 24 34 25 16 26 19
6 14 1 41 2 37 4 12 6 20 7 26 10 10 14 18 15 35 16 25 17 30 20 37 22 45 25 44 26 39 12 2 48 4 14 5 37 6 48 11 37 12 40 13 12 17 44 19 22 21 19 22 24 26 44 10 1 40 2 12 3 29 5 38 7 35 10 28 12 12 18 10 19 25 26 45 4 1 19 2 36 7 15 13 21 7 7 36 8 42 9 42 10 46 12 37 15 42 19 20 10 2 49 5 48 6 47 8 41 9 47 10 43 11 46 14 37 15 43 16 36
8 5 1 40 2 18 11 42 13 18 22 24 9 1 48 3 48 6 43 7 36 8 18 11 40 17 40 19 11 21 18 11 3 47 4 39 6 46 7 49 8 16 9 18 16 25 18 13 19 37 22 50 24 32 14 4 37 5 41 7 16 9 48 10 28 11 39 12 16 13 29 15 24 18 49 19 33 20 15 25 36 26 17 13 1 14 4 24 5 24 6 22 8 34 9 16 11 28 15 23 16 28 18 30 19 37 22 29 24 44 14 1 23 3 26 4 14 7 34 8 10 11 29 12 34 13 20 16 47 18 13 19 50 21 40 24 12 25 48 8 2 35 3 25 5 33 6 26 9 13 11 31 12 41 16 11 4 8 25 14 20 24 26 25 48
5 6 9 15 11 33 15 47 18 37 21 36 22 46 12 2 40 3 14 5 23 9 21 10 41 11 17 13 27 14 41 18 16 19 15 20 44 26 30 9 1 22 2 16 3 21 8 17 14 18 19 47 20 45 23 43 24 39 7 4 34 8 15 11 18 13 22 14 28 17 37 21 17 4 5 23 7 48 13 22 19 12
7 12 1 46 2 27 5 34 8 24 12 29 14 43 16 15 17 45 18 36 20 47 21 32 24 30 12 2 20 3 11 5 22 9 50 14 10 17 45 18 21 19 39 21 23 22 37 23 22 24 34 8 12 26 13 21 14 12 16 47 19 30 21 45 22 19 23 20 10 1 12 10 17 11 36 13 19 14 48 15 49 21 45 22 42 25 32 26 44 7 3 47 10 14 12 27 13 28 17 17 20 34 22 43 9 1 31 6 10 8 23 9 12 12 43 15 23 17 42 19 49 25 19 7 1 30 2 26 3 20 9 20 19 15 20 45 23 29
4 6 1 27 6 42 7 39 16 28 22 32 23 22 7 1 28 2 46 4 50 15 13 21 19 22 33 26 41 6 12 20 15 44 19 13 21 29 22 35 23 36 10 4 47 5 49 8 42 10 40 12 26 13 21 14 41 20 11 24 14 26 42
4 12 2 37 6 36 7 32 8 30 11 19 15 26 17 43 19 45 20 33 21 24 24 12 26 25 7 1 26 7 13 14 10 15 13 18 49 23 33 26 23 9 6 42 7 41 12 34 14 14 16 18 20 42 21 44 23 27 24 27 4 5 24 8 36 10 11 12 20
8 11 1 22 11 33 14 47 16 27 17 28 18 36 19 25 20 27 21 21 23 42 25 33 6 2 37 5 36 10 31 12 19 14 41 16 24 8 5 46 11 42 12 12 13 13 17 15 20 41 21 35 23 47 15 1 33 4 46 7 18 8 31 11 38 12 49 13 39 14 39 16 34 18 34 19 45 21 13 23 12 25 11 26 20 10 3 30 4 30 5 45 7 31 8 40 11 49 14 47 15 18 21 33 25 18 6 2 48 3 49 4 13 6 35 9 28 21 23 9 9 48 10 20 15 12 19 32 20 12 22 23 24 16 25 45 26 21 10 4 39 6 15 8 11 13 43 14 35 16 35 19 46 20 27 22 38 23 48
7 6 2 22 5 47 18 18 23 39 24 44 26 16 14 1 29 6 32 7 16 11 20 12 47 14 38 15 49 16 48 17 16 19 36 22 39 24 15 25 34 26 14 6 2 16 4 11 16 38 17 22 22 32 24 32 5 9 17 12 19 16 38 17 14 23 10 8 7 49 10 44 17 38 18 39 22 44 23 48 24 27 26 16 8 1 37 13 45 15 29 16 39 17 36 19 18 21 31 25 46 12 3 41 4 40 6 15 7 13 8 20 10 13 13 23 15 41 17 44 18 37 25 26 26 17
6 4 10 38 18 27 20 40 22 14 10 7 44 9 36 13 25 16 45 17 20 18 27 19 34 22 48 23 44 26 38 4 12 32 14 14 18 24 21 15 5 3 31 7 18 16 44 21 15 22 32 12 1 34 4 23 5 48 7 28 9 31 11 15 13 20 17 44 18 31 19 43 21 46 22 14 6 1 41 3 49 17 16 20 17 24 30 25 48
7 13 2 14 5 35 7 41 8 17 9 18 10 25 14 47 15 43 16 45 17 49 22 16 24 23 26 48 13 4 41 6 18 9 29 13 50 14 23 16 37 17 39 18 31 19 18 20 22 22 33 24 36 25 25 10 1 36 4 14 7 22 11 50 15 10 17 44 19 31 21 19 22 28 23 41 4 7 12 8 39 12 38 19 18 4 4 22 13 28 15 30 17 41 11 4 17 7 18 8 22 9 26 10 36 12 50 16 48 17 20 19 46 23 41 24 42 6 2 41 3 17 5 13 9 15 15 13 25 24
6 11 3 26 6 31 7 21 8 41 9 50 15 37 18 48 19 36 21 34 22 21 26 29 5 6 35 7 24 14 38 16 42 17 44 14 2 46 3 26 4 24 5 22 7 45 8 22 9 37 14 26 15 32 16 29 17 44 20 19 22 38 26 25 13 4 40 9 16 10 11 12 42 13 20 14 49 16 37 18 42 20 50 21 19 22 49 24 18 26 29 13 2 31 3 19 4 33 5 42 9 42 11 42 12 33 13 42 16 18 19 14 20 19 23 28 26 13 5 1 26 4 49 7 13 9 48 17 44
7 10 1 47 3 34 4 25 5 26 7 42 8 48 11 25 14 36 18 31 26 46 7 1 15 12 39 16 20 21 40 22 42 23 32 26 23 15 2 44 3 35 5 28 7 10 9 17 10 45 11 15 14 11 15 15 16 20 17 47 19 11 21 13 23 21 24 15 3 14 25 15 34 19 35 12 1 21 2 32 4 18 5 45 6 32 7 32 11 21 17 11 18 18 20 47 24 42 26 14 15 5 41 6 45 7 36 8 40 11 49 12 34 14 22 16 13 17 20 18 24 19 32 21 46 22 43 24 43 25 35 3 1 35 2 43 9 22
7 8 2 36 4 32 5 20 10 23 11 22 15 30 21 40 23 12 14 2 16 4 32 5 18 6 38 11 12 12 16 13 19 14 40 17 27 19 10 21 17 23 19 25 48 26 37 13 2 47 5 19 8 18 9 29 10 39 11 44 14 19 15 20 16 17 20 25 23 18 24 32 25 44 11 1 33 4 24 5 34 13 35 14 16 16 19 19 15 21 17 24 18 25 23 26 39 12 2 42 3 39 5 26 6 39 7 29 9 27 11 17 12 18 17 28 22 11 25 27 26 25 11 3 44 6 20 8 40 9 10 12 20 17 26 18 50 19 33 21 20 23 43 24 33 12 3 26 6 40 7 12 8 14 10 14 14 41 17 19 18 25 23 46 24 34 25 24 26 50
3 4 1 16 19 50 21 12 23 39 13 4 50 5 12 6 14 8 37 11 41 12 29 14 24 15 12 16 19 17 16 21 18 22 11 26 37 9 6 49 8 28 12 42 14 25 15 19 17 43 19 34 24 29 26 36
4 7 1 47 4 36 5 42 8 24 11 20 13 43 14 19 6 3 37 8 28 16 47 23 25 24 23 26 30 14 1 34 3 34 9 42 11 34 13 34 16 13 17 48 18 34 19 45 20 32 21 11 23 40 25 33 26 34 9 6 14 7 12 8 14 9 39 13 46 18 32 20 44 25 10 26 27
7 12 1 31 2 30 3 33 6 40 7 45 11 15 12 40 14 47 21 28 22 35 23 22 25 19 13 2 33 4 35 5 16 8 49 9 12 10 26 12 21 14 27 15 26 20 50 22 35 24 18 26 29 14 3 24 9 46 12 34 13 12 14 26 15 42 16 22 17 17 18 42 19 18 20 14 21 16 23 44 24 17 7 2 47 4 47 12 37 14 25 15 26 17 27 18 11 9 2 19 5 20 6 49 10 41 16 44 17 23 18 11 23 50 24 47 12 2 32 3 24 6 20 7 40 12 41 13 39 15 40 18 12 19 32 20 33 22 13 23 23 10 3 37 5 36 10 30 13 47 16 10 18 31 20 22 21 27 22 48 26 40
8 8 2 46 3 45 4 26 9 31 10 33 11 32 12 26 15 31 9 1 16 3 43 4 34 5 26 6 22 7 32 9 40 15 14 19 36 4 1 40 5 21 16 41 20 18 3 5 32 9 31 19 28 9 3 29 5 43 6 23 9 49 14 26 16 16 19 38 20 33 24 41 5 2 14 7 18 13 36 18 47 20 28 7 3 18 7 25 12 28 13 18 15 24 16 42 25 19 6 5 45 11 26 14 37 18 34 20 22 23 40
7 14 4 33 5 46 7 50 8 17 9 44 11 14 12 32 14 42 16 10 17 42 20 26 23 47 24 50 25 47 7 6 24 13 44 14 39 16 18 21 26 24 45 26 44 9 4 24 5 41 6 33 7 50 8 22 11 35 14 15 19 27 22 23 5 7 40 12 37 13 42 20 44 24 19 7 2 50 3 17 9 20 20 20 22 47 24 30 25 28 10 1 35 3 29 6 49 7 48 8 20 9 45 18 46 20 42 21 20 23 15 10 9 23 10 46 12 18 13 16 16 16 17 18 20 17 23 46 25 35 26 14
5 11 1 44 2 18 3 18 4 49 5 10 6 47 15 29 23 26 24 34 25 41 26 32 3 1 27 12 35 16 14 14 3 50 4 37 5 29 9 31 10 12 13 35 16 41 17 37 19 15 21 29 22 35 23 17 25 16 26 39 15 1 22 3 46 4 31 7 19 8 39 10 23 11 36 12 40 13 29 15 16 19 22 20 12 23 27 24 32 25 10 7 5 43 7 24 9 38 15 25 23 47 24 10 25 10
4 10 2 43 4 23 7 31 11 32 14 26 19 48 20 37 22 47 23 26 26 27 10 1 17 4 13 6 39 8 20 11 31 12 26 16 33 18 39 20 10 21 20 10 4 34 5 18 6 20 10 43 15 49 18 43 19 46 20 47 22 21 26 27 5 1 12 4 42 7 28 18 37 21 17
5 10 6 50 7 42 11 44 12 43 14 30 15 45 17 44 19 18 21 44 25 17 11 1 42 4 15 5 29 11 37 13 25 15 32 17 44 18 13 19 45 22 10 24 33 13 2 34 3 20 6 27 7 23 8 44 9 11 14 16 16 15 18 42 19 13 20 22 24 43 25 35 8 2 31 7 41 11 31 13 16 21 45 22 26 23 18 26 22 11 1 18 3 18 8 33 10 44 13 17 14 37 19 10 20 18 21 19 25 23 26 40
4 14 2 26 3 50 6 46 9 45 12 34 14 39 16 49 17 29 19 20 21 19 22 10 23 33 24 42 25 32 12 1 46 3 40 4 20 6 46 8 15 12 29 16 13 18 21 19 19 21 37 24 42 25 12 11 1 28 4 12 8 40 10 47 11 17 13 25 14 39 18 11 21 31 22 40 24 50 4 4 38 6 20 8 24 25 30
5 9 3 34 6 43 7 28 11 28 14 32 15 35 18 30 21 30 25 19 3 4 22 7 20 25 10 8 4 12 7 21 9 12 15 41 16 17 19 21 24 40 25 40 10 2 19 3 44 4 18 9 17 13 49 14 20 17 38 20 18 23 35 26 32 13 4 12 6 20 8 21 11 46 12 22 14 10 15 45 16 28 19 44 20 31 21 15 23 15 25 15
7 9 1 28 4 49 5 27 13 21 14 11 17 19 21 38 24 43 25 14 11 4 41 6 21 7 37 8 45 10 18 11 15 12 32 18 31 21 36 23 41 24 15 12 1 32 3 28 4 29 5 22 6 47 9 34 10 14 15 44 17 47 20 11 21 41 24 44 6 3 48 5 22 8 41 9 18 11 36 19 47 12 1 41 4 26 6 43 7 33 11 42 12 13 17 26 18 43 19 21 22 50 23 39 25 35 13 1 21 4 11 5 10 7 45 8 12 10 49 12 15 14 18 19 33 22 39 23 24 24 41 26 50 11 2 34 4 31 6 18 7 32 8 36 11 40 13 11 14 31 15 33 17 22 24 28
7 6 2 18 8 37 11 40 12 15 13 30 26 25 14 1 42 2 22 6 40 9 46 10 13 11 43 15 38 16 46 20 45 21 12 22 26 24 14 25 43 26 36 8 7 45 10 13 12 11 14 17 15 18 17 30 18 25 26 49 3 6 17 7 32 11 48 15 1 46 2 27 3 30 5 18 7 42 10 25 12 14 13 31 14 24 15 25 16 42 19 48 20 36 22 10 23 16 13 2 40 5 32 6 36 7 39 9 29 11 29 12 50 14 23 15 35 17 23 18 20 19 21 24 30 14 1 24 4 18 5 18 8 35 10 33 11 40 12 15 13 15 15 28 16 15 17 42 19 40 20 23 23 28
3 14 4 21 5 12 7 14 10 40 11 16 13 17 15 14 16 26 17 21 19 25 21 13 23 45 24 14 26 45 6 5 13 13 24 15 29 21 35 24 22 25 17 10 1 37 6 47 8 47 13 37 14 48 16 17 17 38 19 45 20 38 22 12
8 3 4 27 15 31 24 22 11 1 42 3 19 5 25 8 14 10 35 16 27 17 25 20 11 22 24 23 32 26 46 3 3 14 17 11 18 20 4 2 30 6 25 12 45 21 14 5 1 50 10 46 14 38 22 48 23 32 13 2 43 6 10 8 45 9 30 11 47 12 31 13 28 20 26 21 43 22 37 23 25 25 29 26 44 10 1 13 2 49 3 47 4 42 6 29 8 30 11 21 13 40 17 36 19 15 12 1 27 4 15 5 43 6 26 9 18 16 27 18 23 19 30 23 11 24 26 25 42 26 17
5 15 3 27 6 49 7 50 8 25 9 27 10 39 12 24 13 41 16 18 17 30 18 38 20 38 24 22 25 11 26 37 6 3 47 12 12 13 44 18 13 21 34 25 25 13 3 41 6 36 10 19 11 18 13 46 15 41 16 42 17 20 18 27 20 42 21 48 23 15 25 45 5 8 38 10 20 11 27 12 19 23 12 3 6 48 20 48 22 36
6 13 1 43 2 15 5 31 9 43 12 30 15 44 16 20 18 19 19 39 20 47 21 23 22 33 26 35 5 3 31 11 29 12 22 14 26 19 49 14 2 42 3 15 4 16 7 11 8 17 13 45 14 12 15 15 16 24 17 42 20 12 21 33 22 19 26 10 9 5 12 7 26 8 44 9 46 10 11 11 21 16 15 21 38 22 38 5 2 18 5 40 10 37 15 26 16 25 12 3 50 4 50 5 42 6 38 8 10 11 26 14 43 15 30 16 48 18 32 23 48 25 22
3 11 3 43 4 38 5 41 13 32 14 26 16 17 18 15 19 43 21 28 23 41 25 35 5 9 38 15 49 19 15 20 35 21 17 10 1 50 2 32 3 41 4 24 6 10 8 28 14 32 15 19 24 22 26 15
5 12 4 34 7 34 9 30 10 29 11 19 14 13 16 48 17 44 19 35 21 34 22 35 25 28 8 2 29 3 27 4 20 7 14 15 11 16 20 17 10 26 47 14 2 30 3 42 4 18 6 28 7 10 8 37 9 43 10 31 13 45 16 45 21 47 23 23 24 43 25 15 13 2 38 3 13 5 18 6 31 7 22 8 44 9 25 11 37 13 47 15 41 21 38 23 47 25 16 3 6 18 20 10 22 45
5 12 3 33 4 33 5 46 6 20 10 32 12 22 13 29 16 36 17 10 19 31 21 44 24 16 4 5 36 8 16 11 25 19 41 15 3 45 5 37 6 27 7 22 8 22 9 17 10 17 11 27 12 33 15 48 17 23 20 46 21 19 22 13 24 50 10 1 30 2 16 7 34 8 11 9 49 12 42 14 29 16 15 17 50 20 26 8 2 13 7 37 9 30 14 33 18 15 23 19 24 44 26 17
3 5 2 34 3 35 9 41 16 25 17 46 3 1 38 10 45 19 21 7 1 22 4 13 7 21 8 33 13 45 14 25 24 34
7 14 2 37 5 37 7 14 8 16 10 41 12 28 13 49 14 33 17 24 18 43 22 38 23 35 25 39 26 46 11 3 27 6 41 7 33 8 34 10 11 11 45 14 11 15 11 20 39 21 49 22 24 13 2 30 3 11 4 41 6 44 10 30 13 22 16 38 18 23 19 50 21 25 22 30 24 10 25 21 15 1 41 4 34 5 40 7 15 10 29 14 46 15 43 16 25 17 45 18 35 19 29 21 45 22 44 23 40 25 43 14 3 12 5 18 6 27 7 47 8 16 9 18 13 29 16 36 17 46 21 11 22 20 23 33 25 48 26 34 15 1 21 2 45 3 40 4 42 9 24 10 22 12 20 14 13 16 37 17 38 18 15 19 29 21 37 24 40 25 50 3 3 18 7 42 25 36
5 15 3 24 4 44 5 37 6 22 8 21 9 19 11 20 12 14 16 40 19 13 20 32 22 13 24 38 25 31 26 39 14 1 43 3 38 5 46 6 38 9 13 13 33 16 25 18 19 19 36 20 42 21 34 22 36 24 39 26 48 3 4 34 14 16 17 44 4 9 18 13 18 15 20 23 15 7 3 18 4 36 12 35 15 32 19 22 22 22 25 11
7 9 8 32 9 37 10 43 11 18 15 30 16 26 20 20 22 39 26 41 4 11 30 18 14 21 37 25 44 13 1 43 2 12 3 24 5 33 9 35 11 38 12 37 14 17 15 14 16 32 18 36 20 28 21 13 8 6 22 7 44 10 35 12 17 16 43 18 17 21 38 22 25 4 2 12 8 21 9 13 20 35 11 3 25 4 41 5 23 7 45 9 44 14 41 15 19 17 26 18 50 20 12 21 12 15 1 44 2 14 3 45 4 15 5 24 8 40 9 46 10 39 11 19 13 27 16 50 18 14 21 38 22 26 26 21
3 5 9 44 11 31 14 17 18 13 22 16 3 3 17 5 24 25 22 7 2 35 3 25 6 21 9 41 14 30 15 46 17 22
7 7 8 31 11 49 12 41 16 44 17 38 22 50 24 47 12 6 19 8 19 9 27 10 29 11 15 14 38 15 32 17 23 21 48 24 37 25 40 26 39 8 1 31 4 45 5 14 8 13 14 38 16 47 24 13 26 19 7 1 40 12 12 14 21 16 14 21 26 23 40 26 26 15 2 17 3 44 4 27 5 31 7 38 9 30 10 28 11 22 12 15 13 38 14 13 15 37 18 41 21 45 22 22 9 1 46 13 49 14 18 15 43 16 34 17 25 19 13 22 44 25 20 8 1 24 2 14 8 34 9 38 12 10 20 27 21 13 25 26
4 12 1 34 2 26 5 34 6 20 9 39 13 43 14 45 18 37 20 36 21 22 23 43 25 10 3 4 40 7 33 25 43 14 2 50 4 15 8 19 11 47 12 41 13 42 14 33 15 31 16 19 17 46 20 37 22 26 23 43 26 49 13 4 28 5 13 7 30 11 27 12 15 14 35 17 21 18 30 19 33 20 45 21 13 25 42 26 14
6 15 1 14 2 10 5 22 6 32 7 23 8 32 13 45 15 25 16 49 17 49 18 30 20 18 21 30 23 42 26 13 3 1 22 14 15 19 43 3 2 44 19 50 25 35 6 3 49 7 24 12 38 13 23 23 30 24 13 4 1 35 2 16 7 48 17 31 11 1 45 4 49 6 20 7 25 9 27 10 44 16 21 20 19 21 21 22 28 25 39
5 4 11 17 12 30 21 15 23 31 13 3 50 6 48 7 11 10 18 12 17 15 24 17 43 18 37 19 44 21 35 23 14 24 50 25 16 14 3 10 4 27 5 20 8 28 10 11 11 43 16 21 18 41 19 28 20 34 21 16 22 49 23 43 26 17 9 1 12 2 47 7 12 8 35 10 21 16 49 21 48 23 15 26 24 12 1 39 2 35 4 41 5 22 7 11 8 13 9 49 13 16 21 35 24 28 25 34 26 14
8 12 2 35 3 25 5 14 7 46 11 28 12 31 14 19 15 22 17 37 18 18 24 16 25 48 3 3 34 7 31 14 27 6 4 37 5 24 9 20 10 36 17 21 21 24 10 6 37 7 23 9 33 11 50 13 23 14 31 19 18 21 20 24 39 25 39 7 2 46 13 36 14 30 16 29 17 32 23 50 25 46 5 9 31 10 14 11 38 19 37 21 29 5 6 40 8 25 10 45 19 26 25 44 11 1 12 2 36 3 48 5 12 9 45 11 39 14 17 16 23 18 15 25 49 26 39
6 5 2 10 5 43 12 20 17 13 26 35 7 1 36 5 43 7 33 13 41 17 44 21 36 23 12 14 1 40 3 31 7 10 8 29 9 29 10 36 12 27 14 50 15 23 17 13 18 41 19 41 20 21 26 13 10 2 47 6 49 8 44 15 42 17 46 18 31 22 24 23 40 24 39 26 29 10 1 44 2 23 3 41 7 45 10 29 11 48 12 42 13 37 20 12 23 13 8 3 49 5 13 10 32 12 32 14 11 17 41 21 40 22 42
7 11 1 49 3 43 4 23 8 31 9 12 10 20 12 37 18 32 19 19 21 43 24 40 12 1 45 2 16 4 25 8 12 9 33 11 38 15 31 16 27 20 16 23 11 24 10 26 22 4 13 19 14 14 19 23 20 46 5 4 15 7 26 12 18 13 50 18 26 6 5 19 6 43 9 29 20 10 21 37 25 28 8 6 48 7 49 8 50 10 26 12 16 15 48 18 39 23 22 8 4 25 6 18 7 22 12 16 15 49 17 32 18 17 24 20
5 4 9 50 11 43 23 38 26 44 13 1 16 2 27 7 23 9 30 10 34 11 50 13 25 15 14 16 11 17 44 20 19 24 25 25 21 13 1 29 2 15 3 36 4 23 6 32 10 31 11 32 14 40 17 42 21 43 23 27 25 15 26 28 8 8 32 10 45 12 39 15 43 16 30 24 41 25 34 26 40 15 2 46 3 38 4 32 8 38 9 33 10 25 13 13 14 28 15 30 16 22 18 39 19 13 20 41 24 27 25 41
7 4 3 36 7 46 9 19 19 36 4 5 20 17 39 19 50 22 48 14 2 38 8 29 9 17 10 26 11 17 12 41 13 29 15 30 18 11 19 16 21 16 22 31 24 48 25 32 15 3 44 5 30 8 45 11 46 12 29 13 26 15 22 16 49 18 39 19 34 20 20 21 15 24 11 25 42 26 46 14 2 45 6 17 9 24 10 46 12 31 14 16 15 48 16 10 17 27 18 41 20 38 21 17 24 42 26 37 14 1 27 3 15 6 32 8 15 10 25 11 28 12 12 13 15 16 39 17 27 19 48 20 39 21 16 25 23 13 1 35 2 27 3 45 4 40 5 40 9 22 11 48 14 40 17 50 20 45 21 34 23 30 24 16
4 10 5 38 7 10 10 27 12 34 15 31 18 38 19 15 21 50 22 39 23 24 13 1 10 3 44 6 46 7 45 8 15 12 49 15 21 18 11 20 48 21 22 22 42 25 20 26 47 9 6 45 7 43 8 41 11 10 12 18 16 18 17 14 23 19 24 50 7 4 34 9 34 10 49 14 27 22 31 24 46 26 29
3 11 1 26 3 18 4 19 7 42 9 47 10 40 12 26 16 23 24 26 25 40 26 35 5 3 38 4 17 14 25 19 49 25 35 3 7 47 17 18 18 14
5 9 3 35 5 40 9 22 12 42 13 37 14 45 23 10 24 30 25 37 4 1 39 4 31 6 36 13 21 9 3 29 5 36 7 40 8 34 18 41 20 41 21 22 23 38 25 46 11 1 17 7 33 9 48 10 34 12 48 17 45 18 16 19 23 21 18 22 20 24 14 5 7 20 9 47 10 46 12 11 19 22
4 5 4 27 7 24 10 43 11 10 14 32 4 11 21 17 38 19 40 25 43 15 2 42 4 21 8 43 10 21 11 24 12 20 14 36 16 36 19 44 20 12 21 45 22 34 23 35 24 22 26 15 8 4 28 6 37 14 34 15 20 16 12 21 22 22 31 25 36
4 14 1 40 2 49 5 36 9 19 12 36 13 18 15 33 16 38 17 43 18 49 19 41 20 36 23 17 26 50 9 3 46 5 19 13 44 18 14 19 10 20 42 21 38 25 16 26 41 13 1 37 3 24 4 27 5 40 11 16 12 27 13 17 15 15 17 24 18 35 20 25 22 15 26 41 10 1 17 4 39 6 11 8 44 9 40 12 13 13 14 14 26 16 33 17 10
5 9 1 33 10 30 11 21 12 34 13 37 16 37 18 35 19 26 20 14 8 1 39 2 48 3 45 12 27 15 32 20 50 22 14 23 39 7 1 26 3 12 7 10 17 47 18 31 22 35 24 23 13 3 43 5 26 6 15 8 31 9 15 10 35 11 36 14 16 16 41 19 33 21 46 25 37 26 22 4 7 27 14 22 22 47 24 35
7 14 2 38 3 50 4 33 5 14 6 28 7 19 8 16 9 26 12 31 13 28 16 38 17 43 20 14 21 37 11 2 12 5 38 6 34 12 37 13 46 18 27 19 18 22 14 23 38 24 11 25 10 13 2 11 4 43 6 16 9 50 12 36 13 25 15 35 17 12 18 20 19 10 20 46 21 36 26 18 11 1 38 2 13 9 37 12 17 14 45 16 33 18 16 20 34 22 42 23 42 26 50 9 2 30 3 43 6 16 7 28 10 14 15 11 17 44 20 45 21 21 9 2 45 5 20 11 22 12 46 14 26 15 29 22 43 23 13 25 50 14 1 23 3 47 6 26 7 35 8 22 9 28 11 22 12 14 15 33 16 21 17 10 19 45 20 21 26 33
8 11 2 35 3 39 5 21 6 38 11 49 14 34 18 35 19 27 21 14 23 10 24 13 4 5 26 8 27 17 49 23 20 3 16 24 21 14 22 11 11 1 49 7 46 11 44 16 30 17 14 18 49 20 35 23 32 24 19 25 44 26 28 7 2 39 9 37 10 44 11 48 13 40 16 47 20 46 3 5 24 7 43 24 29 11 1 27 4 15 7 47 11 42 12 46 13 23 19 21 22 12 23 48 25 45 26 46 12 6 26 7 22 8 38 11 38 13 14 14 30 19 39 20 44 22 47 24 46 25 24 26 41
4 14 2 14 4 27 5 29 6 45 7 38 10 48 11 29 13 39 15 34 16 48 17 25 19 19 22 31 24 40 5 2 11 10 49 13 18 20 32 25 19 15 1 19 2 25 4 29 5 45 6 28 8 38 11 16 15 19 17 26 18 29 19 47 21 40 23 40 25 44 26 41 13 1 25 5 10 6 29 9 28 11 25 12 29 14 19 16 27 17 36 19 26 22 33 24 20 26 20
6 3 8 45 10 12 20 32 6 4 33 8 28 18 25 21 41 24 44 26 21 13 3 15 6 28 7 48 10 32 11 39 14 49 18 31 19 40 21 35 22 41 23 35 25 11 26 21 15 2 10 3 24 4 40 5 20 6 16 7 41 9 45 10 43 11 38 12 45 13 29 23 29 24 14 25 32 26 13 8 2 26 5 44 13 31 16 21 18 46 24 42 25 34 26 39 15 3 11 5 44 6 15 8 39 10 20 11 41 12 33 13 32 16 18 18 33 19 42 22 46 24 24 25 47 26 29
4 5 6 24 11 38 13 28 19 16 25 15 13 4 48 5 41 6 37 7 21 8 50 11 20 13 12 16 21 19 16 20 31 23 27 24 29 26 18 6 8 38 9 31 18 44 20 27 21 23 25 39 7 1 34 5 50 16 18 18 11 21 48 24 19 26 20
8 10 2 26 4 32 5 16 7 26 11 20 12 29 18 35 20 46 24 37 26 23 10 2 47 3 33 4 34 6 44 9 44 13 14 19 48 20 14 22 17 24 16 15 2 18 3 23 4 26 5 37 8 35 9 11 11 24 13 43 14 10 15 46 19 11 21 17 24 25 25 16 26 41 4 2 24 3 36 16 23 17 14 6 4 46 5 12 9 24 15 19 20 43 23 41 15 2 43 3 14 4 33 5 24 9 21 10 12 11 16 13 11 16 40 17 24 20 33 21 32 24 42 25 22 26 14 3 3 20 5 42 14 42 12 2 11 4 44 6 42 8 20 9 49 10 10 13 23 14 16 19 17 22 45 23 36 24 10
7 15 2 19 4 26 6 30 7 31 9 31 11 22 13 43 14 15 18 13 19 49 20 12 21 27 23 19 25 46 26 42 8 4 20 8 41 11 30 12 26 13 32 16 43 18 15 20 28 6 1 47 5 46 7 19 10 41 12 27 20 35 13 4 36 6 10 8 31 11 42 12 40 13 45 14 49 16 17 18 38 19 34 22 23 24 48 25 10 5 2 18 9 16 13 42 17 27 20 46 8 2 37 9 24 11 15 13 44 18 43 19 41 21 50 26 17 13 1 46 4 33 6 42 7 34 12 13 14 31 16 11 17 31 18 32 20 42 21 16 23 29 26 39
81 68 48 143 50 60 70 105 136 131 46 52 83 137 107 54 85 48 65 81 104 92 59 94 36 70 76 52 38 53 93 79 84 64 89 132 76 119 50 50 155 132 98 84 80 90 87 59 78 95 97 97 75 73 64 63 92 93 88 49 147 85 101 55 80 67 36 85 78 91 52 91 73 100 97 133 74 108 60 112 54 51 93 50 59 67 117 148 79 76 68 103 130
2 3 1 2 2 2 2 3 1 3 2 2 2 3 2 3 3 1 3 1 3 1 2 3 2 1
# Instance ID: 72
# Size type: large
# Total operations: 502
# Actual flexibility: 0.354
# Generated: 2026-02-07 22:12:21
# Format: Extended Brandimarte format for MOFJSP