19 6
7 2 2 30 4 31 2 3 26 4 15 2 1 13 5 32 1 6 14 3 1 22 2 11 6 49 1 2 18 2 1 46 6 23
3 2 3 33 6 20 3 1 29 2 16 5 47 1 3 46
6 3 2 14 4 47 6 50 1 1 29 3 1 32 5 44 6 37 3 1 10 3 36 6 41 1 4 33 3 2 21 4 43 6 27
4 3 4 37 5 47 6 27 2 1 27 2 38 1 4 46 3 3 11 4 41 6 30
8 1 4 23 2 3 27 6 48 3 1 43 3 22 5 15 1 6 36 2 2 40 5 41 2 1 28 6 24 2 2 29 6 47 2 4 43 5 32
7 2 5 31 6 32 3 3 26 4 24 5 17 3 1 44 2 21 3 22 1 6 40 2 5 43 6 48 2 1 28 2 24 2 2 10 3 44
6 1 3 12 1 5 28 3 1 10 2 46 4 28 2 4 31 6 21 1 3 40 1 1 35
3 2 1 50 5 13 1 2 46 2 1 17 2 45
3 2 5 49 6 24 3 4 29 5 47 6 37 2 5 13 6 49
5 3 1 26 2 15 5 20 1 2 45 1 2 10 2 4 40 5 28 1 2 28
5 3 1 24 3 26 4 50 3 2 17 4 44 6 24 3 2 14 3 13 6 20 2 5 28 6 38 1 4 29
4 3 3 38 4 15 6 48 1 4 30 3 1 24 3 46 5 47 1 6 27
6 3 1 43 2 38 4 27 1 5 37 3 1 32 4 36 6 31 2 1 20 6 31 2 4 28 6 35 3 1 30 4 26 6 30
6 1 4 42 1 6 44 2 1 22 4 43 2 4 50 5 38 1 2 27 3 2 41 3 17 4 11
8 3 2 29 5 45 6 10 3 1 17 2 39 4 17 3 2 42 3 27 4 36 2 2 39 4 45 1 4 22 3 1 27 2 36 5 31 3 1 29 3 47 6 47 3 2 44 4 40 6 32
8 2 5 34 6 39 2 2 46 6 34 1 4 12 2 4 34 6 34 3 2 12 4 18 6 42 3 1 16 3 43 4 39 1 6 19 2 2 14 6 40
8 2 3 35 5 15 2 5 34 6 30 3 1 49 4 14 6 25 3 2 15 3 37 6 16 3 1 20 4 29 6 11 1 3 13 2 3 37 6 19 1 5 36
5 3 2 21 5 15 6 49 2 2 41 5 47 1 2 39 3 3 10 4 39 6 28 3 1 38 2 32 5 47
6 2 4 26 6 39 2 2 40 4 16 1 4 46 2 3 28 5 11 3 1 46 3 13 4 48 3 2 48 3 32 4 24
111 42 95 60 138 128 106 56 58 99 81 77 100 103 101 123 151 67 84
2 2 3 3 2 3
# Instance ID: 1
# Size type: small
# Total operations: 108
# Actual flexibility: 0.346
# Generated: 2026-02-07 22:12:21
# Format: Extended Brandimarte format for MOFJSP