89 26
8 9 3 17 6 15 11 46 14 18 16 14 21 13 22 12 24 12 26 43 7 1 35 2 17 4 44 8 46 10 12 11 44 14 29 8 3 41 4 29 7 31 11 31 12 25 16 20 17 27 20 14 14 1 48 2 25 4 16 7 31 9 13 10 28 11 46 15 24 16 27 17 32 18 10 19 36 23 30 26 11 5 5 26 9 24 17 42 18 34 25 36 8 2 11 6 22 10 50 11 34 13 35 16 30 18 23 24 17 10 1 10 4 30 8 39 12 11 15 13 20 35 22 46 23 22 24 30 26 22 15 1 46 2 33 3 10 5 36 6 33 7 44 8 34 13 39 14 39 15 42 17 23 18 44 23 48 24 42 25 33
4 3 5 32 9 44 17 26 10 2 10 3 41 5 42 7 12 10 35 17 29 18 23 19 41 21 12 26 23 7 4 18 6 29 7 18 12 20 13 18 17 20 22 12 6 1 33 3 27 4 17 6 28 10 29 11 37
7 9 1 19 2 18 5 31 6 11 8 33 9 22 15 47 18 31 23 31 9 1 26 3 15 7 10 9 42 10 35 11 14 19 43 23 47 24 10 5 8 29 13 29 14 36 18 11 23 37 11 3 44 6 34 7 13 11 40 14 22 17 40 20 22 22 40 23 30 24 13 26 47 3 2 31 6 25 23 12 6 5 24 9 16 18 13 22 40 23 35 24 16 7 1 10 5 38 8 26 9 48 12 10 14 23 16 48
6 7 5 28 6 25 11 45 12 35 16 26 17 41 20 48 8 5 34 6 19 7 36 10 22 12 34 14 39 15 32 19 37 8 1 41 12 26 14 50 16 44 20 38 23 14 24 22 25 23 10 9 33 10 28 12 46 17 45 18 39 19 14 21 15 22 25 23 35 26 40 8 4 15 6 31 11 28 17 19 18 40 22 48 24 28 26 34 13 1 23 2 38 5 39 6 15 7 20 10 13 11 19 12 21 14 43 15 24 16 48 17 15 22 35
8 8 2 30 3 47 4 32 7 23 10 16 21 32 24 50 25 40 4 10 14 11 32 20 17 26 16 8 1 38 2 36 3 31 15 49 18 30 19 33 20 44 24 44 9 1 45 3 48 4 19 5 40 6 50 8 15 16 17 20 26 26 17 11 3 24 5 22 6 37 8 41 11 18 14 33 18 25 20 11 21 37 25 15 26 16 15 1 39 2 23 3 42 4 44 5 24 7 37 9 11 11 25 15 39 16 16 17 39 18 27 22 32 25 18 26 33 12 1 19 2 28 3 35 4 40 11 10 13 27 20 23 21 32 22 46 23 47 25 40 26 46 10 1 25 5 16 7 20 11 15 16 31 18 30 21 26 22 16 24 27 26 50
7 11 1 29 8 35 9 32 10 28 13 17 15 26 20 42 22 13 23 37 25 22 26 43 10 4 46 8 50 11 37 12 44 13 17 16 14 17 25 18 11 20 41 26 46 5 12 23 17 26 18 20 19 28 22 30 10 2 16 3 18 7 11 10 44 13 34 14 35 15 31 19 48 23 21 24 33 7 1 44 3 29 5 19 9 43 15 17 23 50 24 30 7 2 20 3 43 8 41 9 40 14 22 17 14 25 26 3 3 19 8 35 26 50
5 9 2 37 8 11 9 13 12 49 14 34 16 34 20 35 21 49 25 48 4 7 25 9 26 22 27 23 38 11 3 37 8 29 9 37 11 10 15 36 17 38 18 41 19 44 21 48 23 43 26 44 11 1 35 6 15 10 23 11 18 15 11 17 15 19 17 22 34 23 19 24 24 25 14 13 1 35 2 45 3 25 4 11 9 26 13 10 14 50 15 34 16 41 17 48 18 40 21 29 25 18
5 8 2 47 4 13 7 24 10 21 20 27 24 32 25 45 26 27 4 4 11 6 34 15 47 19 27 8 3 28 12 30 13 41 15 30 19 27 22 42 23 49 26 28 10 1 39 7 29 8 45 11 26 13 27 16 42 19 46 20 18 22 16 26 22 3 12 36 14 10 21 26
6 10 2 14 3 22 6 10 7 25 10 15 17 31 18 18 21 19 22 37 26 17 5 5 38 15 18 17 44 21 35 26 35 9 6 49 7 48 8 16 9 34 12 42 16 49 20 37 23 48 25 49 12 2 23 4 46 5 43 6 16 7 26 8 15 9 10 13 40 14 11 17 26 18 31 21 42 7 4 43 6 29 7 32 9 29 12 43 17 46 25 10 4 9 28 12 11 17 37 23 34
8 7 2 14 3 38 5 48 12 43 14 35 21 11 26 10 15 2 44 4 48 5 32 6 32 9 18 12 26 14 14 15 17 17 11 18 12 20 30 21 29 23 47 24 37 26 27 4 6 39 18 31 23 13 24 21 8 2 33 6 13 9 20 11 28 12 19 13 11 16 49 17 19 13 1 10 3 41 4 35 6 44 7 34 9 25 10 16 12 14 13 21 16 48 19 31 21 23 25 42 10 2 32 5 35 6 48 7 19 13 13 15 27 17 14 18 18 20 12 24 26 5 1 15 8 50 11 29 12 34 16 12 13 1 13 2 36 4 11 5 35 6 26 8 27 10 17 14 20 15 34 16 50 19 41 21 28 24 14
8 3 3 22 6 43 7 38 12 1 43 7 13 9 17 12 14 14 17 15 26 17 50 18 21 20 31 23 46 24 22 25 34 13 1 35 2 34 5 39 6 21 7 11 14 28 16 26 17 20 18 13 19 37 20 13 23 22 26 16 8 5 36 6 45 9 26 10 43 13 17 19 35 21 15 26 43 5 2 43 3 16 12 19 23 18 25 48 11 4 28 5 23 7 13 9 27 12 22 14 10 15 24 19 45 20 13 23 44 24 11 14 3 21 4 41 5 50 6 16 7 34 8 45 11 41 12 14 13 25 17 14 20 46 21 50 23 48 25 37 4 2 18 12 24 19 30 26 28
7 13 1 10 3 32 4 36 7 13 9 37 12 35 13 21 16 40 17 14 19 34 21 11 22 48 25 32 3 5 18 19 12 26 44 11 1 24 2 41 5 50 8 14 10 25 15 36 19 47 21 37 23 41 24 13 25 17 11 2 23 4 36 6 14 8 15 9 49 10 18 13 41 21 29 22 15 23 17 24 48 13 1 29 7 17 9 42 10 23 13 28 16 48 18 48 19 11 20 38 21 26 22 49 24 13 25 20 9 2 24 6 23 7 30 8 15 10 26 13 47 18 47 20 41 21 28 9 4 20 5 20 6 25 9 28 10 50 15 49 17 25 19 41 25 50
7 13 1 25 2 44 3 21 7 19 8 22 9 27 11 25 14 50 15 33 21 20 23 28 24 12 26 46 9 3 35 9 46 10 30 13 29 14 20 16 33 20 39 25 14 26 38 8 1 12 2 41 5 11 8 35 11 42 13 12 14 21 16 21 7 1 30 4 43 6 38 12 34 20 10 22 19 26 14 12 4 25 5 39 6 29 7 48 8 38 12 49 17 13 18 37 19 47 20 18 21 28 25 42 5 1 43 5 15 7 31 22 22 23 44 9 1 50 2 43 5 15 9 24 17 29 22 12 24 16 25 45 26 18
8 13 9 16 10 15 11 10 12 19 13 31 15 48 16 32 17 34 19 44 20 20 22 36 24 27 26 28 14 1 42 2 29 3 31 4 27 6 34 8 45 9 39 18 17 20 29 21 23 22 47 24 42 25 29 26 46 4 10 35 15 50 22 23 26 40 5 4 42 9 23 12 41 16 33 25 25 13 4 14 5 27 7 21 8 42 9 43 11 26 13 47 14 44 16 50 17 29 19 22 20 20 25 43 8 7 18 9 35 14 44 16 33 20 18 21 40 22 49 26 16 9 2 13 7 42 11 26 13 47 14 35 15 34 19 35 21 13 23 13 7 6 22 7 44 9 39 12 10 13 41 20 27 21 44
7 3 4 47 14 46 15 32 15 1 21 7 43 8 10 9 30 11 36 12 22 13 17 15 48 17 25 18 38 20 24 21 46 22 30 23 31 24 30 9 7 28 9 43 12 23 14 12 17 10 18 27 19 11 22 24 25 41 3 19 46 22 34 25 45 13 4 41 7 26 8 18 10 40 12 24 14 37 16 20 18 43 22 19 23 20 24 41 25 43 26 12 3 16 40 19 23 23 16 11 2 31 4 27 5 39 6 16 8 18 11 15 13 44 15 46 19 17 23 20 24 50
8 10 1 15 3 21 6 42 13 13 20 11 21 20 22 27 23 48 24 34 26 39 15 2 13 4 37 5 40 7 27 10 45 12 50 14 44 15 50 16 23 17 21 18 34 19 14 21 28 23 31 25 18 13 2 24 3 35 4 23 8 41 13 37 14 31 15 37 18 19 19 24 22 25 23 12 24 28 25 48 15 1 30 2 29 3 21 7 46 9 24 12 36 14 46 17 35 18 43 19 14 20 35 21 41 22 30 23 26 26 46 13 3 30 5 38 6 30 7 20 8 27 10 20 15 41 16 31 18 45 19 36 21 22 22 29 23 25 8 2 37 11 37 13 50 16 21 17 22 18 25 19 22 22 30 5 11 16 12 43 16 21 19 16 24 48 12 1 12 2 45 6 36 9 40 11 26 13 11 16 11 20 17 21 33 23 41 24 31 25 10
4 7 5 31 6 28 9 43 16 49 21 31 22 20 23 38 7 1 28 6 14 9 29 10 21 14 47 15 38 23 39 15 1 32 2 15 4 11 5 49 6 13 8 28 9 39 11 14 12 33 14 37 16 40 21 24 22 20 23 42 25 46 11 2 49 5 14 6 49 7 28 9 24 10 48 13 29 14 43 18 34 21 11 24 42
8 10 1 31 2 12 6 23 7 31 11 22 12 47 16 27 17 14 18 29 19 16 3 9 36 15 17 19 12 14 1 35 3 44 4 30 5 12 7 11 9 20 10 17 11 12 12 44 15 49 16 19 18 26 19 46 23 30 3 13 20 15 21 22 25 8 4 30 7 31 9 16 14 28 16 21 18 20 20 32 23 15 6 5 11 10 32 12 30 13 40 18 43 20 19 12 3 47 4 34 5 42 6 39 13 26 14 15 16 37 17 41 19 14 21 45 22 29 24 45 9 6 38 9 21 12 27 19 50 20 20 21 10 22 11 23 36 26 48
5 12 1 19 3 19 8 30 10 50 11 42 13 35 15 31 16 34 17 11 19 43 23 36 24 12 12 1 20 2 24 4 40 6 44 7 17 8 11 10 22 11 44 13 13 21 36 22 30 23 40 6 4 10 7 31 8 19 11 46 15 27 21 38 9 1 10 3 39 8 31 9 10 13 30 14 26 17 38 21 11 23 46 9 4 19 6 49 9 45 11 41 16 10 18 13 19 13 20 46 24 46
7 3 5 21 7 42 12 40 9 4 33 5 14 7 28 10 20 13 21 14 10 17 43 19 11 23 39 6 10 40 14 41 15 34 16 15 17 13 20 50 13 1 11 2 23 4 20 5 16 8 49 9 21 12 16 14 22 16 32 18 47 19 21 23 17 26 44 13 2 29 4 10 7 27 8 40 9 49 10 50 12 28 13 13 14 26 17 30 18 29 21 34 24 30 15 1 24 2 35 3 34 4 16 8 26 12 23 13 49 15 45 17 48 18 50 19 14 20 39 22 43 23 31 25 38 13 1 41 2 33 3 33 4 27 5 44 10 47 11 38 12 23 14 33 17 40 18 50 20 35 23 49
8 12 2 38 3 29 4 14 6 24 8 47 9 21 12 10 15 44 18 44 19 41 23 34 26 19 15 2 49 5 46 7 24 12 29 13 25 14 15 15 49 17 41 18 29 19 40 22 26 23 35 24 34 25 42 26 28 11 2 37 3 14 6 41 9 10 10 12 11 43 12 32 17 12 18 48 20 27 24 12 7 1 19 2 20 4 48 8 33 13 48 20 26 22 43 15 1 35 2 23 3 18 7 41 8 37 10 15 11 33 13 11 14 41 16 22 17 46 19 20 23 34 24 45 25 33 7 2 42 7 40 8 49 11 19 15 19 23 42 25 15 9 1 41 2 36 4 25 7 24 8 25 11 36 14 16 17 16 25 44 10 4 15 6 37 7 29 12 37 14 18 15 37 17 50 19 31 21 27 25 36
8 8 5 13 15 20 16 35 17 47 20 25 22 25 23 44 25 22 6 5 34 14 46 18 13 20 33 23 36 25 35 11 1 26 3 20 5 38 7 48 9 36 11 49 15 31 19 22 20 37 24 50 25 40 5 2 47 3 40 12 49 13 44 25 43 13 1 27 2 39 3 31 5 23 7 44 8 26 9 22 10 23 12 25 16 26 17 15 18 35 23 11 5 4 45 12 32 21 15 24 13 25 32 12 3 39 4 15 5 46 6 18 14 23 16 44 17 46 18 21 20 43 22 27 24 42 26 38 5 4 25 6 49 12 30 14 19 25 38
7 5 3 39 13 18 15 37 21 10 24 31 11 1 20 3 23 4 14 5 26 6 12 9 28 10 42 14 44 19 21 21 11 26 12 6 3 37 6 27 8 21 9 10 10 43 25 37 13 3 13 4 31 5 39 7 41 8 47 11 22 13 41 15 37 16 24 18 20 19 12 22 16 24 31 13 2 31 3 28 4 25 7 20 11 12 14 32 15 47 16 27 19 32 20 36 22 40 25 12 26 10 13 2 32 3 14 4 30 5 14 6 43 12 39 13 22 16 20 17 29 18 24 22 43 23 20 24 15 13 2 14 3 16 4 15 5 21 8 12 11 45 16 30 17 45 18 44 19 33 22 50 23 33 25 35
4 6 3 19 12 23 13 21 14 28 16 13 20 33 9 2 23 3 27 4 22 8 17 9 19 10 42 15 40 22 10 24 10 5 7 45 14 48 17 19 19 37 24 46 5 1 25 4 19 6 49 7 37 14 38
4 3 14 22 16 34 17 15 13 1 44 2 50 7 26 9 15 10 32 14 22 16 38 17 44 18 29 19 17 20 35 24 36 25 22 8 7 41 8 19 16 28 18 26 19 21 22 39 23 22 25 17 11 2 17 3 35 4 26 5 22 8 26 12 49 15 12 18 33 19 38 22 29 26 23
7 5 11 15 13 29 18 20 20 16 26 44 10 3 46 10 32 13 39 14 13 16 20 17 33 19 39 20 46 21 23 23 35 11 6 50 9 26 10 47 12 29 14 50 15 17 16 33 18 19 21 16 22 29 23 42 15 2 10 3 37 4 24 5 30 7 46 9 22 12 42 15 35 17 39 19 37 20 41 21 12 22 47 23 36 25 45 9 5 21 13 32 14 50 16 11 18 31 19 45 20 32 21 13 23 18 12 5 18 6 12 7 43 8 50 9 37 11 34 16 17 19 50 20 29 23 17 24 21 26 46 7 11 15 13 17 17 31 22 50 24 18 25 10 26 18
3 10 2 39 5 24 6 22 9 31 11 50 13 18 15 46 16 27 17 44 24 32 3 1 18 9 23 19 48 12 2 49 3 23 5 20 6 12 9 19 10 16 11 40 15 22 20 39 23 17 24 50 25 45
7 15 2 37 3 48 5 41 6 50 7 42 8 28 12 36 13 48 14 21 18 22 19 48 20 15 21 50 22 15 25 20 4 1 17 12 17 17 39 23 28 8 3 41 6 40 7 25 13 22 16 47 19 46 23 35 25 22 13 4 17 5 46 7 26 8 28 9 18 11 49 12 30 15 17 16 21 19 13 22 21 24 46 26 44 6 3 41 5 29 6 36 10 25 21 24 23 30 9 1 27 5 14 7 16 15 17 17 19 22 50 23 49 24 18 25 30 6 1 31 4 42 5 21 8 33 12 29 23 50
7 11 1 21 3 23 4 16 7 49 9 27 10 46 15 32 16 48 18 19 19 29 21 38 14 1 32 2 45 3 37 5 13 9 14 10 15 11 35 14 23 15 49 21 31 22 35 23 49 25 45 26 44 5 2 40 5 39 16 30 19 39 20 34 4 2 32 4 49 10 14 15 28 6 1 16 4 21 6 38 9 43 21 14 23 35 14 2 14 3 41 4 48 5 38 11 45 12 15 17 43 18 15 20 26 21 25 23 50 24 36 25 12 26 35 14 2 45 3 38 4 50 7 36 8 40 12 22 14 32 15 27 16 31 19 28 20 41 22 50 23 40 24 22
4 6 2 49 7 38 10 42 20 48 21 20 24 16 6 1 10 7 44 13 24 16 50 18 21 21 41 3 2 25 10 12 16 43 4 4 45 15 25 16 19 23 50
4 14 1 34 2 25 5 46 7 48 9 48 11 24 12 41 15 29 16 34 17 10 19 39 20 50 24 37 26 41 6 1 10 4 39 6 16 11 35 18 44 24 50 8 5 19 6 33 7 31 10 43 12 24 14 37 22 24 24 20 6 4 42 10 11 11 19 14 48 17 29 18 27
7 8 1 50 3 41 6 18 8 18 14 45 18 21 21 22 25 21 7 3 46 6 44 7 39 10 23 12 16 15 39 26 21 9 1 26 2 17 4 31 5 20 13 20 14 12 15 39 16 38 21 50 11 4 11 14 42 16 24 17 28 18 11 19 16 20 25 21 43 23 22 24 29 26 36 4 1 25 2 24 4 28 12 39 8 2 35 11 44 12 18 18 46 19 33 20 15 25 41 26 16 15 3 15 4 35 5 35 6 12 8 33 11 24 13 28 14 16 17 10 19 34 20 14 21 46 24 21 25 16 26 43
7 10 5 34 6 28 8 46 9 26 10 35 11 31 15 13 16 41 19 12 23 21 3 10 32 16 41 25 23 11 1 37 4 10 5 35 7 25 15 16 17 20 18 46 20 48 22 17 23 38 26 36 12 3 17 5 50 10 23 11 48 17 14 18 29 19 49 20 34 21 16 22 18 25 38 26 27 7 1 50 4 44 7 23 9 50 12 17 20 30 23 48 14 1 37 2 47 3 47 4 19 5 39 7 24 10 36 11 40 12 44 15 36 19 25 21 12 24 30 25 42 10 1 25 3 16 4 42 5 38 7 14 8 47 11 39 20 26 21 11 26 41
7 10 1 12 7 21 8 29 9 41 12 15 15 19 16 48 18 39 21 45 26 40 3 9 32 11 14 16 50 10 3 45 4 11 6 13 8 15 10 19 11 50 12 34 13 19 15 25 17 35 5 2 16 6 19 8 30 12 25 23 27 13 1 13 6 39 8 25 9 50 11 33 12 24 17 37 18 44 19 29 22 49 23 25 25 31 26 38 11 2 17 3 47 5 28 6 26 7 16 8 45 11 20 12 27 13 41 17 31 22 17 15 1 18 3 21 4 30 7 43 8 11 12 21 13 21 16 32 18 34 19 32 20 19 21 27 22 23 24 48 25 50
4 9 1 32 2 39 3 35 6 35 11 23 15 43 22 14 23 21 26 47 13 2 29 6 33 8 30 10 28 11 18 12 38 14 34 15 37 18 50 21 41 23 35 24 20 25 47 9 3 42 6 50 13 35 14 17 18 29 19 30 21 43 22 13 23 13 9 5 36 6 50 7 25 10 14 14 48 17 27 20 32 23 47 24 35
7 5 10 24 14 23 17 47 22 17 24 23 14 1 12 3 22 5 44 6 16 9 36 11 33 12 50 13 22 14 10 16 12 17 46 18 46 19 25 24 25 8 2 27 5 36 6 25 9 16 12 19 13 22 19 39 22 29 8 3 43 5 29 15 31 16 11 21 24 22 35 24 17 26 12 11 1 16 2 25 6 35 8 41 10 30 14 39 18 43 21 34 22 39 23 25 24 37 15 1 27 3 23 6 47 7 22 8 22 9 30 10 25 12 49 13 45 14 20 16 48 17 40 19 40 21 33 23 12 15 2 14 6 49 8 37 9 37 10 17 14 45 15 25 16 31 17 13 18 34 19 19 20 32 23 45 24 16 26 41
7 13 2 29 4 19 6 49 10 28 15 26 16 15 19 10 20 32 21 30 22 35 23 10 24 47 25 15 14 2 31 3 44 4 14 5 20 6 21 7 32 8 44 11 48 14 41 19 43 20 48 21 47 24 25 25 25 15 1 28 2 39 4 27 5 45 7 50 8 36 9 18 11 42 12 34 14 48 16 45 19 39 21 46 25 49 26 50 5 1 25 6 45 13 46 17 26 25 19 8 3 19 6 23 7 40 13 37 17 21 18 32 19 24 24 18 4 1 37 8 37 12 15 26 48 9 1 40 2 20 5 50 9 37 11 18 14 10 16 49 19 44 20 36
6 4 5 13 17 36 24 47 25 27 7 1 19 4 26 8 12 12 41 14 32 20 44 21 24 6 5 45 6 15 12 27 13 49 15 10 16 35 6 5 43 7 21 8 37 11 49 16 19 18 43 6 5 24 12 45 15 33 20 20 21 12 22 24 10 1 11 3 12 6 19 7 17 10 45 11 43 15 44 16 28 22 45 26 13
3 7 2 19 6 27 7 29 10 41 15 42 22 23 25 36 5 6 12 7 12 11 21 17 31 18 23 6 3 37 4 16 7 13 22 49 23 40 24 39
5 5 2 35 4 50 10 13 21 31 25 11 11 5 38 10 32 11 20 13 18 15 22 17 42 18 37 19 30 20 49 21 34 25 43 11 1 45 6 18 7 21 8 42 9 34 14 30 15 41 18 17 23 47 25 33 26 47 14 1 12 2 11 3 24 5 45 7 44 15 34 16 38 17 31 18 47 19 26 20 17 22 24 24 24 26 19 4 2 15 7 21 17 16 25 23
3 10 4 23 5 26 8 27 9 15 11 13 12 40 17 49 18 34 20 44 25 19 9 2 16 6 19 7 49 8 18 12 48 13 38 16 27 22 22 25 18 15 1 12 2 49 4 19 8 29 9 40 11 45 12 14 13 12 18 19 19 33 20 41 21 43 22 43 23 50 25 26
6 5 1 28 6 30 7 41 17 19 18 40 9 2 26 5 21 7 20 15 48 17 49 19 30 23 27 24 37 25 10 7 3 19 4 23 5 44 9 45 12 10 19 49 20 34 4 5 15 6 31 24 27 25 12 13 1 21 2 45 3 36 4 17 10 19 12 28 15 20 18 40 19 49 21 12 22 34 23 37 24 14 7 1 29 7 14 14 35 16 17 19 48 22 26 25 14
5 10 4 17 10 37 11 36 12 23 13 15 16 10 18 31 20 27 23 49 25 21 4 11 21 13 29 23 19 25 35 12 1 17 3 15 4 28 10 41 13 44 14 42 16 25 18 29 19 27 21 32 24 50 25 46 4 6 15 11 38 12 14 18 46 8 5 45 6 38 7 36 8 14 9 34 10 16 13 30 17 13
7 4 4 33 9 16 19 31 24 21 6 1 39 12 12 15 27 17 40 20 24 25 47 4 6 10 11 23 19 28 25 22 11 1 35 2 22 3 23 5 35 12 24 16 30 18 33 19 12 22 12 23 27 24 39 4 1 34 10 29 11 49 25 29 15 1 36 2 10 4 27 5 31 7 16 9 49 10 16 11 44 13 33 15 12 16 28 18 45 22 46 23 18 25 11 3 2 18 14 27 16 48
6 7 3 24 6 22 10 16 16 43 17 32 19 46 26 10 14 6 46 8 39 9 43 11 34 13 19 14 45 18 23 20 33 21 15 22 47 23 40 24 37 25 18 26 11 7 1 38 4 20 6 19 13 15 14 23 16 44 20 21 12 1 26 2 33 5 26 10 46 11 29 14 46 18 42 20 37 21 17 22 15 24 47 25 29 7 1 47 2 37 6 46 15 45 18 33 19 18 22 21 12 3 45 6 38 7 32 10 34 11 36 13 19 14 22 18 19 20 11 21 32 22 38 25 19
7 5 5 22 14 42 15 50 22 38 24 35 5 2 15 14 13 15 18 21 14 26 24 11 1 42 2 33 3 48 5 32 6 25 9 22 12 35 20 37 22 30 24 22 25 23 15 3 41 6 41 8 19 11 38 12 16 13 17 14 35 16 11 17 30 18 41 19 18 20 30 21 30 24 27 26 18 11 2 29 4 18 5 18 7 15 8 39 9 24 12 18 15 21 20 29 21 30 23 13 6 6 16 11 37 13 12 17 47 23 27 25 48 12 2 30 3 40 4 31 5 31 7 15 8 21 9 35 10 25 11 14 17 47 22 48 25 46
4 6 7 20 9 26 11 30 16 25 17 33 22 38 4 1 47 3 49 13 18 15 11 4 1 16 9 37 12 28 15 38 3 1 36 6 24 24 15
8 7 1 22 5 50 6 11 7 18 8 22 10 31 21 26 4 13 50 19 39 23 21 25 11 9 2 33 5 16 6 40 7 37 8 24 10 35 14 43 19 12 20 30 9 7 29 9 10 12 50 15 30 18 43 21 28 23 48 25 17 26 28 5 2 19 5 33 6 50 19 44 20 23 14 2 18 3 15 5 16 10 20 11 33 13 49 14 19 16 16 20 12 21 35 22 27 23 25 24 17 25 38 4 14 35 16 33 18 10 25 13 15 1 30 2 48 3 33 4 46 8 35 9 45 13 12 14 49 15 17 16 37 17 27 18 29 19 44 21 37 22 38
6 12 1 29 3 36 11 43 12 37 15 36 16 49 18 34 19 44 22 43 23 19 25 25 26 40 8 4 11 5 48 7 14 16 40 17 17 20 41 21 36 23 15 10 3 24 4 46 5 44 9 16 10 35 11 35 12 18 13 24 22 41 26 17 10 4 39 5 46 8 18 12 29 14 47 17 11 18 46 21 49 22 38 24 30 3 5 44 6 28 8 38 6 7 33 8 45 10 32 20 32 21 15 25 14
4 6 2 20 3 43 11 12 12 36 23 35 26 16 3 11 14 18 16 26 17 14 1 32 3 10 4 19 6 13 7 11 10 42 11 32 13 21 16 26 17 15 19 28 20 47 22 50 26 19 13 1 13 2 28 3 13 8 16 10 43 11 43 13 17 14 33 16 47 21 28 22 20 25 16 26 32
6 15 1 50 3 17 5 24 6 34 9 46 11 40 12 50 14 18 15 38 16 30 18 43 22 11 23 23 24 19 25 13 6 2 15 12 17 14 37 19 49 20 12 26 19 8 2 45 4 31 7 40 18 26 22 13 23 11 24 37 26 36 15 1 32 3 21 4 47 6 11 8 18 10 36 12 24 13 38 14 25 15 12 16 37 20 31 21 34 25 36 26 18 4 2 39 9 41 15 32 22 45 4 7 22 15 40 16 26 26 24
6 8 2 17 4 15 6 34 9 43 15 27 19 26 22 15 23 29 10 1 36 3 35 5 39 12 25 14 26 15 35 16 48 18 11 21 37 24 18 15 1 32 5 45 6 40 9 14 11 19 14 23 15 16 16 44 17 42 18 15 20 31 22 21 23 28 24 40 25 15 8 5 29 7 13 8 16 9 31 14 40 16 15 19 15 26 18 9 5 18 6 17 7 16 10 25 12 47 14 18 15 40 21 24 26 15 9 4 12 6 49 12 30 15 42 18 42 19 18 20 13 21 21 22 47
4 4 1 25 3 15 11 45 26 34 13 2 16 3 31 6 39 8 21 9 29 11 42 14 47 16 13 20 16 21 10 22 50 23 27 26 26 11 3 23 6 26 7 49 15 18 17 11 18 35 19 45 20 23 22 27 23 35 24 33 7 1 33 3 24 14 31 19 26 21 36 24 33 25 43
5 12 3 13 4 14 5 48 7 26 8 27 9 26 10 23 13 28 16 27 20 26 23 36 25 15 9 5 11 7 31 10 42 13 46 14 18 16 35 19 43 20 29 25 44 11 3 33 5 44 7 42 12 40 13 15 15 22 16 14 17 45 18 20 21 21 24 18 5 6 37 7 24 20 31 24 25 25 33 13 1 40 4 34 6 40 9 28 11 17 12 18 13 27 14 17 15 11 16 22 17 16 21 35 24 27
3 3 1 14 20 12 24 46 9 2 25 3 35 5 22 8 13 10 35 14 36 19 28 23 10 25 34 9 1 11 7 14 8 48 11 24 13 33 14 47 16 47 19 48 20 24
7 10 2 37 3 27 5 36 6 33 8 41 9 43 13 44 23 25 25 49 26 37 8 1 16 2 35 8 13 9 14 10 22 18 12 21 43 23 37 14 2 35 3 36 4 45 6 35 8 30 10 19 11 38 13 16 16 35 17 15 18 24 22 14 25 39 26 36 7 2 10 5 31 7 46 10 39 18 24 24 16 25 17 8 4 20 12 43 13 33 17 44 21 32 22 44 25 33 26 13 10 1 48 6 36 10 10 16 23 17 32 18 45 20 44 22 49 23 23 24 41 15 1 26 2 10 4 30 5 46 9 16 10 39 11 20 12 16 13 45 18 34 20 13 21 37 22 27 23 45 24 50
6 3 5 28 11 44 15 48 3 2 29 4 35 7 46 5 1 10 7 29 9 30 10 27 23 39 7 5 50 7 33 9 18 10 12 14 43 18 21 26 15 12 5 19 6 18 7 31 8 27 10 15 13 26 16 32 18 15 20 12 23 46 24 20 26 39 8 1 20 7 34 9 11 11 42 13 44 15 35 22 47 25 50
7 5 1 46 4 34 6 32 8 30 26 46 8 5 24 6 31 8 12 16 45 21 10 22 26 24 35 26 33 5 2 40 5 16 9 30 12 17 24 20 12 1 18 2 12 3 12 4 15 6 10 7 28 8 37 16 29 18 38 23 17 24 30 25 50 15 4 14 7 22 8 21 9 16 10 16 11 45 12 11 15 33 16 29 17 16 18 11 19 49 21 11 24 29 26 29 6 1 32 2 19 11 32 14 44 21 18 22 43 12 1 35 4 22 5 28 7 11 10 30 12 10 16 44 18 23 19 16 20 18 22 20 26 24
8 6 1 20 6 13 10 40 12 27 14 13 15 29 5 1 15 6 41 11 21 12 19 19 18 12 1 23 5 20 7 48 9 20 12 46 14 39 15 46 17 17 18 33 20 50 21 48 23 44 14 1 39 2 28 3 50 4 44 5 23 6 38 7 50 10 43 11 29 12 46 17 46 21 38 24 19 26 49 9 4 32 5 32 7 18 11 22 12 42 14 43 19 31 21 47 26 47 15 3 50 6 10 7 20 8 12 9 31 11 41 14 24 15 43 16 32 17 12 18 34 19 47 22 30 24 20 26 20 9 4 43 8 26 10 23 11 28 14 46 17 29 21 30 23 34 24 18 15 1 17 2 33 9 44 10 32 11 47 13 25 15 31 17 11 18 24 20 50 21 16 23 37 24 47 25 50 26 29
4 9 1 26 5 16 6 10 17 22 18 14 19 35 23 23 24 38 26 42 5 4 17 16 30 18 14 20 17 22 16 15 1 48 6 15 7 24 8 27 9 17 11 15 13 19 14 25 15 39 16 12 17 33 19 10 20 32 22 43 25 38 13 2 47 3 19 6 37 10 22 12 39 13 14 15 50 16 50 17 28 18 38 22 44 24 10 26 31
7 3 5 34 9 49 26 33 9 2 45 3 30 4 44 6 35 10 39 12 13 21 32 22 49 23 10 5 2 22 13 38 19 10 20 16 22 16 5 2 43 7 24 9 43 16 42 17 26 12 2 12 4 28 5 10 10 24 11 15 15 48 16 37 17 20 21 43 23 16 24 30 26 49 10 2 40 5 14 6 45 7 46 9 27 10 40 14 36 15 25 19 47 20 29 7 7 35 8 11 10 29 11 22 12 17 20 38 22 29
4 7 14 37 15 10 16 47 20 23 23 24 25 21 26 27 7 1 37 2 22 12 47 16 32 21 39 22 36 26 29 5 9 49 11 37 20 28 24 17 25 45 15 1 27 4 35 5 37 7 12 8 35 9 22 10 36 12 22 13 12 15 45 16 32 17 36 22 10 25 30 26 27
7 13 3 15 9 16 10 30 11 49 14 16 16 37 17 46 18 38 20 21 21 25 22 20 25 16 26 17 14 2 11 9 47 10 23 12 10 14 30 16 11 17 25 18 23 19 21 21 25 22 13 24 29 25 47 26 27 6 2 48 5 46 16 32 18 10 19 19 21 49 4 11 46 12 15 22 23 25 46 3 6 39 11 28 26 17 15 1 14 7 23 9 48 10 16 11 13 13 44 14 37 15 36 17 21 19 44 21 34 22 44 24 16 25 38 26 48 4 2 29 11 29 12 43 17 31
3 4 3 27 5 44 6 49 14 22 10 1 20 3 48 5 24 7 44 8 21 9 37 18 42 19 10 20 42 26 14 10 3 31 4 47 8 31 9 36 10 13 15 48 18 47 19 36 23 12 25 29
3 8 3 31 13 44 14 19 19 44 23 35 24 22 25 20 26 19 12 1 38 4 12 5 32 6 31 9 35 10 13 11 28 12 28 14 40 15 25 18 15 23 38 3 2 30 5 28 15 28
3 4 3 43 11 43 12 47 26 47 3 1 16 15 21 17 43 7 4 20 15 38 16 29 17 14 20 15 25 23 26 32
3 14 1 13 2 26 3 23 6 42 7 11 12 19 15 17 16 24 17 10 18 25 20 43 21 26 22 21 23 18 4 1 31 6 34 11 10 16 31 5 1 22 3 47 5 47 10 18 11 19
3 4 2 29 8 35 9 18 17 11 5 2 24 12 12 17 13 20 46 22 49 9 6 37 7 36 10 18 11 32 14 25 15 50 16 36 23 18 26 17
3 5 1 28 3 49 5 25 14 24 17 37 5 1 33 6 13 16 33 18 34 20 30 10 1 36 8 37 9 50 10 49 13 38 14 21 16 47 19 28 25 48 26 34
4 6 5 21 11 47 18 36 20 33 23 15 26 40 7 1 20 4 10 9 48 10 10 15 16 18 43 22 43 15 2 23 3 49 4 38 5 19 6 22 7 46 10 11 11 24 13 38 14 21 15 35 17 42 22 44 24 23 26 36 4 1 16 11 38 12 14 17 29
6 9 1 29 2 26 8 15 9 16 13 42 14 40 16 42 23 22 25 11 10 2 13 4 26 5 33 8 28 12 23 17 29 18 44 21 22 24 46 25 29 10 7 12 10 50 12 36 17 25 18 26 19 29 20 15 22 18 23 43 26 19 8 4 17 5 41 6 39 9 38 10 34 14 21 25 25 26 26 8 4 45 5 38 11 35 13 20 14 32 18 29 19 10 20 38 6 2 21 6 17 11 40 21 23 22 35 23 12
7 12 3 37 4 46 5 19 7 50 9 40 11 49 15 16 19 36 21 10 22 19 24 36 26 50 9 1 22 7 10 9 19 10 29 16 44 18 36 20 13 22 16 24 18 12 1 50 5 23 6 14 7 24 9 37 12 27 14 26 16 14 18 22 20 33 22 22 24 49 14 4 14 5 19 6 21 7 12 9 50 11 32 13 40 14 14 15 28 17 45 18 13 19 48 23 10 24 49 10 4 49 7 10 8 15 10 19 13 50 15 46 16 24 18 29 19 25 20 49 3 5 45 13 29 14 44 12 1 21 2 11 3 49 8 49 11 37 15 41 18 34 20 46 21 43 22 28 25 39 26 29
3 14 2 38 4 39 5 42 7 32 11 50 12 48 13 39 15 36 16 38 18 37 20 49 22 50 23 43 24 40 8 1 27 5 25 8 15 16 49 18 20 22 11 25 44 26 50 15 1 10 3 19 4 47 5 12 7 45 8 12 9 30 12 12 13 47 14 17 16 42 17 43 19 39 24 36 26 13
4 11 2 27 3 28 4 15 8 34 10 37 15 22 17 30 18 31 20 32 23 42 26 30 10 1 44 4 31 5 16 7 31 8 23 10 40 14 24 20 27 21 34 22 45 6 2 48 3 13 5 36 7 39 18 48 19 26 6 6 48 9 17 17 40 20 11 22 18 24 31
4 7 1 31 4 24 5 14 11 39 22 39 24 25 26 43 3 4 46 5 31 14 34 6 2 37 8 48 17 49 19 17 21 46 26 29 14 2 20 3 19 4 15 5 36 6 42 7 36 11 48 12 22 13 36 17 19 18 26 21 18 24 19 25 36
4 14 1 47 3 30 4 39 5 22 6 47 7 25 8 40 13 49 17 32 20 45 21 45 22 17 25 23 26 26 7 4 38 8 14 9 24 12 46 16 25 17 41 25 18 14 2 45 3 12 4 34 6 37 7 35 8 32 11 13 12 10 16 27 18 31 19 47 22 23 24 28 26 20 3 14 42 16 15 20 25
6 7 10 23 11 14 14 30 15 23 17 32 18 29 19 24 10 9 25 11 21 12 20 13 41 14 30 16 33 18 43 22 37 23 22 25 15 15 2 49 3 38 4 23 5 30 8 26 9 25 10 17 13 12 14 12 17 36 18 30 21 35 22 19 23 15 24 19 13 1 40 3 12 7 45 8 23 9 22 11 44 13 47 14 28 19 39 22 41 23 47 24 24 26 15 6 3 26 4 23 15 40 16 10 19 34 22 18 12 4 47 7 10 8 18 11 42 13 19 14 24 15 34 17 47 21 38 22 28 23 14 24 12
7 4 1 34 12 37 19 12 21 35 3 12 31 24 21 26 50 5 4 45 5 29 9 27 13 17 26 21 12 2 23 4 43 5 24 7 45 8 20 9 20 12 12 15 34 20 32 23 36 25 44 26 33 8 2 38 8 20 10 13 13 40 15 36 16 45 22 12 24 24 4 3 24 7 10 17 30 19 34 5 5 25 14 15 20 49 21 34 25 21
6 15 2 29 3 17 4 39 5 31 6 42 8 49 9 17 10 21 12 45 13 46 16 28 19 21 21 46 24 18 26 27 4 5 24 13 10 18 49 22 28 15 2 48 5 38 6 50 7 42 8 39 9 45 10 27 13 26 16 26 17 14 21 21 22 50 23 14 24 31 26 47 10 3 32 6 26 11 34 12 12 15 11 16 17 18 42 21 25 23 22 25 24 4 20 28 21 12 22 20 25 14 8 2 26 5 32 8 36 13 46 14 21 23 28 24 27 25 21
5 12 2 31 4 12 7 10 8 42 10 47 12 39 13 19 14 22 18 37 23 35 24 47 26 28 4 6 26 15 43 17 38 25 14 10 1 44 3 37 4 26 11 44 13 10 14 37 17 37 21 16 24 42 25 49 5 2 39 3 33 5 23 7 34 17 11 6 1 13 6 29 7 45 10 23 12 36 20 48
4 5 1 12 2 40 7 30 14 37 15 12 12 1 32 3 12 4 15 6 16 10 34 12 24 13 21 14 18 15 22 19 15 22 18 25 15 13 2 10 3 44 4 27 5 41 9 27 10 41 11 19 17 19 18 35 20 16 21 36 23 37 26 16 6 4 32 10 35 15 14 16 32 19 46 25 26
5 6 1 18 7 21 14 24 19 33 21 44 22 35 7 8 16 10 10 14 42 19 40 20 16 22 48 24 43 11 1 24 4 43 5 38 7 10 9 13 12 28 20 10 21 41 22 45 23 12 24 11 15 1 16 2 32 3 43 7 30 8 31 12 14 13 44 15 19 18 19 19 13 20 39 21 40 24 12 25 40 26 47 15 1 31 2 19 3 14 9 11 10 36 11 32 12 36 13 48 16 11 17 44 18 36 20 26 21 12 23 21 25 21
8 12 1 29 4 19 5 42 8 41 10 33 12 13 16 47 18 44 19 34 20 42 22 23 23 27 5 4 30 8 25 9 29 13 49 20 24 9 1 36 6 39 7 16 13 20 18 36 19 16 24 39 25 12 26 46 11 3 23 7 50 13 24 17 46 18 27 19 10 20 10 21 24 23 21 24 29 26 25 3 10 18 19 27 23 12 14 1 25 2 16 5 23 8 32 9 35 12 41 13 21 17 14 18 32 19 47 20 28 21 40 23 18 26 29 14 6 24 7 22 8 12 10 40 12 25 16 32 17 16 19 34 20 13 21 21 22 43 23 33 24 49 26 26 9 2 49 4 30 14 41 15 36 16 42 19 19 20 18 23 33 25 24
3 10 3 22 4 22 7 16 9 28 16 46 19 47 20 21 22 34 23 21 24 42 14 2 49 4 10 6 19 8 22 9 32 11 43 13 37 15 48 17 10 18 46 19 12 22 45 23 25 26 49 10 3 14 5 50 6 37 9 15 12 19 20 15 21 40 22 33 23 35 26 42
3 14 1 22 2 35 7 30 8 27 9 48 10 10 13 35 16 28 17 28 20 12 21 29 23 45 25 28 26 23 7 3 13 5 11 8 33 13 22 15 40 21 24 25 38 10 2 14 3 15 7 11 11 35 15 47 18 19 19 44 20 25 21 45 23 15
6 7 1 32 7 32 11 33 13 31 20 29 25 26 26 23 11 2 26 5 16 8 15 9 42 11 23 13 27 17 46 18 45 19 36 20 42 22 19 4 2 30 13 18 17 40 20 42 10 4 35 5 24 13 18 16 26 17 17 19 40 21 24 22 39 23 43 25 29 3 7 21 9 16 23 26 7 7 23 12 29 14 49 20 35 23 48 25 26 26 18
7 12 5 15 7 26 9 29 10 36 11 45 13 19 14 37 16 19 17 16 21 18 22 29 26 33 12 2 48 5 32 6 35 10 47 11 13 12 15 13 33 14 41 20 20 22 12 23 46 24 21 6 3 22 9 29 11 22 14 37 21 44 26 28 7 6 21 9 24 17 45 18 30 19 31 20 46 26 39 10 1 13 4 27 5 19 6 36 9 33 10 24 14 40 21 10 22 18 25 47 13 4 18 5 20 6 24 9 29 10 16 11 50 13 36 14 49 15 50 17 21 18 17 21 40 26 29 8 1 42 2 46 4 43 7 37 10 30 11 29 16 17 21 35
5 6 6 48 8 42 20 37 22 22 23 33 24 49 5 5 49 8 34 13 26 16 33 17 43 4 13 37 18 19 25 33 26 33 15 1 27 2 27 4 22 6 13 9 19 10 11 11 31 13 49 14 35 17 34 19 18 21 27 22 25 23 42 25 14 9 1 11 6 42 7 15 11 35 15 50 17 22 18 16 19 11 22 35
7 15 2 30 3 50 4 45 5 22 6 22 8 22 9 13 12 33 14 38 17 48 18 29 20 15 22 44 25 34 26 11 5 1 18 13 25 16 37 18 24 26 24 12 2 12 3 49 5 13 6 10 9 30 10 41 12 43 15 27 17 21 19 12 23 45 26 43 11 1 13 9 34 11 10 15 39 16 48 17 25 19 45 21 40 24 49 25 35 26 30 14 1 18 2 16 4 16 5 46 6 13 9 46 10 20 11 32 12 39 14 13 16 16 18 46 20 25 21 32 13 1 13 2 35 5 35 9 28 10 36 11 13 13 33 14 43 15 40 19 38 22 21 24 47 25 50 7 2 35 4 48 9 26 12 39 15 46 20 38 21 17
97 52 108 86 107 93 91 72 94 123 156 116 98 145 84 123 48 123 99 118 129 110 111 77 57 106 58 98 95 71 51 109 97 86 71 120 94 100 49 93 59 77 80 104 82 99 59 150 119 61 74 103 51 71 40 119 76 136 131 77 109 62 115 43 51 59 56 46 54 62 89 132 36 69 75 54 100 133 92 69 64 66 112 44 50 81 121 66 105
1 1 3 2 3 2 3 3 1 3 2 2 3 2 2 2 1 2 1 1 1 1 1 3 2 3
# Instance ID: 85
# Size type: large
# Total operations: 501
# Actual flexibility: 0.339
# Generated: 2026-02-07 22:12:21
# Format: Extended Brandimarte format for MOFJSP