17 9
6 4 1 10 3 43 5 18 8 32 3 1 41 6 40 8 29 1 7 28 5 1 36 2 45 3 37 4 35 5 25 2 7 24 9 26 1 7 50
6 2 5 28 9 44 3 4 14 7 21 9 18 3 2 38 5 27 8 49 4 1 13 2 44 4 11 6 21 1 5 27 2 1 24 8 15
8 2 1 23 8 31 4 3 12 4 31 5 15 8 19 1 5 35 1 9 40 2 4 34 5 10 1 4 34 4 1 16 2 43 4 23 9 40 4 2 12 5 45 6 43 8 17
8 3 2 33 5 13 8 23 1 4 50 4 1 47 2 17 3 35 6 25 1 1 47 4 1 25 3 20 6 41 7 15 5 1 44 2 16 3 18 6 41 8 24 3 6 38 7 22 9 11 4 1 41 3 38 6 45 8 28
5 5 2 32 4 30 5 39 7 27 8 48 5 2 28 3 26 4 44 5 33 8 39 1 9 34 2 1 49 6 25 3 2 43 7 41 9 45
4 2 5 36 6 30 1 2 43 1 1 18 2 1 16 4 41
6 2 1 46 2 34 4 1 24 3 48 5 14 9 10 2 2 39 8 50 1 6 45 4 1 27 5 43 6 12 7 14 3 2 16 4 16 5 24
3 5 2 46 4 50 5 21 7 45 9 45 4 2 37 4 16 6 20 8 21 5 2 48 5 38 6 32 7 30 8 45
8 3 6 50 7 37 8 30 5 3 33 4 38 5 38 8 35 9 10 1 5 48 1 9 18 3 1 23 2 30 5 11 3 1 12 3 39 9 32 2 3 33 5 47 2 4 29 5 15
3 5 1 40 3 21 4 41 6 46 7 16 5 1 15 4 13 5 31 6 32 9 37 4 2 48 4 10 6 50 7 50
3 4 1 30 5 44 8 46 9 19 3 2 13 4 35 9 38 5 2 35 3 19 4 18 8 31 9 15
3 4 1 35 3 42 7 37 9 18 2 4 41 8 35 5 1 37 2 30 3 46 4 15 9 17
5 4 2 30 3 32 6 48 7 11 3 3 38 5 49 6 19 4 1 33 2 19 4 15 6 17 1 4 49 2 1 31 5 17
8 3 1 31 8 23 9 44 2 4 45 5 40 5 1 12 3 26 4 20 5 13 6 28 2 1 39 5 10 1 7 27 3 1 34 2 24 3 34 5 2 15 4 21 5 22 6 42 8 39 5 1 31 2 41 3 35 5 20 9 11
3 3 6 29 8 25 9 42 3 1 11 4 45 5 27 2 3 35 6 18
6 1 7 43 5 2 37 4 29 5 48 7 31 8 38 5 2 44 3 22 4 18 5 29 6 43 2 3 46 7 20 3 2 30 8 19 9 11 3 3 38 7 50 9 27
7 2 2 18 4 21 1 5 48 5 1 32 2 15 4 40 6 18 9 42 5 2 40 4 18 6 20 8 22 9 24 1 7 10 3 4 22 6 23 7 14 2 8 30 9 39
116 98 104 156 81 66 93 53 152 46 51 48 96 126 41 76 101
3 2 3 2 3 3 2 3 2
# Instance ID: 11
# Size type: small
# Total operations: 92
# Actual flexibility: 0.326
# Generated: 2026-02-07 22:12:21
# Format: Extended Brandimarte format for MOFJSP