36 11
3 3 2 37 5 48 7 23 2 4 36 6 18 2 1 48 4 39
3 3 1 42 5 13 9 37 4 1 12 8 48 9 20 10 12 6 2 15 5 15 7 22 9 19 10 34 11 34
5 1 2 31 5 1 20 3 35 5 25 6 21 9 17 1 10 35 1 5 39 6 1 48 2 40 3 10 9 40 10 40 11 27
7 3 5 13 8 44 11 18 6 2 14 3 49 4 46 8 31 10 25 11 46 3 7 36 8 18 11 36 2 4 46 6 34 1 6 24 1 3 34 1 9 29
6 1 3 33 4 1 34 4 43 8 35 9 13 3 1 12 4 35 7 35 2 1 33 7 12 2 2 50 9 37 3 1 47 9 17 10 10
8 2 1 47 10 17 2 1 50 4 11 2 3 11 6 48 3 3 39 4 33 6 46 4 2 46 4 21 6 35 10 12 1 10 44 4 1 41 3 28 6 30 8 26 3 3 12 10 30 11 28
3 6 2 42 3 15 5 17 9 45 10 11 11 50 5 2 32 6 43 7 23 8 28 9 28 3 3 20 7 48 11 33
6 2 2 49 8 41 1 6 36 4 1 36 2 18 4 29 7 44 4 1 38 5 50 8 19 11 36 4 1 14 3 33 4 42 6 33 1 2 33
3 2 1 14 11 38 2 2 37 11 41 1 6 37
3 1 6 43 4 1 21 3 26 6 29 10 14 2 4 30 10 29
3 4 1 26 5 33 7 23 10 16 6 1 17 4 46 6 15 8 43 10 50 11 46 5 5 23 7 37 9 31 10 34 11 17
8 5 3 50 4 45 6 39 8 35 11 45 1 6 39 1 3 25 6 1 16 2 46 5 21 8 20 9 11 11 48 3 4 23 7 22 8 19 6 2 35 3 28 4 26 5 12 8 21 10 45 2 4 20 6 35 4 3 20 5 38 7 40 10 25
7 5 3 19 4 12 6 18 8 25 9 21 1 10 16 3 1 49 2 22 7 24 2 5 28 9 18 2 5 14 8 48 5 1 30 3 15 8 31 9 27 10 31 2 1 38 7 30
8 4 2 45 4 24 10 17 11 11 1 7 28 2 3 21 4 37 6 3 23 4 23 7 14 8 36 9 42 11 12 4 1 38 5 10 7 23 8 45 3 1 12 4 31 7 49 3 3 29 9 18 10 50 3 1 29 2 13 8 18
4 4 1 33 5 42 7 20 8 37 4 1 37 3 20 6 10 7 12 2 4 42 7 32 6 2 38 3 27 5 30 7 48 10 41 11 47
6 2 2 23 9 47 6 5 14 7 26 8 48 9 42 10 37 11 12 5 1 28 6 48 7 23 10 19 11 36 4 3 24 4 47 5 26 9 34 1 3 16 2 9 44 10 14
7 6 2 11 3 10 5 14 6 21 10 38 11 37 6 3 21 4 50 5 20 9 31 10 35 11 39 6 2 38 3 43 7 44 8 40 9 13 11 31 6 1 34 2 14 5 22 7 26 9 46 10 33 4 5 35 8 11 9 30 11 42 4 5 22 7 44 8 25 11 10 5 3 17 4 13 7 44 8 13 11 46
7 2 2 34 7 35 2 1 36 2 30 3 6 36 8 27 9 31 4 6 30 7 32 9 41 11 32 1 3 26 4 1 13 5 34 7 43 9 38 3 7 18 9 28 11 13
7 3 2 32 7 26 10 30 1 3 21 3 2 42 5 47 11 49 4 1 22 3 43 4 36 5 44 4 1 40 4 12 6 14 9 38 1 4 36 2 1 29 10 27
7 2 4 36 9 13 2 1 13 6 44 5 1 14 4 23 5 27 6 47 9 10 5 2 46 7 41 8 18 9 27 11 31 2 5 17 9 23 3 5 43 7 10 10 29 3 1 32 4 34 8 41
8 3 1 41 6 50 9 50 2 5 11 10 31 5 1 37 3 10 6 20 9 49 11 26 3 1 15 3 32 4 43 5 3 11 5 39 6 22 8 29 9 19 1 4 16 5 5 37 8 39 9 33 10 49 11 33 1 11 29
7 1 9 37 6 1 43 3 18 4 48 5 30 9 43 11 35 6 2 24 5 20 7 37 8 11 9 33 11 45 4 3 36 5 40 8 28 10 43 2 2 22 8 10 4 2 33 3 15 4 43 7 15 4 3 19 5 34 9 33 11 31
5 5 1 19 4 25 5 18 7 39 9 19 2 8 17 11 38 5 1 24 2 40 3 46 9 13 10 12 6 1 45 5 27 6 39 7 38 8 47 10 30 6 2 30 3 22 4 47 5 43 7 14 8 44
6 5 1 42 4 14 8 32 9 47 10 14 3 1 45 8 47 10 29 3 7 20 9 35 10 45 2 5 45 9 42 4 1 19 4 11 7 40 9 35 1 3 25
7 5 2 48 3 11 6 50 7 31 10 15 5 2 16 3 42 7 18 8 11 9 41 1 7 34 6 1 18 2 24 4 40 5 19 10 47 11 45 2 7 48 9 24 2 5 37 9 29 5 1 36 4 41 6 30 8 39 10 42
6 5 3 32 4 38 7 10 9 41 10 38 2 2 23 3 16 3 1 30 6 38 11 12 3 2 40 3 49 9 48 6 1 29 3 33 4 42 5 44 9 23 10 16 1 5 14
5 3 1 19 2 24 8 30 1 4 35 5 2 44 6 48 7 14 8 12 11 47 6 1 24 2 50 7 29 8 50 10 27 11 32 4 5 40 7 46 9 28 10 11
5 2 7 29 11 11 1 7 23 2 6 40 10 23 4 2 47 4 41 6 33 9 38 6 1 42 2 35 3 45 8 23 10 12 11 18
6 5 2 29 6 20 8 24 9 24 10 21 3 2 14 6 45 7 32 6 4 11 5 39 7 23 8 29 9 28 10 34 4 2 32 3 50 5 46 7 32 5 2 49 5 17 6 37 8 14 11 38 1 6 10
3 2 2 42 3 16 4 2 16 5 24 9 29 10 27 6 1 23 5 41 7 38 8 28 10 11 11 18
4 5 3 50 5 25 6 22 7 11 9 19 4 1 21 6 17 7 45 11 22 4 2 48 7 34 8 36 10 36 4 1 35 2 25 3 27 6 21
3 1 3 18 2 4 27 11 49 5 1 38 2 37 4 45 6 24 9 36
3 4 1 40 2 38 6 49 10 14 3 3 35 5 17 10 27 3 1 23 3 25 10 32
8 1 8 29 4 3 34 5 13 6 17 7 45 4 3 23 4 14 7 46 8 47 3 6 32 7 47 11 20 6 3 15 7 29 8 48 9 12 10 11 11 23 5 1 14 3 23 6 27 9 28 11 26 5 3 44 5 24 7 46 8 10 9 29 4 2 33 4 27 5 34 11 15
3 3 5 47 8 22 11 19 3 2 47 5 39 11 43 5 1 18 4 10 6 28 8 10 10 47
7 3 4 41 5 37 8 37 1 9 22 1 9 33 5 1 15 2 29 8 23 9 47 11 15 3 2 24 5 37 11 40 5 1 45 2 14 3 45 4 39 7 16 1 10 35
37 36 69 130 72 115 57 77 42 36 54 134 128 130 53 110 85 95 105 127 145 125 61 96 135 98 75 97 102 52 48 46 48 105 43 118
2 1 1 1 2 1 2 2 1 3 3
# Instance ID: 43
# Size type: medium
# Total operations: 197
# Actual flexibility: 0.303
# Generated: 2026-02-07 22:12:21
# Format: Extended Brandimarte format for MOFJSP