37 19
6 4 7 50 8 49 16 45 18 10 3 1 14 6 34 19 23 3 6 11 12 10 17 50 4 4 23 5 14 8 22 12 25 8 1 20 2 41 3 12 7 21 9 25 10 17 17 45 18 48 8 2 11 3 25 4 16 6 39 10 41 14 50 16 30 18 35
8 11 1 31 2 23 4 21 7 28 8 29 10 43 11 25 12 26 15 23 18 42 19 40 3 3 28 11 41 12 29 8 2 38 4 10 9 18 12 40 14 19 15 44 17 21 19 12 6 1 44 2 22 8 28 14 50 15 46 19 17 4 4 10 6 11 7 33 13 48 5 3 32 6 21 8 38 9 34 17 20 7 2 37 3 39 4 46 5 32 6 28 14 20 18 43 5 1 15 2 35 6 38 13 42 16 17
8 3 14 18 15 48 19 10 4 4 42 7 35 11 26 19 20 8 1 29 3 15 6 40 8 31 10 23 13 11 15 28 17 10 7 1 31 2 11 3 38 7 30 9 30 13 10 17 43 6 6 38 7 13 8 24 10 41 11 42 17 26 8 1 11 2 38 4 35 9 27 11 28 12 12 15 31 16 42 5 1 20 3 38 8 20 11 39 19 48 9 1 18 2 10 4 33 5 16 6 15 8 20 9 14 12 22 14 26
4 2 7 34 14 44 2 2 33 3 11 4 2 14 10 14 11 40 13 50 6 1 35 3 27 11 44 15 32 16 38 18 46
6 8 2 26 3 13 7 38 11 48 13 11 15 29 17 50 18 29 10 1 36 2 41 3 35 4 39 5 38 6 36 8 14 10 47 13 31 17 18 6 1 46 4 19 8 16 13 38 17 37 19 29 7 2 23 3 45 11 10 15 26 16 32 17 24 19 29 9 3 13 4 49 6 32 11 50 14 47 15 21 17 44 18 27 19 43 11 3 23 4 50 8 31 9 40 12 50 13 11 15 20 16 26 17 11 18 49 19 25
8 11 5 44 7 28 9 27 10 18 11 39 12 25 13 47 14 45 16 24 17 30 18 35 7 3 20 5 19 7 40 8 25 11 31 14 24 18 25 6 1 36 2 37 6 22 13 25 14 27 16 13 3 3 33 5 35 9 22 6 3 43 6 45 7 36 11 21 14 23 16 22 7 2 17 5 29 6 23 9 27 10 28 14 19 15 15 3 4 26 11 46 15 26 6 3 15 10 50 11 45 13 44 16 29 19 21
4 6 4 14 6 20 8 49 13 17 15 17 17 36 6 3 47 5 48 6 42 9 38 13 21 16 26 9 2 33 6 25 7 10 10 13 11 39 13 30 16 17 18 26 19 33 3 8 40 9 46 17 21
7 5 2 30 5 22 6 14 11 11 15 42 3 5 29 9 25 13 40 10 1 10 2 37 5 36 6 47 7 34 10 17 11 11 12 34 13 48 16 50 8 2 43 3 41 4 48 8 50 10 12 13 34 15 31 18 10 8 1 16 2 20 3 30 6 10 9 18 10 22 15 15 19 36 2 1 13 9 21 9 1 45 2 35 3 15 6 26 8 49 11 45 14 28 17 19 18 33
4 2 13 34 15 49 11 1 27 2 18 5 26 6 35 9 10 11 40 12 24 13 41 15 20 17 25 19 44 8 3 48 6 48 9 27 12 39 14 30 16 40 17 37 18 23 9 1 40 6 48 8 44 10 23 13 34 15 38 17 37 18 11 19 40
8 6 2 44 4 16 5 30 7 10 10 27 12 24 11 1 49 2 50 3 34 6 37 7 10 8 49 9 36 11 23 12 32 14 29 15 39 8 1 15 2 42 3 28 11 18 13 34 16 20 18 18 19 34 6 1 18 4 27 10 32 13 47 15 28 17 13 10 3 40 4 39 5 47 6 31 8 12 11 38 12 36 13 33 14 30 15 39 5 5 14 6 20 9 20 12 31 16 45 6 2 30 3 20 8 20 11 40 14 47 15 50 4 6 23 9 49 11 35 14 41
5 6 2 43 4 31 5 27 14 12 18 38 19 10 2 9 15 18 31 11 3 44 4 31 5 14 6 22 7 48 8 40 10 34 12 25 13 31 17 20 18 49 6 3 20 5 11 7 27 10 13 12 42 14 32 4 1 26 7 36 8 14 13 14
5 10 3 32 7 48 8 22 9 23 11 42 14 12 16 28 17 16 18 49 19 14 9 2 13 3 42 4 33 8 28 11 28 12 15 13 43 14 29 15 25 8 1 24 2 40 4 45 6 44 10 13 11 20 14 14 18 12 11 4 31 7 39 8 34 12 29 13 32 14 32 15 29 16 31 17 49 18 13 19 23 6 4 17 6 16 9 13 11 18 17 34 18 49
5 5 4 13 7 44 11 49 12 18 19 22 5 3 14 7 29 11 43 12 30 19 31 2 1 19 15 34 6 1 38 5 28 7 16 14 30 18 50 19 17 6 2 36 3 28 10 45 14 25 16 26 17 18
8 9 1 46 2 30 3 40 5 20 7 32 8 20 10 12 15 20 19 24 7 2 33 3 44 7 21 13 44 15 26 17 43 19 45 11 2 47 3 27 6 30 7 35 10 28 11 29 12 37 14 26 17 30 18 19 19 25 11 1 44 3 33 5 31 6 26 7 41 8 10 9 14 14 42 16 47 17 40 19 41 11 1 41 2 19 4 31 7 12 8 18 10 42 12 11 15 13 16 29 17 14 19 39 9 1 25 2 16 7 36 8 16 9 24 11 29 12 10 14 41 16 47 11 3 21 5 42 6 22 8 18 9 45 13 35 14 41 15 42 17 31 18 15 19 32 2 13 43 14 42
5 3 12 17 15 30 19 33 8 1 46 3 25 5 36 9 25 10 34 14 26 17 36 19 50 2 11 30 12 17 8 3 21 4 18 6 26 7 33 8 14 10 42 16 19 19 33 8 3 46 5 38 7 29 11 45 12 34 13 47 16 41 18 45
6 6 4 15 12 46 14 37 16 24 17 13 19 32 4 2 34 7 46 9 21 16 21 7 1 17 3 18 4 40 9 28 14 35 18 47 19 10 3 7 16 13 48 16 15 11 1 34 4 10 6 36 8 19 9 21 11 22 14 10 15 36 16 22 17 32 18 36 9 5 20 6 48 7 43 10 29 12 14 15 10 16 29 18 10 19 12
7 5 1 18 4 29 6 43 7 21 16 38 6 5 24 7 31 11 36 12 15 13 17 17 45 10 1 42 5 36 6 18 7 14 8 45 10 31 11 22 14 14 15 16 18 16 4 3 48 15 11 16 23 17 50 8 7 29 8 40 10 21 11 42 12 14 13 25 14 20 18 36 7 1 41 4 49 9 13 11 21 14 48 17 27 19 11 5 7 22 11 16 12 22 16 19 18 26
4 7 2 47 5 50 8 31 11 13 14 25 15 13 16 33 8 2 35 3 31 12 19 13 28 15 49 17 28 18 44 19 48 3 6 48 12 42 17 25 10 1 41 2 36 3 27 5 46 6 15 8 25 10 35 11 15 17 36 18 32
4 9 2 46 3 30 5 27 6 46 7 11 12 18 13 46 14 29 18 45 6 7 30 9 39 10 40 12 36 14 35 19 14 5 11 31 14 11 16 12 18 47 19 15 7 3 33 4 47 7 22 10 34 12 10 13 17 15 47
8 6 1 16 3 45 5 30 7 24 15 36 17 12 10 1 50 2 23 3 45 4 45 11 16 14 14 15 20 16 10 18 46 19 49 8 1 38 3 24 4 28 8 26 13 42 14 24 16 34 18 33 8 1 32 4 35 10 30 11 41 12 28 15 22 16 47 18 36 9 2 25 4 14 7 35 8 26 9 48 10 10 11 47 14 31 16 27 8 1 43 6 42 8 37 11 44 12 17 16 13 18 20 19 31 5 4 36 5 18 6 30 14 27 16 41 10 1 30 2 48 5 39 7 10 11 12 13 11 15 14 16 47 18 13 19 12
5 9 4 50 5 29 7 41 8 28 11 25 12 35 17 46 18 24 19 46 2 9 16 18 23 3 11 46 17 34 19 41 3 5 16 8 22 17 10 7 2 16 5 15 6 47 9 12 10 22 11 32 16 48
5 6 1 21 2 30 6 46 10 38 14 49 18 49 11 2 34 5 37 7 12 8 50 9 34 11 20 12 43 13 46 15 30 16 14 18 22 6 1 28 7 28 8 22 9 11 16 43 18 16 10 4 38 6 10 7 21 8 34 10 34 11 25 12 42 13 20 14 10 18 40 3 3 45 10 30 12 17
3 5 3 36 4 13 8 31 9 38 16 38 8 3 45 5 48 9 18 11 12 12 24 13 13 15 19 16 43 9 2 10 3 23 4 36 6 10 9 34 10 38 11 41 15 43 17 40
7 3 6 21 9 34 16 30 7 3 40 5 26 7 33 10 16 13 29 15 30 17 24 9 5 43 6 44 11 19 12 30 13 18 14 36 15 48 17 46 19 13 3 4 16 12 17 17 30 8 2 28 6 36 7 41 8 12 12 33 16 13 17 36 18 44 2 7 42 18 23 3 8 37 9 30 19 13
6 4 11 13 14 25 16 50 17 29 7 7 19 8 25 9 29 10 49 13 33 18 18 19 27 7 2 40 3 43 6 50 11 18 14 35 15 22 19 44 10 1 17 2 43 3 34 6 20 7 42 8 50 9 34 11 47 12 39 18 26 9 1 27 4 40 6 45 7 38 9 21 11 36 14 43 16 16 18 46 5 2 21 4 24 5 18 6 42 9 10
4 8 2 33 6 27 8 31 9 33 12 27 14 14 16 44 18 49 4 8 15 11 26 17 10 18 13 5 1 20 4 42 8 19 12 37 13 40 5 1 47 8 44 10 34 11 33 18 38
3 3 14 18 17 15 19 22 4 2 21 12 44 14 36 17 44 7 1 43 7 44 8 21 10 23 13 11 17 46 18 20
3 7 6 23 7 35 8 23 10 14 11 35 15 22 18 25 2 10 34 18 12 3 6 19 13 42 16 10
8 5 2 28 7 41 9 28 10 46 13 15 3 8 24 9 12 14 24 3 2 36 4 25 13 34 8 5 14 6 28 9 10 14 44 15 50 17 31 18 39 19 49 8 2 10 3 42 5 29 6 43 11 37 12 15 13 12 14 34 8 1 47 2 11 5 50 6 16 7 38 13 26 15 49 19 31 5 4 29 5 27 13 14 15 11 17 36 8 3 14 4 37 8 32 10 13 11 21 14 27 16 19 18 23
4 10 1 10 2 39 5 20 7 49 8 43 9 33 11 11 12 20 17 25 19 11 7 1 31 2 24 5 24 9 22 14 17 15 41 18 15 6 9 14 11 20 12 46 13 45 15 20 17 28 11 1 42 2 47 3 32 6 18 9 17 11 38 15 35 16 45 17 10 18 17 19 20
8 8 1 40 2 24 6 18 11 27 13 48 14 14 18 24 19 48 6 1 20 2 41 6 26 8 48 16 35 19 19 5 5 13 8 24 10 40 17 35 18 32 6 5 11 7 22 9 24 12 11 16 43 18 36 6 3 47 4 12 8 42 10 30 14 11 17 31 2 9 41 17 16 7 1 39 3 41 4 20 9 16 11 13 16 49 19 13 9 2 14 4 40 9 17 10 41 12 26 15 10 16 11 18 22 19 26
6 7 7 31 9 41 13 23 15 40 16 28 17 27 18 48 8 1 13 3 28 4 40 7 26 13 16 15 19 18 10 19 45 3 1 37 7 43 18 48 5 5 44 12 47 13 50 17 28 18 10 6 1 18 4 35 7 48 8 31 12 40 19 38 7 1 16 4 37 5 22 9 35 10 40 14 43 18 14
3 9 3 27 4 20 5 49 6 42 7 24 8 49 9 24 11 10 15 23 11 1 22 5 21 6 48 7 45 8 39 9 25 11 28 12 11 15 15 17 15 19 26 11 4 12 5 27 8 47 10 49 11 12 12 46 13 36 15 39 16 44 18 14 19 48
3 6 4 49 8 34 11 16 12 12 13 22 16 26 2 11 23 16 35 10 1 30 2 37 4 49 5 50 8 27 11 23 12 12 13 40 17 20 19 16
7 10 2 34 3 30 7 42 10 39 11 21 12 24 14 36 15 25 17 29 18 14 3 2 38 9 45 11 36 9 3 14 4 45 5 19 8 47 9 17 11 20 12 41 13 45 17 49 10 2 11 6 50 7 43 9 28 10 16 11 32 12 45 13 31 15 33 17 22 9 2 30 4 33 7 46 8 35 9 41 16 11 17 41 18 17 19 37 11 1 38 4 33 5 36 9 12 11 19 12 25 13 17 14 13 15 37 18 29 19 12 9 3 31 6 29 9 19 11 39 12 23 13 27 14 26 16 47 18 41
6 11 4 38 5 33 6 42 7 39 12 45 13 25 15 40 16 14 17 13 18 30 19 22 11 2 22 5 35 6 10 8 50 9 16 12 40 13 28 14 24 16 11 17 26 18 13 4 2 28 12 17 13 22 17 16 8 1 38 3 17 8 19 12 38 13 46 15 39 16 16 19 38 8 1 21 5 39 7 20 11 46 13 48 14 11 15 28 16 23 10 1 19 3 32 4 29 7 25 8 14 13 35 14 50 15 24 16 46 18 14
3 7 3 31 8 36 9 13 10 28 14 34 15 39 17 42 4 1 35 2 16 7 30 14 32 2 6 14 13 25
90 143 129 64 94 158 78 99 56 153 70 60 69 155 90 104 118 50 78 135 72 92 41 100 74 65 48 52 111 51 111 73 45 53 98 92 37
1 3 3 2 1 1 3 3 3 3 2 2 3 1 1 1 2 1 2
# Instance ID: 52
# Size type: medium
# Total operations: 204
# Actual flexibility: 0.348
# Generated: 2026-02-07 22:12:21
# Format: Extended Brandimarte format for MOFJSP