57 25
7 12 1 27 4 32 5 32 10 15 12 41 15 21 18 25 20 33 21 24 22 41 23 11 24 49 7 6 28 7 45 10 41 11 50 12 25 17 47 23 44 13 1 41 5 11 6 30 7 47 9 40 10 48 12 21 16 45 17 44 18 16 23 20 24 21 25 16 8 3 46 4 31 5 36 8 48 11 14 14 31 15 46 22 30 12 1 42 2 26 4 47 5 18 6 44 9 36 12 24 15 34 17 11 18 29 22 23 24 12 7 8 12 11 29 15 50 17 45 19 35 20 37 23 18 10 2 36 3 32 8 28 13 18 15 25 16 41 18 39 21 38 23 46 25 23
6 10 4 11 5 27 7 18 9 27 11 20 14 50 17 27 18 44 21 24 25 32 4 4 47 11 29 18 26 20 27 12 6 12 8 14 10 27 11 14 12 22 14 26 15 10 16 13 18 50 20 37 23 17 25 45 5 12 12 14 38 18 33 22 16 24 13 9 2 27 6 23 10 19 11 32 12 18 15 37 17 13 22 18 23 22 15 2 26 4 34 5 21 6 10 7 23 8 25 11 17 12 47 13 10 14 16 15 34 16 35 20 37 24 47 25 34
3 12 1 10 2 33 3 34 5 24 6 18 9 32 12 28 14 19 15 47 16 25 19 21 22 31 12 1 18 3 46 4 36 7 18 8 30 9 14 10 12 12 45 18 50 22 37 23 34 24 17 5 2 35 3 39 5 36 19 23 21 19
6 6 1 12 9 44 10 46 19 39 22 49 24 41 10 1 36 4 42 8 14 9 45 14 25 15 20 16 37 18 34 20 46 22 49 8 10 12 12 18 13 22 15 44 19 37 20 32 21 25 25 39 5 3 30 5 44 10 34 18 22 22 46 7 6 43 10 35 11 37 12 39 13 34 17 42 19 38 12 10 43 11 16 12 31 13 14 14 46 15 37 16 17 17 23 19 20 20 29 21 50 23 25
5 14 2 24 8 28 9 17 10 41 11 28 12 37 13 12 14 48 16 38 18 35 19 35 21 22 22 12 24 21 8 2 15 4 13 7 15 9 29 12 40 13 45 14 23 18 19 14 4 49 5 25 6 36 7 30 8 44 14 47 17 43 18 13 19 26 20 24 21 38 22 24 23 34 24 38 12 1 43 2 29 3 41 4 39 9 47 11 36 12 21 16 48 17 35 21 46 22 11 23 34 11 3 28 11 34 13 24 15 19 17 48 18 22 19 21 20 31 21 43 22 43 25 26
5 10 2 33 7 46 10 40 13 28 15 34 16 42 18 25 19 25 20 25 21 34 11 1 21 2 27 3 40 6 28 11 14 12 26 17 17 20 43 21 46 22 14 25 15 10 2 48 3 23 6 24 7 31 10 46 14 37 18 17 22 41 23 14 25 32 6 7 46 9 19 14 33 17 19 20 19 21 16 3 1 38 10 44 24 50
6 7 1 12 2 28 6 13 7 11 13 33 15 18 22 46 10 2 24 7 27 11 34 12 39 15 41 16 12 17 29 18 38 21 46 22 42 3 17 24 20 36 22 45 13 1 28 5 33 7 44 8 10 10 50 15 22 16 25 19 30 20 32 22 38 23 24 24 39 25 23 5 4 21 9 12 14 13 15 23 25 20 3 9 36 10 39 20 43
7 12 2 49 5 17 6 37 7 28 9 20 12 30 17 37 18 39 21 22 22 37 23 10 24 15 6 2 36 7 10 8 26 12 14 13 33 17 13 15 1 10 2 42 3 14 4 19 5 34 7 19 8 40 10 24 11 50 12 11 13 15 15 35 16 36 23 39 25 25 11 1 45 3 29 5 13 6 31 7 50 11 45 12 28 18 13 21 28 22 41 25 22 10 1 17 3 16 4 44 8 10 10 25 14 12 15 31 21 43 22 11 25 19 6 6 33 7 34 19 11 21 22 23 30 24 36 11 4 49 6 21 8 24 10 23 11 39 12 40 17 17 18 35 19 26 22 23 23 39
7 8 2 49 3 30 4 25 5 43 8 27 15 42 24 34 25 29 14 1 33 3 11 5 28 6 12 7 37 9 33 11 42 17 26 18 29 19 25 20 35 23 11 24 12 25 45 5 7 24 8 17 16 11 22 13 23 21 15 3 22 4 29 5 47 7 31 10 18 12 20 14 23 16 27 17 49 20 48 21 24 22 35 23 40 24 50 25 21 11 3 50 6 49 12 50 13 28 16 21 17 34 19 34 20 49 21 19 23 27 25 43 4 3 10 4 23 5 16 17 50 15 1 15 2 36 3 25 6 15 8 19 9 33 12 47 14 11 15 43 16 19 17 43 18 16 20 12 21 42 23 33
8 9 1 21 8 39 14 24 15 28 17 49 20 19 23 15 24 17 25 15 5 1 13 4 38 5 28 11 23 16 18 11 1 26 4 39 5 22 6 46 7 30 12 20 15 25 17 16 18 37 19 38 23 37 4 6 15 14 38 19 44 25 35 13 3 26 4 48 5 17 6 49 7 25 8 27 11 49 14 41 15 43 16 29 17 46 21 39 24 45 3 13 20 18 23 21 45 13 1 21 2 34 7 25 8 46 10 40 11 44 15 29 16 14 17 37 18 50 21 35 22 10 25 50 12 1 19 3 30 7 12 8 24 9 27 13 42 17 25 18 46 20 17 22 26 23 49 25 14
5 7 1 18 7 34 9 41 10 44 15 12 18 28 23 13 7 2 14 4 50 5 49 13 22 20 47 21 39 22 23 4 9 40 10 23 23 37 25 10 12 2 12 3 41 6 35 9 33 11 25 13 35 16 29 17 26 18 43 23 14 24 35 25 23 12 3 15 4 15 7 28 11 38 12 46 17 49 19 40 20 21 22 50 23 22 24 22 25 38
4 8 3 20 5 42 6 50 9 43 11 50 12 44 15 34 18 43 6 4 31 7 46 8 18 18 46 19 48 22 40 12 1 44 7 37 8 34 10 12 12 28 14 47 15 31 16 27 18 19 21 42 24 35 25 27 3 3 39 7 42 9 13
8 13 2 13 5 49 7 32 8 35 9 40 10 23 13 38 15 21 16 38 17 50 18 31 19 22 21 33 14 1 49 3 29 4 11 5 42 7 39 8 29 9 42 12 16 13 27 17 48 18 14 19 25 22 30 23 47 6 4 50 10 33 12 14 13 14 21 28 24 24 10 2 25 4 27 6 22 7 39 9 40 12 31 15 40 17 14 20 35 21 33 10 5 26 7 23 8 11 12 40 14 12 15 36 16 14 17 14 18 39 22 10 5 3 36 7 33 9 38 15 33 24 29 12 3 28 6 35 8 15 10 47 11 21 12 15 14 23 15 14 17 39 18 50 23 31 24 22 13 1 34 2 13 4 26 5 32 6 45 8 44 9 42 12 34 14 14 16 20 17 43 22 22 24 47
7 11 3 44 4 28 5 46 8 10 9 22 11 12 16 33 18 12 20 25 21 30 23 48 12 1 48 2 30 5 45 9 33 11 29 12 45 14 48 17 35 18 43 19 15 21 14 23 39 11 1 37 3 50 7 24 9 50 13 13 14 15 16 10 19 34 21 43 22 22 23 45 14 1 50 3 16 5 28 6 19 7 32 8 30 9 27 11 49 12 18 13 25 17 13 22 15 23 24 25 31 8 11 43 12 36 16 44 17 29 20 26 21 39 22 19 25 11 10 1 36 4 46 5 18 10 21 11 17 13 32 16 28 19 33 20 38 25 42 15 1 31 2 18 5 47 7 48 9 15 10 48 12 28 13 21 17 21 18 41 20 45 21 41 22 50 23 44 25 19
6 6 2 25 4 15 7 26 11 35 16 17 23 43 4 2 38 15 39 16 42 22 22 13 1 25 2 37 6 25 7 39 9 37 10 36 12 40 13 22 14 33 18 34 21 23 23 49 25 33 4 5 18 13 25 14 30 23 17 8 1 22 7 22 10 45 13 40 14 14 21 31 23 27 25 33 15 2 19 4 25 7 22 9 41 11 29 12 41 13 30 14 20 15 32 16 37 18 18 19 42 21 33 22 46 24 35
7 6 2 40 6 19 7 39 9 31 18 35 25 32 5 5 49 12 47 13 18 15 22 21 42 12 1 18 2 34 3 13 5 39 6 48 10 21 11 34 15 21 16 10 17 35 21 41 23 39 4 2 17 5 16 21 48 24 22 7 1 18 3 47 13 42 14 31 19 15 21 41 24 32 5 7 12 13 38 14 23 16 38 18 11 14 3 14 4 18 5 48 7 47 9 48 11 14 12 12 14 45 15 42 17 11 18 35 23 47 24 43 25 34
6 7 1 24 3 28 5 12 7 15 11 12 22 41 24 23 3 3 47 18 37 19 15 14 2 40 3 24 5 49 8 30 11 21 12 36 13 35 14 42 17 10 20 32 21 12 22 34 23 31 25 38 3 3 37 5 17 16 20 5 3 11 12 30 18 32 22 40 23 40 12 1 28 2 38 3 26 4 27 6 17 8 45 11 15 15 36 16 26 19 19 23 28 24 17
8 9 4 26 5 35 6 49 11 45 12 10 17 25 19 12 20 22 24 19 4 4 24 7 13 18 23 23 20 5 10 39 14 43 16 42 23 17 25 33 4 3 45 4 11 15 36 19 46 7 3 18 11 50 12 29 14 42 17 24 18 27 20 37 4 1 26 8 26 9 16 22 49 15 3 45 5 37 7 31 8 19 9 32 10 17 11 11 13 26 14 12 16 24 17 11 18 37 20 43 21 21 23 42 4 6 18 14 44 17 46 25 29
5 7 3 35 4 27 9 24 11 48 15 26 18 25 21 45 8 1 49 3 34 4 29 5 45 6 45 7 13 16 16 23 37 8 1 21 8 18 9 24 14 12 15 23 16 16 17 22 19 25 6 2 14 3 18 4 42 18 45 21 41 24 25 7 2 47 3 22 10 26 12 10 14 13 15 13 24 46
7 6 2 35 8 25 11 25 13 28 14 19 19 19 11 1 36 2 13 3 21 7 29 9 42 12 49 16 35 17 46 18 15 20 28 23 45 7 1 11 6 38 9 49 10 43 12 14 15 11 23 16 15 1 39 2 33 3 33 5 50 6 36 8 22 9 22 10 25 15 45 16 41 17 15 20 45 21 13 24 16 25 33 11 1 11 3 43 4 25 5 11 6 40 9 41 15 28 16 23 17 15 19 45 25 14 10 2 39 3 50 7 32 11 24 12 39 15 41 18 34 19 22 20 14 22 27 5 12 34 15 33 17 44 18 24 23 11
6 12 1 19 3 26 4 46 5 30 6 33 7 34 8 31 10 14 14 34 15 12 22 41 25 24 5 3 41 4 35 6 37 13 38 21 38 7 2 18 4 22 5 11 7 38 10 44 19 31 21 22 4 7 43 11 50 18 32 24 31 9 1 48 9 34 10 21 11 40 13 23 14 15 19 42 20 39 22 21 15 1 46 3 32 4 17 6 32 7 27 9 33 10 44 12 15 14 25 15 38 16 23 19 26 21 26 22 45 23 32
5 9 1 31 4 40 6 25 7 23 12 44 13 11 18 40 22 17 23 33 13 2 33 8 47 9 46 10 31 11 50 12 45 13 48 14 31 15 39 16 27 18 43 23 13 24 17 3 7 20 14 16 25 12 6 1 42 2 24 11 32 12 39 14 36 15 29 12 2 43 3 29 4 29 5 46 7 49 9 23 10 49 11 39 15 17 18 19 23 37 24 39
4 15 3 39 4 27 6 29 7 43 9 39 10 40 11 17 12 13 13 19 14 19 15 42 17 15 18 42 21 23 23 29 5 4 25 7 41 8 30 22 16 23 45 10 1 20 2 16 5 43 6 14 8 10 16 38 19 17 21 42 22 47 23 42 7 3 45 6 19 7 50 10 17 15 50 20 18 22 17
6 7 3 23 6 18 16 38 17 25 18 30 23 44 24 36 4 3 34 13 38 18 48 20 49 11 1 30 6 13 8 36 10 24 17 33 19 13 20 21 21 34 22 28 23 31 24 38 12 2 43 4 33 6 20 7 31 9 33 10 30 11 25 12 29 17 28 18 47 19 11 21 18 11 2 23 5 18 6 10 8 23 9 28 14 20 15 38 16 15 20 30 21 37 25 43 8 1 10 4 10 5 24 7 34 13 31 14 16 18 37 22 44
8 13 2 37 4 14 5 23 8 42 10 20 11 40 12 45 14 38 15 14 19 42 21 38 22 25 25 17 13 1 36 5 40 8 49 9 19 10 10 14 35 16 40 17 10 18 47 19 39 20 27 23 46 24 31 5 1 46 2 35 3 39 4 20 22 47 14 2 35 4 26 6 39 8 19 9 31 10 12 14 21 16 21 18 38 19 18 20 23 21 10 23 43 24 27 3 1 44 4 11 11 44 15 5 34 6 29 7 35 11 35 12 27 13 31 14 41 15 13 16 11 17 10 18 33 20 19 21 12 23 33 25 41 10 6 44 7 46 10 27 14 12 15 36 16 11 17 29 21 17 22 30 25 29 12 1 22 2 46 3 46 6 32 8 18 11 29 12 16 14 43 18 23 20 47 22 26 25 26
4 5 1 16 2 27 5 39 16 14 17 43 8 1 29 8 15 11 48 18 37 19 38 20 16 23 34 25 32 4 1 50 8 43 13 21 17 15 8 6 38 7 47 12 42 13 47 15 15 21 34 23 49 25 31
4 3 1 47 8 25 21 13 13 3 49 5 29 7 13 8 32 9 40 10 29 11 42 12 44 14 47 22 36 23 36 24 25 25 23 6 7 11 9 22 11 42 14 46 17 29 18 11 15 1 16 5 29 6 30 7 45 8 40 10 24 12 26 14 48 16 32 17 17 19 28 20 38 21 35 24 14 25 44
3 14 1 43 2 47 3 30 4 16 6 27 10 17 11 12 14 26 15 10 16 28 17 43 18 34 24 18 25 11 5 1 41 4 16 7 41 14 35 25 49 5 6 14 14 23 16 34 23 25 24 44
7 9 3 11 5 17 12 44 13 22 16 26 17 39 19 35 20 35 23 38 7 2 11 3 39 4 20 15 36 17 22 21 20 24 21 8 2 46 6 18 7 21 9 33 12 42 20 41 22 25 25 31 5 2 39 8 27 18 43 20 16 24 35 11 2 47 8 24 9 48 11 17 12 41 13 46 15 20 17 49 18 41 24 50 25 34 6 8 48 10 23 11 19 15 40 23 50 24 17 12 1 27 5 34 6 37 12 37 13 49 14 47 15 49 16 46 19 28 20 31 22 14 24 40
6 13 1 49 2 39 4 20 7 47 8 12 9 47 11 22 12 41 13 19 17 42 19 40 23 36 25 30 15 2 20 3 44 4 23 7 43 8 50 11 26 12 47 14 22 16 31 17 18 18 30 20 26 21 11 23 27 25 11 5 4 34 5 34 8 39 13 25 16 32 4 1 18 4 30 10 13 24 32 7 7 20 12 49 13 47 16 42 20 50 22 30 25 28 13 1 13 2 47 3 31 4 38 6 36 7 36 8 14 9 13 10 48 12 11 15 35 18 49 24 35
4 10 3 19 8 44 9 26 11 15 12 34 13 38 21 20 23 50 24 14 25 50 10 4 32 5 18 6 11 9 20 10 47 14 15 15 11 16 11 17 17 21 42 4 4 43 13 19 16 38 19 18 6 3 17 6 25 17 26 18 50 20 35 21 47
3 6 4 20 12 12 14 10 17 30 22 36 25 28 8 4 25 5 14 6 16 8 33 13 26 14 48 18 40 23 24 3 8 32 12 19 20 46
8 9 3 35 4 13 7 43 9 22 10 19 15 31 16 50 22 24 24 15 6 4 27 6 22 8 15 18 32 23 18 25 15 6 2 20 4 35 10 18 18 33 20 14 25 26 13 2 39 3 10 4 20 7 16 8 18 9 31 13 44 16 26 17 13 18 10 19 14 21 12 25 47 5 8 46 11 46 17 33 19 13 25 30 3 1 21 8 39 18 42 13 2 40 5 19 9 42 10 14 12 26 14 33 15 22 16 42 19 30 21 45 22 22 23 13 24 47 4 4 50 6 38 17 20 19 19
5 11 3 28 5 13 6 41 8 14 12 10 13 14 15 34 17 37 18 25 20 47 21 21 12 1 46 5 42 6 19 7 35 8 22 10 43 12 31 15 32 18 22 19 42 20 16 21 47 4 3 32 14 19 15 32 16 29 9 6 43 9 34 10 29 11 39 12 41 14 33 15 48 22 30 23 16 3 5 38 15 35 21 48
6 12 1 30 2 11 3 48 5 23 6 12 15 28 16 44 18 10 19 10 20 14 22 21 24 37 9 3 12 6 42 13 14 14 40 15 14 16 21 19 14 22 17 23 28 12 5 48 7 27 10 22 13 21 14 35 15 16 16 44 17 15 18 13 21 21 22 19 25 49 14 2 44 6 24 7 44 8 14 10 12 11 34 14 36 15 38 17 45 18 30 19 28 21 35 23 37 25 15 14 4 46 5 38 7 34 10 26 11 48 12 15 13 26 16 32 17 27 18 34 19 28 21 30 23 35 24 24 12 1 35 3 46 5 28 6 34 9 31 11 44 15 37 16 19 17 20 18 28 21 14 22 45
4 13 2 16 4 32 7 47 10 48 11 12 13 17 15 35 16 34 17 28 18 20 20 23 22 26 25 22 14 1 48 5 15 9 14 12 27 13 45 14 13 16 25 17 13 18 17 19 35 20 28 21 31 23 29 25 22 9 3 29 4 16 5 39 8 13 9 13 14 16 16 25 21 41 25 24 5 6 12 7 31 8 27 9 36 18 45
7 6 9 27 14 34 15 32 18 13 21 44 25 30 5 11 35 12 28 17 22 21 42 25 20 9 2 32 7 36 10 28 14 17 15 35 16 37 21 33 22 39 25 14 5 2 28 8 31 14 45 18 30 23 47 10 2 11 7 19 8 31 11 36 12 45 14 41 16 25 18 26 19 46 25 46 6 6 10 7 49 15 42 16 15 19 23 25 38 10 2 38 9 46 10 14 12 36 13 18 17 15 18 44 20 48 21 41 22 20
3 11 1 30 3 35 4 14 6 27 10 16 12 43 13 49 14 26 20 31 24 11 25 22 13 1 20 3 41 4 40 5 42 7 41 8 20 9 11 11 30 18 12 19 15 22 15 24 14 25 26 3 7 36 8 43 12 47
4 4 1 39 12 26 21 27 23 21 3 3 44 15 21 17 41 3 8 44 22 41 23 34 14 1 15 2 17 3 30 6 48 8 13 10 25 11 12 13 23 14 33 15 33 16 24 19 20 20 13 24 42
7 11 4 39 6 21 7 34 8 44 12 39 15 11 16 12 18 16 19 30 21 45 24 22 9 1 18 2 11 6 21 8 41 9 33 13 15 14 16 17 10 21 31 7 4 33 8 35 9 41 14 12 15 10 19 21 21 44 11 1 44 5 23 7 17 8 43 9 29 14 50 16 25 19 30 21 20 23 39 24 35 14 1 44 3 36 4 28 5 30 7 20 9 17 13 49 16 39 18 19 19 16 20 26 21 22 23 31 25 38 5 4 17 7 11 10 13 19 26 21 33 8 2 24 4 29 5 21 7 41 14 24 17 29 19 42 22 17
4 3 5 31 15 46 16 34 8 5 32 6 11 9 33 19 14 20 49 22 29 23 47 25 10 3 2 24 6 36 11 37 8 6 33 8 26 10 30 11 37 16 47 18 40 20 47 24 19
6 7 4 27 5 25 9 38 14 13 18 37 21 49 23 24 8 1 20 2 21 5 13 7 32 11 38 14 35 16 40 20 22 14 1 17 2 44 6 21 7 14 10 23 11 26 12 12 15 15 16 20 18 12 19 40 20 41 23 35 24 43 6 10 18 16 30 18 22 19 41 23 44 24 19 5 7 39 12 22 14 12 17 16 19 14 9 1 18 2 36 5 23 11 11 14 23 16 19 20 45 21 18 23 23
6 4 3 31 4 48 15 33 24 24 5 4 32 5 33 8 35 16 26 22 26 11 1 20 2 38 3 15 4 17 5 33 11 49 14 22 15 45 17 38 23 33 25 39 11 1 16 3 23 4 49 5 31 6 49 12 11 15 40 16 27 19 46 22 21 24 35 6 3 31 10 35 12 23 16 35 17 36 25 38 14 2 40 4 36 5 17 6 31 9 18 11 11 12 48 14 25 16 19 17 17 18 40 20 14 22 21 23 21
6 9 1 19 7 46 10 16 11 38 19 35 21 37 22 18 23 45 24 11 8 1 17 10 31 12 50 13 17 16 33 23 11 24 50 25 46 3 12 40 20 36 25 20 6 1 41 3 16 5 20 10 42 20 21 21 21 8 1 40 7 19 10 14 13 42 14 14 15 11 17 35 22 49 10 1 28 2 38 4 40 7 25 17 32 18 21 19 46 21 11 22 17 25 33
8 15 1 39 2 47 3 42 5 46 6 17 7 21 13 25 14 11 15 12 17 24 18 11 19 32 20 35 22 11 24 44 7 1 44 8 40 9 27 17 30 20 10 23 37 24 21 3 13 25 15 33 21 22 3 1 48 18 29 20 50 7 3 13 4 22 5 12 8 46 11 42 14 29 21 41 10 1 44 4 23 7 17 9 43 17 35 18 41 19 13 22 22 23 18 24 30 9 6 32 8 30 9 23 10 26 15 18 16 41 18 20 19 21 22 31 11 2 40 3 34 5 44 6 16 11 36 15 15 18 50 20 49 21 12 23 17 24 39
8 6 9 50 15 31 17 45 19 21 20 17 24 41 11 2 13 3 32 5 35 6 38 10 13 12 28 15 21 19 41 20 35 21 44 25 45 14 1 12 2 26 5 27 7 20 8 18 9 48 13 23 15 49 16 21 17 44 19 43 21 30 23 23 24 27 15 1 10 2 35 3 50 5 16 6 47 7 11 8 43 9 32 11 43 15 11 18 18 20 35 22 10 23 24 25 21 7 1 46 4 27 6 41 9 36 12 47 16 44 23 25 6 3 33 4 41 5 28 6 48 16 49 17 12 6 2 19 5 28 7 16 9 22 13 41 14 41 7 8 14 13 14 15 32 18 48 19 43 20 16 24 48
3 14 4 28 5 27 8 29 10 47 11 36 12 20 13 44 17 11 19 27 20 40 21 15 22 40 24 13 25 25 7 2 25 8 44 12 21 15 46 17 41 20 42 25 20 14 3 27 4 35 5 28 8 24 10 36 11 27 12 43 13 13 18 32 19 39 20 48 21 22 22 32 24 47
6 12 1 26 3 20 4 29 5 42 7 24 9 43 12 43 14 37 15 32 17 46 22 39 23 46 8 2 28 3 38 7 14 16 30 21 29 22 48 23 37 25 19 4 3 35 7 49 17 40 20 26 9 3 42 5 47 8 13 9 42 10 47 11 17 14 14 16 14 17 28 10 2 22 3 22 8 23 9 48 10 30 11 50 13 41 17 29 20 38 22 20 4 10 50 15 13 16 38 22 35
7 3 3 35 18 16 25 36 11 3 40 4 24 7 11 9 32 10 18 13 20 17 22 18 48 19 24 20 31 24 19 14 1 46 4 47 5 33 6 22 8 47 9 21 10 31 11 16 13 14 15 35 16 23 17 43 18 45 23 43 3 11 45 12 30 18 14 12 1 28 4 15 5 39 7 23 8 30 9 26 15 27 17 33 20 14 21 39 23 21 25 21 3 4 15 22 33 24 33 9 4 31 6 46 10 42 11 35 13 11 16 50 17 35 19 42 20 46
4 13 1 41 2 26 4 13 5 21 7 44 12 10 15 28 16 43 17 18 18 28 21 19 22 10 25 12 4 12 33 14 24 16 49 23 31 10 3 27 6 39 9 10 11 45 12 14 18 37 19 12 23 34 24 18 25 44 10 3 29 7 25 11 14 12 21 13 20 15 13 17 12 19 40 23 23 25 47
5 6 3 12 11 35 16 41 17 37 21 39 23 44 15 2 12 3 38 4 20 5 34 6 48 7 34 9 24 10 11 12 39 13 46 14 26 15 35 16 12 17 33 25 20 4 2 42 4 29 5 39 15 49 3 2 42 22 45 25 49 15 2 28 4 48 8 34 9 37 11 34 13 16 14 36 15 47 16 36 17 17 19 44 21 40 22 32 23 48 24 29
7 12 3 24 7 42 8 16 10 50 12 11 14 42 17 41 20 28 21 25 22 27 23 49 24 50 13 1 10 3 46 5 50 7 21 11 35 12 46 16 45 17 24 18 13 20 13 21 30 22 34 25 27 3 5 47 8 21 23 43 12 3 31 4 31 7 25 9 44 13 24 14 14 15 20 16 18 19 33 20 26 21 42 22 26 13 3 43 6 16 7 28 8 50 12 14 13 32 14 46 15 25 18 14 20 35 21 23 23 45 25 45 13 1 43 3 37 4 21 6 32 10 42 14 22 16 13 17 42 18 35 20 48 21 32 22 46 24 37 6 1 14 7 31 10 26 12 35 19 50 23 24
8 15 1 20 2 45 3 36 4 23 5 21 6 47 8 38 11 15 12 47 14 50 16 45 17 12 18 45 20 31 22 13 7 5 50 8 40 12 36 14 20 18 28 21 46 22 12 13 1 16 3 46 7 11 9 35 11 18 14 22 15 24 17 43 19 22 20 44 23 24 24 44 25 36 12 1 44 4 22 6 18 9 27 10 40 12 32 14 22 16 49 17 39 20 25 23 44 25 38 14 1 24 2 30 3 37 4 27 5 16 7 26 9 34 16 33 17 21 19 26 20 45 21 50 22 35 25 44 7 2 26 3 39 7 32 13 25 17 43 19 27 21 37 10 8 33 9 50 10 30 13 12 14 10 15 48 17 41 18 19 21 45 23 25 15 3 28 4 46 7 27 9 28 10 22 11 32 12 21 14 32 15 19 16 17 17 32 21 44 22 13 24 31 25 27
8 3 3 37 5 39 22 50 8 3 23 6 26 9 44 10 50 15 31 19 24 20 17 21 33 13 1 25 2 41 4 35 5 47 10 11 11 21 12 32 15 16 18 44 20 47 21 47 23 14 25 12 15 5 44 6 31 7 44 8 35 9 13 11 16 12 27 13 46 14 16 15 32 17 10 20 20 22 43 23 19 25 48 14 2 23 3 17 4 49 6 38 13 37 14 48 16 26 18 28 20 50 21 43 22 46 23 14 24 47 25 38 11 1 34 3 39 4 36 11 10 12 37 16 48 18 17 20 18 22 25 23 49 24 17 10 1 41 7 38 9 29 13 13 14 50 15 41 16 21 20 26 21 29 23 45 11 1 24 2 46 4 46 5 15 9 12 13 27 15 22 16 25 17 12 18 23 23 17
7 14 2 43 3 30 4 19 6 24 7 28 9 50 10 24 11 44 14 33 16 34 18 18 20 48 22 48 25 34 11 2 18 3 25 7 29 9 32 11 41 13 39 14 27 15 41 17 38 22 28 23 21 7 2 41 3 14 12 48 13 16 15 21 19 25 22 38 6 1 32 3 27 4 43 15 23 17 15 25 20 5 15 14 16 33 17 43 18 46 19 44 3 7 24 13 43 19 47 12 2 22 8 26 12 10 15 38 17 37 18 14 19 11 20 47 21 43 23 27 24 22 25 49
8 6 1 25 6 26 7 23 13 32 15 25 17 24 13 1 33 2 12 4 42 5 14 6 17 10 36 11 20 12 39 13 32 14 46 15 40 18 18 19 43 3 3 28 17 11 24 23 15 1 39 3 18 4 27 7 12 8 24 9 33 10 24 11 20 13 18 14 21 15 32 16 18 18 23 20 10 24 24 8 2 26 3 15 6 20 7 13 10 11 12 25 15 46 24 28 13 1 49 3 41 5 39 9 16 10 20 11 44 12 32 15 32 16 41 20 13 21 10 23 38 25 20 14 3 34 4 50 7 39 8 10 11 44 12 23 14 47 16 27 17 34 18 48 19 28 23 28 24 46 25 47 7 1 28 3 21 15 13 19 30 22 25 23 22 24 23
6 7 3 16 7 37 8 50 11 11 12 36 13 20 15 49 3 1 43 23 42 25 31 4 10 34 16 22 20 31 22 12 5 3 47 6 35 13 35 21 50 25 12 10 1 21 2 47 6 46 9 39 12 47 15 30 17 44 22 19 23 31 24 23 3 3 29 5 34 22 34
122 114 59 79 94 88 95 135 85 128 85 75 121 105 90 86 104 156 95 97 100 91 56 95 151 61 65 41 86 78 73 40 124 87 88 54 99 39 56 126 60 98 112 102 133 127 42 98 125 53 85 99 159 134 101 125 99
3 3 1 3 1 2 3 3 2 2 1 3 3 2 3 3 3 3 1 3 3 3 3 2 3
# Instance ID: 81
# Size type: large
# Total operations: 334
# Actual flexibility: 0.350
# Generated: 2026-02-07 22:12:21
# Format: Extended Brandimarte format for MOFJSP