10 9
4 1 4 38 5 2 48 4 19 7 47 8 21 9 49 5 3 39 5 48 6 47 7 14 8 24 4 1 22 3 43 7 42 9 36
4 2 2 40 3 49 5 1 48 2 44 4 10 8 37 9 43 4 1 37 5 24 6 40 9 34 3 2 26 7 40 9 24
7 1 5 48 5 1 46 2 43 5 17 6 43 7 10 4 3 16 4 19 6 37 9 47 3 5 33 7 49 9 27 4 4 40 5 21 7 33 8 45 5 3 35 5 18 7 17 8 24 9 38 2 2 42 4 35
8 3 1 34 2 50 9 10 1 3 40 5 1 33 2 15 3 48 7 12 8 34 4 5 13 6 21 8 50 9 41 4 1 43 4 28 6 22 7 12 5 1 33 2 25 4 10 5 20 9 15 3 6 35 7 35 8 47 2 1 14 9 15
3 5 2 48 3 22 5 39 6 35 7 46 1 5 21 4 1 42 2 28 5 31 9 17
7 5 4 46 5 40 6 25 7 31 9 39 4 1 14 3 34 8 50 9 24 2 6 32 7 43 5 1 35 2 31 3 14 5 45 9 21 4 2 27 5 21 6 22 9 41 2 4 26 9 23 2 4 49 9 32
8 2 2 15 9 41 5 1 49 3 30 4 41 7 46 9 27 4 2 46 3 18 4 13 5 43 4 1 35 3 21 5 39 8 17 5 1 23 6 34 7 47 8 16 9 30 3 3 26 5 25 9 27 4 2 37 4 23 6 36 9 33 3 4 21 5 46 7 18
6 5 2 45 3 37 4 34 6 22 8 19 2 1 21 8 36 4 3 29 4 26 6 45 7 46 1 7 16 2 1 26 4 40 1 8 31
6 3 5 45 6 26 9 32 1 7 17 3 3 28 4 32 7 30 5 1 28 4 39 5 50 8 19 9 20 3 7 14 8 15 9 20 3 3 28 4 27 6 48
6 4 3 47 5 43 7 38 8 36 2 1 18 3 25 3 2 35 4 16 9 16 1 8 45 1 1 35 5 2 15 3 34 5 29 8 24 9 25
52 53 135 129 45 138 136 114 106 111
3 2 1 2 1 1 2 3 3
# Instance ID: 10
# Size type: small
# Total operations: 59
# Actual flexibility: 0.363
# Generated: 2026-02-07 22:12:21
# Format: Extended Brandimarte format for MOFJSP