13 10
5 1 10 19 2 7 31 9 48 2 3 29 7 49 3 2 41 5 33 6 26 6 1 30 2 19 3 34 6 38 7 40 10 14
8 1 10 37 6 2 34 3 32 5 30 6 41 8 37 9 40 6 2 34 3 36 6 45 7 41 9 44 10 44 4 4 15 8 47 9 36 10 43 5 1 23 2 11 3 33 4 45 10 40 2 1 32 2 33 2 5 19 8 45 4 1 18 4 17 9 19 10 34
5 6 1 47 6 14 7 40 8 48 9 20 10 11 2 3 15 6 25 1 1 46 4 3 18 6 43 8 29 10 40 4 1 17 3 19 6 13 8 12
5 5 1 37 3 39 4 45 9 26 10 46 5 2 15 3 43 4 34 5 18 7 23 4 1 21 4 45 8 48 10 14 6 4 34 6 20 7 13 8 33 9 37 10 22 3 2 33 9 48 10 31
4 1 4 28 2 2 14 9 23 5 1 50 2 12 4 25 5 27 9 15 5 1 30 7 15 8 29 9 10 10 32
7 3 4 30 7 35 9 32 2 2 36 6 42 1 9 19 1 10 34 4 1 19 2 39 5 15 10 50 1 4 23 6 2 28 3 33 4 49 6 37 9 12 10 34
8 2 2 19 4 46 6 1 15 2 41 3 16 5 39 8 30 9 20 3 2 46 3 33 5 32 1 2 21 6 2 17 3 46 4 41 5 12 8 33 10 28 4 3 42 7 49 8 30 9 33 1 7 42 4 1 25 5 45 6 10 9 19
3 1 5 34 2 7 14 10 24 4 2 39 4 44 6 39 8 16
6 1 3 16 4 3 14 4 30 7 31 10 48 4 2 39 3 12 4 44 8 19 4 3 12 4 48 5 34 6 13 3 4 13 7 23 8 11 6 1 19 2 14 5 27 6 35 7 15 9 29
3 6 2 13 3 15 4 37 6 31 7 29 8 20 2 6 40 7 40 5 3 34 5 10 6 45 7 48 8 22
7 1 10 49 2 6 10 10 19 4 1 36 3 26 6 43 8 10 4 1 23 2 22 3 36 8 44 2 7 23 10 32 2 1 33 4 33 1 5 29
6 5 2 32 4 32 7 44 8 37 9 43 3 2 37 3 33 8 21 5 3 37 4 50 7 28 9 49 10 16 1 2 15 6 1 44 2 16 4 50 5 38 6 42 7 47 1 5 36
7 2 4 45 8 34 1 4 40 1 6 39 4 1 24 6 42 7 28 10 27 6 1 36 2 12 5 10 6 11 7 19 10 33 5 2 37 5 25 6 45 9 35 10 22 5 1 34 2 21 6 35 7 30 10 43
75 152 92 64 53 90 102 58 89 50 90 116 135
1 1 3 1 1 2 2 3 3 3
# Instance ID: 22
# Size type: small
# Total operations: 74
# Actual flexibility: 0.331
# Generated: 2026-02-07 22:12:21
# Format: Extended Brandimarte format for MOFJSP