37 17
5 5 3 23 6 26 14 50 16 37 17 33 7 1 24 2 44 3 27 10 36 11 39 12 21 14 37 6 2 49 9 21 10 42 14 48 16 17 17 29 5 6 26 7 21 11 31 14 50 17 37 4 1 42 8 15 12 25 14 42
3 6 2 26 4 12 11 39 12 27 14 49 15 15 10 1 30 3 27 5 36 6 32 9 14 11 18 12 13 15 35 16 49 17 11 8 4 23 6 50 8 38 10 19 12 31 13 25 15 10 17 24
8 3 7 29 9 24 11 48 6 1 26 5 11 6 13 9 47 12 20 17 23 3 2 45 8 41 12 25 2 7 47 11 11 2 8 50 9 50 5 3 11 6 31 7 33 15 33 17 32 8 5 44 6 24 7 24 8 48 10 25 13 48 14 47 16 28 5 1 15 3 44 6 42 10 42 11 32
6 9 1 21 6 42 8 25 9 48 10 38 11 43 13 22 15 10 16 14 10 1 38 5 28 7 31 9 36 10 20 11 30 12 34 14 50 15 39 17 10 5 2 50 6 42 9 38 13 32 15 43 9 1 41 2 31 3 18 9 12 10 26 11 35 12 47 13 13 17 39 6 1 26 5 40 7 41 9 22 11 49 17 20 2 5 50 10 26
7 6 1 40 2 15 4 44 10 49 11 10 16 17 3 2 22 6 35 13 41 4 3 50 10 26 13 18 16 37 3 11 36 13 27 14 40 3 1 46 12 24 16 32 4 6 18 7 11 11 44 15 25 3 1 10 7 14 11 34
5 3 3 15 8 31 17 20 2 2 28 16 14 8 1 19 4 45 5 25 7 16 9 35 13 41 14 18 16 23 4 10 26 12 27 13 40 14 17 2 2 35 13 13
3 8 3 14 8 26 9 17 10 44 13 17 15 12 16 13 17 39 4 1 44 8 12 9 16 10 16 9 2 44 5 50 6 33 7 39 8 33 11 38 12 47 13 11 14 24
7 5 6 50 12 47 13 27 14 41 15 48 3 1 40 7 43 12 28 10 1 23 3 22 4 26 5 23 6 11 9 26 11 49 12 44 13 21 17 11 9 1 38 2 32 3 22 5 49 6 37 7 28 8 15 11 37 16 23 10 1 32 2 42 3 20 4 15 5 40 8 21 10 34 11 24 15 25 16 11 10 1 15 2 16 7 20 9 33 10 42 11 11 13 29 14 29 15 24 16 13 8 2 38 3 16 8 35 11 43 12 16 13 10 15 46 16 43
8 3 14 37 15 24 17 33 4 3 40 7 22 11 38 17 17 3 1 10 13 35 15 44 8 2 40 5 25 7 32 12 48 13 29 14 37 15 45 17 46 7 3 39 5 38 6 34 7 44 13 47 14 46 15 50 9 2 12 6 24 7 20 8 25 10 40 11 11 13 16 14 26 16 11 7 2 16 6 49 11 49 13 34 15 50 16 24 17 19 5 2 31 3 47 8 36 10 14 15 15
6 7 4 15 5 35 8 18 9 47 12 11 13 37 14 21 10 1 11 3 46 4 44 6 13 7 32 11 15 12 50 13 43 14 23 17 26 5 4 37 6 43 7 13 9 43 16 41 9 2 39 3 34 5 19 7 16 8 44 10 41 12 28 13 25 17 11 8 3 35 4 43 5 25 10 29 11 43 14 40 16 11 17 48 4 4 20 7 45 11 47 17 12
8 10 3 23 5 24 7 16 8 21 9 31 10 43 12 16 13 18 14 45 16 39 8 1 26 2 26 5 39 8 37 10 31 13 21 15 18 16 29 8 2 40 3 33 7 14 10 39 11 16 13 25 14 33 17 19 10 1 32 5 38 6 26 8 31 9 43 10 12 11 41 12 36 14 36 16 29 10 2 37 3 12 4 41 8 44 9 25 10 22 11 32 14 48 15 28 17 44 4 3 28 5 44 6 44 9 17 8 1 41 2 37 4 32 5 29 6 36 7 16 13 26 15 16 3 2 16 4 28 11 39
5 5 3 25 6 30 9 43 10 26 14 28 10 1 30 2 34 3 42 4 31 8 22 10 48 12 10 13 47 14 16 15 38 6 1 10 5 22 9 11 10 44 16 48 17 20 4 2 16 5 48 13 49 14 34 7 2 36 3 26 4 30 8 18 10 36 12 50 17 30
7 10 1 21 3 36 4 12 5 10 6 45 7 10 9 33 10 47 15 44 17 11 3 1 25 16 10 17 10 7 3 40 7 50 9 20 13 50 15 19 16 13 17 22 2 3 13 15 44 3 3 23 6 47 14 39 8 2 47 5 45 6 13 12 38 13 10 14 18 15 39 16 18 4 5 36 9 23 10 31 11 44
7 5 4 45 6 47 7 50 10 44 12 41 6 1 19 2 24 10 25 11 33 12 33 15 43 10 3 43 4 48 5 16 7 37 9 15 11 48 12 11 14 32 15 30 17 45 9 1 27 2 47 3 48 7 13 10 49 11 29 12 14 16 37 17 39 7 2 16 3 27 6 31 8 26 9 44 10 15 13 14 10 3 27 4 47 5 26 6 12 8 12 9 46 11 21 12 36 13 21 16 45 10 1 45 3 50 8 11 9 32 11 39 12 11 13 15 14 46 16 41 17 28
7 5 3 49 6 18 11 31 15 32 17 33 8 1 10 5 10 7 16 9 31 10 45 12 17 15 18 17 23 8 3 40 5 12 9 10 10 18 11 32 12 17 13 46 17 12 8 1 33 5 40 7 41 10 20 12 28 15 44 16 40 17 41 6 1 23 4 31 9 38 11 18 13 44 15 48 2 2 12 4 36 5 5 15 9 42 11 10 13 26 15 18
5 2 5 22 6 10 7 4 21 7 42 8 40 9 34 12 32 14 38 16 33 7 5 34 6 44 7 33 9 11 12 37 14 34 15 27 10 1 13 2 13 4 21 5 31 6 32 7 26 8 35 9 26 11 31 16 25 5 6 18 9 47 10 26 15 50 17 50
5 10 1 34 2 23 5 22 6 40 8 12 10 37 13 48 14 31 16 16 17 14 10 2 30 4 46 6 27 8 20 9 21 11 46 12 43 13 16 15 22 17 25 4 3 49 10 39 11 39 17 15 3 1 16 14 34 17 38 9 1 31 5 48 7 19 9 38 10 16 12 26 14 24 16 36 17 46
8 6 4 40 5 34 9 43 10 44 11 47 16 23 10 2 29 3 30 7 43 8 13 9 44 10 28 11 22 12 15 14 49 15 36 7 1 50 3 11 6 30 8 22 10 14 12 18 15 36 2 11 41 12 29 2 5 31 10 49 7 2 50 6 20 10 36 14 43 15 15 16 24 17 12 9 2 47 4 29 6 16 8 20 9 25 13 26 14 30 16 47 17 21 5 1 21 6 28 9 32 12 30 16 41
4 3 3 39 4 27 13 23 7 3 18 4 41 7 13 9 19 10 23 16 16 17 39 6 1 34 2 10 5 50 9 41 12 34 17 24 6 4 10 5 21 7 34 9 23 11 25 16 33
8 8 3 41 7 12 9 20 10 31 11 19 12 16 16 33 17 15 6 2 18 8 22 12 34 14 42 15 33 17 12 6 1 19 3 25 7 31 10 28 11 40 12 19 4 2 33 6 25 9 12 15 35 3 4 11 8 10 10 27 7 3 27 4 13 5 42 6 41 8 12 11 33 17 36 10 2 43 4 19 6 45 7 26 8 23 9 49 13 46 14 38 15 29 17 43 8 2 22 4 43 6 10 8 39 12 49 14 18 15 35 17 50
6 8 1 16 5 39 6 30 8 10 10 31 14 36 15 35 17 32 7 2 47 6 41 7 18 9 20 11 22 14 20 17 28 4 1 13 2 35 4 25 9 14 3 2 46 14 40 16 16 5 2 15 6 29 8 19 10 13 13 19 10 2 27 3 10 4 18 7 50 9 28 13 31 14 29 15 18 16 19 17 26
3 4 1 19 4 24 6 18 10 13 2 1 22 4 18 9 3 13 4 47 5 41 6 46 9 16 11 24 14 31 16 24 17 20
7 7 3 27 4 43 7 27 8 36 10 41 11 34 13 28 2 15 47 17 33 5 1 45 3 22 5 10 13 39 15 12 2 8 25 13 34 2 5 22 16 17 7 2 41 3 22 7 37 12 21 14 47 16 19 17 28 7 3 29 4 22 8 42 9 19 14 14 15 27 16 37
4 4 3 43 6 24 15 22 17 43 3 3 20 7 23 11 31 2 5 41 13 11 6 2 29 3 31 4 20 5 21 15 47 17 19
3 6 1 46 8 24 9 46 11 24 12 32 13 12 6 4 22 6 39 10 27 12 17 14 32 15 22 7 7 47 8 33 9 49 11 15 12 49 14 11 17 31
4 5 2 33 6 46 8 32 9 13 16 42 4 3 21 4 22 12 10 16 10 9 1 29 2 35 5 39 7 28 9 39 10 50 13 32 14 20 16 49 3 8 33 9 34 12 33
8 2 5 18 13 39 2 6 18 11 33 6 1 32 4 36 6 21 11 29 12 14 17 19 8 1 26 7 13 9 30 10 46 11 35 14 29 15 40 17 12 5 3 28 5 30 7 22 14 19 16 11 8 3 50 4 14 7 28 9 24 11 29 12 13 14 23 15 40 3 5 27 12 22 15 17 2 3 36 11 44
5 5 1 21 2 20 4 33 12 20 16 35 6 1 37 8 38 9 50 10 34 15 28 17 28 4 11 24 14 12 16 39 17 11 9 1 28 2 28 3 43 12 10 13 33 14 35 15 48 16 50 17 29 4 4 40 9 29 12 47 17 11
7 2 9 47 17 14 2 2 20 15 22 3 1 28 6 46 10 48 5 1 15 5 18 14 14 15 13 17 39 2 7 14 9 11 7 1 42 2 39 4 45 6 30 9 12 12 34 17 36 2 14 32 15 17
8 6 2 31 4 35 6 11 9 46 16 32 17 17 6 1 14 3 31 5 24 8 44 11 34 15 17 3 2 15 4 37 11 21 9 2 12 4 35 5 16 6 36 9 30 10 10 13 50 15 26 17 41 4 2 12 4 41 11 22 12 41 3 1 38 5 19 6 30 2 10 21 11 29 2 14 12 17 49
3 8 1 10 2 47 4 49 5 46 7 25 11 14 13 47 14 16 6 1 42 2 17 10 20 11 49 13 38 14 17 4 5 14 6 31 14 47 15 26
3 4 4 29 9 31 11 12 12 19 8 3 50 4 48 7 35 8 37 9 27 11 45 14 14 16 15 2 3 20 11 46
3 4 5 22 14 11 15 37 16 41 9 1 41 2 10 7 42 8 18 9 26 11 13 13 42 16 49 17 24 7 2 39 3 46 4 21 6 13 8 45 12 21 13 25
3 8 1 15 3 38 7 19 11 47 12 30 13 17 14 18 16 34 8 1 45 2 27 7 10 10 25 12 49 13 11 14 46 17 21 9 1 23 4 23 7 47 9 48 13 32 14 12 15 35 16 35 17 35
3 9 1 12 6 31 9 13 11 48 12 13 13 45 14 23 15 12 16 36 4 2 47 12 42 15 12 17 32 7 2 28 5 14 10 18 12 26 13 23 14 36 16 14
4 8 1 49 2 12 3 38 10 35 11 15 12 47 14 17 16 50 10 1 25 4 18 5 15 7 38 8 38 9 27 10 46 14 15 16 17 17 40 8 1 22 5 41 6 31 11 22 12 16 14 31 15 38 16 32 4 1 44 6 25 11 45 12 35
8 2 2 23 7 37 9 4 30 6 14 7 30 8 25 10 26 13 41 14 28 15 22 16 48 4 1 20 2 13 9 39 16 44 2 1 41 7 44 3 1 25 4 50 17 19 2 5 25 17 26 3 1 49 10 11 13 46 9 2 15 6 46 7 11 9 41 10 35 12 26 14 29 16 27 17 48
99 38 147 95 129 89 56 125 108 83 111 73 136 118 134 60 82 112 58 121 90 45 130 69 40 66 149 88 104 142 42 36 37 43 51 78 159
1 1 2 3 3 3 3 2 2 1 1 2 3 2 2 1 1
# Instance ID: 57
# Size type: medium
# Total operations: 204
# Actual flexibility: 0.339
# Generated: 2026-02-07 22:12:21
# Format: Extended Brandimarte format for MOFJSP