83 26
5 9 1 41 4 21 6 32 9 30 12 29 15 38 17 42 20 45 26 25 11 1 21 4 10 5 20 7 47 8 10 9 26 10 45 11 41 13 21 20 27 22 26 9 3 49 11 50 13 42 16 12 17 48 19 26 20 40 25 24 26 39 14 1 23 3 47 4 26 5 12 6 24 7 36 8 42 11 23 14 43 15 34 16 29 21 20 24 22 26 12 4 7 18 12 33 19 20 20 16
4 15 1 24 2 39 3 31 4 31 5 43 7 41 8 47 11 50 13 45 15 47 16 26 18 46 21 42 25 40 26 34 10 1 50 9 10 15 39 17 31 19 26 20 24 22 11 23 13 24 41 25 48 8 2 38 3 22 4 21 5 28 7 19 13 11 15 10 24 27 13 2 31 4 28 7 37 8 24 9 14 11 20 14 19 15 17 17 40 18 46 22 43 24 44 26 22
8 9 3 15 5 50 6 31 8 13 10 50 12 28 16 32 17 33 22 27 11 2 32 6 32 7 16 9 12 11 22 12 43 13 43 15 13 16 25 25 26 26 39 7 3 19 8 42 12 19 13 44 15 44 20 39 22 31 12 3 36 6 44 8 19 9 37 10 10 12 29 15 43 18 25 19 35 22 20 25 28 26 41 14 1 21 2 39 3 31 5 21 6 21 10 41 12 39 13 17 14 17 15 22 17 49 19 20 20 42 25 29 15 3 15 5 30 7 32 9 45 10 50 12 43 14 24 16 24 17 13 19 32 20 13 23 46 24 12 25 25 26 36 12 2 42 3 44 4 16 6 34 7 17 12 40 13 37 18 38 20 46 21 29 22 18 23 20 3 1 28 23 33 25 41
6 7 2 28 5 37 6 10 10 41 24 50 25 28 26 35 4 1 40 7 30 8 18 25 32 13 2 14 4 37 5 48 6 28 7 40 9 25 10 26 15 45 16 47 19 23 20 11 24 44 26 43 14 1 48 2 37 3 21 7 37 9 45 10 49 12 17 18 50 19 14 20 15 21 46 23 14 24 44 26 30 9 1 24 3 21 5 33 10 37 11 39 13 49 15 45 16 48 22 34 15 3 17 4 18 6 40 9 18 12 32 13 39 14 37 15 38 17 45 18 30 20 48 21 47 22 39 23 37 25 21
4 14 2 44 4 50 6 40 8 31 9 37 10 25 11 42 13 42 15 18 16 24 17 47 19 21 20 16 26 26 9 6 35 9 11 13 13 16 36 18 30 19 12 21 32 23 39 26 43 13 1 40 2 17 3 41 4 24 5 35 8 23 10 16 17 37 19 31 20 29 23 11 24 49 25 43 14 1 49 2 38 3 29 4 21 6 23 7 26 8 46 11 49 12 44 15 46 16 20 18 24 24 30 25 18
4 9 1 34 5 41 8 43 12 36 13 47 14 41 22 24 25 34 26 17 15 2 15 3 32 8 40 9 46 10 13 11 25 15 49 16 15 17 33 18 43 19 42 22 20 23 50 24 39 25 15 4 3 32 7 16 10 23 26 17 3 4 12 9 31 26 38
3 14 1 12 2 23 3 41 5 18 9 11 10 23 11 20 13 24 15 12 18 42 20 48 22 47 23 18 24 24 9 3 46 5 22 7 21 9 23 13 47 14 12 17 15 18 46 19 42 13 2 10 3 21 6 16 9 27 11 44 13 18 15 39 16 39 17 47 18 40 21 33 24 41 26 24
4 12 3 36 5 15 7 48 9 20 12 33 13 41 16 33 19 10 20 16 22 28 24 12 25 19 4 1 40 4 31 12 38 13 38 7 1 23 4 18 15 34 17 34 19 26 23 41 24 22 13 1 43 3 24 4 18 7 48 8 20 9 24 12 25 13 40 15 38 16 10 17 20 19 29 25 29
3 4 9 10 14 45 17 15 20 17 15 1 45 2 22 6 10 7 39 8 49 9 16 10 19 16 38 18 13 19 29 21 15 22 16 23 22 24 15 25 16 13 1 40 3 13 4 28 6 47 8 17 14 28 17 31 18 48 19 50 21 27 22 44 25 36 26 36
7 11 2 36 3 22 7 40 9 11 14 16 15 29 16 11 19 43 20 37 21 43 22 10 13 3 32 5 47 7 39 10 48 11 46 12 28 15 15 16 16 17 28 19 21 20 22 24 35 26 25 6 1 43 4 13 9 15 13 25 15 32 24 50 9 6 10 9 29 10 29 11 20 13 48 14 16 17 42 20 29 22 49 12 2 45 3 33 4 41 7 23 11 10 15 17 17 22 18 50 19 48 21 21 22 33 26 41 9 2 27 3 19 9 44 13 27 15 49 17 36 24 50 25 45 26 31 11 4 49 5 31 6 48 7 35 8 48 11 24 13 50 16 37 17 38 19 14 24 34
8 9 4 18 5 33 6 10 7 15 12 49 18 14 21 38 23 40 24 50 3 4 21 11 48 13 18 6 1 35 6 15 8 39 13 43 14 31 26 23 8 1 35 5 39 7 46 8 40 12 28 13 46 19 47 24 41 11 5 17 6 21 7 47 8 34 9 37 10 28 15 40 21 41 22 14 23 47 24 45 8 5 19 8 35 13 28 16 29 18 32 19 31 20 35 24 11 7 1 33 5 37 7 41 9 47 10 31 15 31 26 21 14 1 38 3 20 4 28 5 35 6 26 7 49 9 44 17 41 18 29 21 39 23 20 24 14 25 24 26 41
3 5 5 50 10 11 14 35 16 41 18 47 14 1 28 3 21 5 17 8 30 10 12 13 31 14 14 17 42 19 10 21 38 22 28 23 35 24 23 25 16 12 2 15 4 49 5 12 6 10 13 37 14 36 15 38 17 12 19 32 24 42 25 43 26 32
6 9 2 43 5 44 7 50 9 48 10 23 20 22 21 11 24 31 25 43 10 3 17 7 42 12 34 13 27 14 50 17 26 18 11 20 44 24 21 26 49 12 2 46 3 35 5 32 6 24 11 28 12 34 13 27 16 32 18 44 20 14 23 33 24 40 3 12 11 18 18 24 35 5 10 47 11 26 13 42 17 40 22 34 12 2 22 3 26 7 42 10 39 11 24 15 24 17 30 18 11 19 29 22 34 25 34 26 27
8 14 2 38 3 10 7 40 8 12 10 50 12 46 13 15 16 44 18 31 19 50 22 50 23 39 24 39 26 16 7 2 27 3 15 5 44 11 23 23 41 24 39 26 29 6 4 44 11 22 13 44 16 11 18 49 20 42 6 2 29 12 27 16 30 22 45 23 16 26 42 6 5 32 11 13 12 10 17 30 20 32 22 40 15 1 45 2 35 4 42 5 10 6 10 7 25 8 11 10 23 12 22 13 38 16 36 17 25 19 22 24 10 26 25 8 1 21 4 25 7 32 10 13 13 29 14 24 16 29 19 24 5 3 50 12 31 13 20 22 48 24 39
3 15 5 35 7 30 8 31 10 25 11 30 12 20 13 39 14 29 15 37 16 12 22 32 23 24 24 12 25 28 26 28 6 3 41 8 31 13 30 16 29 19 13 23 42 5 7 33 12 13 13 21 15 49 18 46
8 3 10 31 12 43 24 38 5 3 11 5 28 13 11 18 40 23 37 12 1 12 4 41 5 13 8 36 9 50 10 20 12 35 15 32 18 37 21 42 22 19 24 41 7 3 30 4 25 14 14 15 22 23 25 24 11 26 21 3 1 10 13 16 15 38 5 9 19 11 40 12 44 13 27 25 43 9 7 42 10 48 15 13 16 15 17 44 19 30 22 15 24 25 25 15 10 3 36 5 46 6 38 8 18 11 24 12 28 15 34 17 32 19 12 22 13
8 7 1 26 5 17 6 36 7 31 14 10 16 29 26 26 12 1 43 3 37 4 50 6 30 7 21 8 35 9 38 10 28 13 14 16 35 23 35 25 32 12 2 42 3 32 4 34 7 46 8 26 10 31 14 47 18 44 21 13 22 36 23 16 24 39 9 5 11 7 28 8 20 10 32 14 17 17 31 18 13 23 27 26 40 3 11 44 18 43 20 11 4 5 15 18 38 20 25 22 27 4 1 33 2 47 12 36 13 43 5 6 24 10 17 15 27 16 21 23 29
8 8 1 34 5 38 7 44 15 14 17 27 19 34 23 33 26 36 14 4 21 5 24 9 14 10 32 12 29 13 26 14 45 16 29 19 28 20 45 21 18 23 34 25 45 26 47 7 2 39 3 34 5 21 10 30 16 50 17 20 24 38 4 3 49 13 33 25 15 26 46 11 1 29 4 16 6 14 9 21 10 10 16 43 17 25 18 48 19 29 21 13 24 18 5 6 30 12 37 17 34 21 38 26 44 6 4 42 8 46 10 11 13 45 22 23 26 47 8 2 22 8 37 11 12 12 29 16 27 18 33 24 43 26 10
7 14 1 47 3 20 9 14 10 33 12 29 15 30 17 40 18 41 19 36 20 43 21 28 23 36 25 38 26 29 5 2 44 11 19 12 21 18 12 20 17 11 1 48 3 22 8 19 10 42 11 27 14 10 15 45 17 47 18 47 24 50 26 23 12 2 28 3 33 4 15 5 37 10 10 11 46 14 35 15 49 17 22 19 25 21 12 23 14 9 3 13 6 40 7 22 8 27 11 31 19 19 21 32 23 25 25 34 9 1 47 2 33 5 34 8 13 10 32 11 34 12 24 17 32 24 25 3 1 11 14 26 22 14
6 14 1 40 2 35 3 33 9 15 10 44 11 11 13 35 16 31 17 46 19 26 20 48 22 33 24 29 26 10 5 4 38 11 31 19 24 21 26 24 39 14 1 34 5 38 6 34 8 30 9 43 10 11 11 33 15 22 16 46 20 42 21 17 22 42 24 31 25 32 10 5 28 6 22 7 14 8 24 9 49 10 45 15 39 17 14 18 48 26 45 11 1 32 3 21 10 19 13 34 15 35 16 18 18 34 19 40 24 32 25 46 26 34 7 7 33 8 29 10 10 19 20 20 12 21 42 25 32
5 14 3 23 4 48 5 37 8 13 9 27 10 46 11 12 12 10 14 41 16 46 17 16 20 41 22 36 24 38 6 5 48 7 10 10 47 11 45 22 15 25 29 8 1 17 2 36 13 25 16 33 17 44 18 23 20 30 23 29 12 6 33 8 31 9 29 10 46 11 14 13 35 14 16 15 32 16 33 19 45 20 31 25 43 5 3 13 4 15 5 41 15 30 17 35
5 13 1 30 2 14 3 30 5 12 6 41 10 18 11 39 12 20 18 11 20 13 24 40 25 27 26 33 15 1 47 5 43 6 36 9 34 10 22 11 42 12 29 13 29 14 35 18 48 19 14 20 29 21 13 22 17 23 21 10 1 18 5 35 6 11 13 11 15 18 17 19 19 50 22 47 23 11 25 28 3 5 16 6 47 10 31 11 5 13 7 24 8 20 9 48 11 31 13 13 14 41 20 42 23 24 25 35 26 43
3 9 2 23 5 13 8 48 12 39 13 29 15 19 17 41 23 22 26 33 13 1 32 2 14 4 21 5 19 8 13 10 10 12 12 14 24 15 22 17 48 19 19 24 27 26 11 4 10 33 15 24 17 44 26 32
8 6 6 19 8 44 11 31 13 20 19 10 24 35 14 1 36 2 32 3 14 4 12 5 19 9 24 12 41 15 35 16 15 18 47 19 10 21 44 22 47 24 15 15 2 18 6 19 7 17 9 13 11 17 12 45 14 42 15 33 16 29 17 19 18 40 20 39 21 48 23 37 26 49 10 3 23 4 19 6 26 9 11 13 12 14 21 17 35 19 42 23 17 26 11 9 2 18 3 14 8 17 10 21 20 31 21 39 22 44 23 40 24 44 10 1 50 3 47 5 23 6 27 12 48 14 18 17 34 21 15 22 11 24 16 6 3 25 4 33 10 10 11 38 17 39 26 21 15 1 21 2 16 3 40 4 19 6 12 9 21 10 40 12 38 14 17 17 34 18 13 20 41 21 43 24 38 26 48
3 4 13 27 14 39 19 28 24 24 12 1 42 4 14 5 35 6 23 11 26 12 38 15 48 16 38 18 25 19 12 25 30 26 40 11 1 34 4 20 7 21 11 43 12 25 14 27 16 27 18 25 22 28 24 45 26 27
7 13 3 49 6 26 9 22 12 41 14 11 15 25 16 37 17 16 18 32 19 20 22 29 23 40 24 45 5 1 13 2 49 14 45 17 45 21 10 3 13 31 14 17 23 46 15 1 30 3 25 4 17 8 25 12 45 14 10 15 49 16 12 17 18 18 18 19 49 23 48 24 13 25 25 26 48 8 1 15 7 17 10 48 11 33 16 28 18 30 23 17 26 20 7 5 47 10 48 15 26 16 24 17 32 22 34 25 35 5 1 20 2 50 6 50 16 44 17 45
7 10 6 48 7 10 9 43 12 37 15 16 16 12 17 32 20 13 24 25 26 25 15 1 45 2 36 3 10 4 44 5 15 6 21 8 18 10 28 12 41 14 44 18 38 20 45 22 12 24 49 25 10 5 3 37 7 41 10 37 12 24 16 47 12 1 40 2 37 8 25 11 13 12 21 13 24 15 32 16 25 17 29 21 47 22 18 25 25 5 1 39 2 34 12 47 13 20 20 48 13 1 22 3 11 4 35 6 26 7 22 9 17 10 13 11 31 15 45 17 49 18 10 23 37 25 31 9 3 50 10 10 11 24 13 44 18 48 20 17 21 18 23 45 25 37
4 3 15 32 16 47 23 23 10 1 15 5 37 7 43 13 17 14 50 15 36 16 45 18 28 21 12 25 24 8 2 24 5 15 7 29 8 27 13 18 15 14 16 22 19 12 13 1 16 4 25 6 25 8 15 9 43 10 28 11 22 13 23 17 46 19 11 22 30 24 43 25 38
7 11 1 50 2 33 5 26 11 28 12 37 14 21 15 34 17 24 21 27 22 18 24 18 7 2 31 5 24 8 26 16 19 19 28 21 33 24 16 6 2 35 5 40 8 19 17 35 18 32 20 19 8 6 42 8 42 12 20 18 13 22 10 23 35 24 11 25 39 10 2 21 5 38 7 44 8 50 14 14 16 45 17 26 19 24 21 24 26 15 9 2 32 3 32 4 29 8 18 15 46 17 30 20 33 23 33 25 39 13 1 40 4 48 5 30 6 20 7 44 9 42 10 36 15 14 17 28 20 16 21 30 22 19 23 36
4 13 2 29 3 32 4 11 5 47 8 27 9 19 10 41 11 28 12 45 13 13 22 47 23 29 26 29 3 6 49 12 23 24 29 9 2 17 3 41 6 29 9 18 13 31 14 11 15 29 16 44 26 15 15 1 36 2 27 6 19 7 31 9 16 10 27 12 50 13 16 17 16 19 41 20 33 21 15 24 22 25 20 26 32
6 8 2 14 3 31 4 29 8 50 11 25 15 13 16 50 18 47 3 4 16 10 42 13 32 8 1 38 5 31 15 26 17 15 18 43 21 40 24 10 25 12 4 2 33 13 19 18 35 24 35 4 1 37 4 36 17 41 19 15 8 3 41 9 26 11 20 13 30 23 40 24 15 25 41 26 20
3 13 3 46 4 11 7 41 9 36 12 28 13 25 14 22 17 10 19 40 20 17 21 22 23 43 25 15 8 4 47 6 21 7 31 11 50 13 17 15 18 21 49 26 39 3 14 41 22 19 25 17
6 10 2 35 3 35 8 37 13 31 15 33 16 21 21 13 22 42 24 44 25 23 15 1 36 3 30 4 22 6 11 7 33 8 24 9 35 10 18 11 23 12 19 13 15 14 47 15 46 18 13 23 25 7 1 28 4 40 9 30 19 27 21 15 22 26 25 10 9 2 10 6 25 9 10 11 38 13 33 14 11 19 29 23 45 24 43 3 2 14 7 13 10 33 5 13 11 15 37 18 48 22 14 23 50
7 14 1 36 3 49 4 28 5 45 6 31 10 44 16 10 18 39 20 14 21 22 22 34 23 48 24 17 25 33 6 5 39 14 20 15 14 17 16 18 33 24 37 10 4 19 6 25 7 16 11 18 15 32 16 43 17 19 19 31 25 30 26 34 11 3 20 4 12 5 25 8 33 9 50 10 37 12 27 15 27 18 20 19 27 24 47 10 1 26 3 50 4 47 7 25 8 31 12 13 13 11 17 45 21 44 22 49 15 1 12 2 42 4 39 6 24 7 22 8 37 11 24 12 25 13 31 16 10 17 44 18 17 19 28 22 37 23 49 9 1 23 4 25 9 18 11 16 12 40 13 12 14 16 17 23 24 15
6 12 2 41 5 37 8 32 11 34 12 41 15 17 18 13 19 40 22 15 23 16 24 25 26 49 13 4 39 8 34 9 41 10 11 12 14 14 12 15 36 16 21 21 38 22 19 23 40 25 36 26 29 6 7 37 9 25 17 19 19 23 22 14 25 27 8 1 32 6 48 8 38 12 26 14 49 18 37 23 21 25 26 13 1 42 3 34 5 24 6 26 9 47 10 23 12 45 13 46 17 31 18 43 20 30 22 20 25 27 10 3 48 6 17 7 49 8 40 16 12 17 41 20 27 22 34 23 23 26 19
6 7 14 25 15 14 16 42 18 39 19 37 21 45 24 20 8 3 34 4 25 15 13 17 28 20 43 21 27 22 29 26 26 3 14 27 17 30 24 37 8 1 33 7 39 11 29 15 19 16 40 18 33 21 32 25 13 10 5 38 7 36 9 45 10 46 12 13 13 22 16 38 17 18 22 29 26 19 7 4 25 11 37 15 27 16 13 19 36 20 40 22 28
6 7 3 10 10 40 14 39 16 10 18 18 22 44 24 19 12 1 31 3 37 5 46 8 33 9 49 12 39 14 45 17 21 18 49 19 22 24 43 26 14 15 1 35 2 23 6 20 7 20 9 26 12 10 14 23 15 33 17 15 18 34 20 23 21 20 22 28 23 37 26 22 3 9 16 18 25 19 27 3 5 27 16 26 25 19 11 1 47 2 48 9 18 10 40 12 46 13 26 16 30 18 25 20 15 21 42 22 39
7 6 5 47 8 18 11 16 14 22 23 26 26 21 12 1 21 2 32 4 49 8 26 9 49 13 27 16 48 17 25 18 48 20 12 25 12 26 33 14 1 27 2 26 3 37 6 12 7 39 8 36 9 44 11 42 13 48 19 48 21 48 23 14 24 36 25 14 11 4 20 6 43 9 15 10 15 12 14 13 37 14 43 19 23 22 28 23 27 25 38 7 2 14 4 30 7 44 8 30 14 32 22 36 23 31 6 3 23 4 23 9 33 10 12 18 28 26 27 13 3 19 7 47 8 28 9 34 10 49 14 46 16 21 17 31 18 15 19 10 22 44 23 33 24 18
8 3 1 48 20 22 24 20 12 3 43 6 12 7 47 8 43 11 50 14 39 17 48 20 28 21 46 23 18 24 34 25 43 13 1 29 3 32 6 17 7 47 9 45 11 32 12 14 13 22 14 43 15 21 16 41 21 41 24 32 15 1 39 3 14 5 14 7 13 8 48 9 31 10 32 11 14 12 11 17 17 18 26 21 30 24 24 25 24 26 30 14 1 22 2 26 3 18 5 32 6 50 9 21 13 17 17 24 19 43 20 17 22 18 24 33 25 42 26 17 11 1 36 3 40 4 36 5 37 10 37 13 28 15 43 17 50 18 49 24 15 25 19 9 3 49 4 31 6 22 9 21 10 30 11 45 13 31 17 24 21 25 6 4 17 5 37 17 33 18 29 20 37 24 13
6 14 1 49 4 32 5 18 6 10 8 23 9 33 10 17 11 18 15 29 17 38 19 20 20 11 22 48 26 25 11 1 20 2 24 4 48 5 12 7 18 8 35 13 20 15 49 17 43 22 16 23 22 15 2 31 3 18 5 23 7 31 8 49 9 21 10 25 14 46 16 26 18 43 22 49 23 18 24 13 25 22 26 12 14 6 49 9 35 12 35 13 21 16 47 17 37 18 13 19 10 21 15 22 23 23 38 24 31 25 28 26 43 6 1 24 4 45 7 36 13 21 17 15 21 47 14 5 33 6 48 7 25 8 49 10 49 11 34 13 32 14 32 16 48 22 45 23 15 24 32 25 23 26 23
4 4 1 43 18 46 22 13 26 37 6 1 29 8 13 10 44 16 15 19 16 22 50 7 2 28 7 38 11 31 13 35 15 42 19 23 22 45 12 1 31 3 34 7 24 9 33 10 37 12 15 14 46 15 36 17 32 18 18 20 34 26 25
7 6 2 11 4 18 20 41 22 43 23 37 24 50 8 1 37 8 11 9 45 16 12 17 42 19 30 20 36 26 11 6 7 35 8 44 9 14 13 35 15 38 16 15 10 3 11 4 29 7 25 9 10 10 23 11 44 15 48 19 38 22 37 23 26 6 8 22 12 36 15 40 18 35 20 18 22 13 11 1 42 4 21 6 26 9 45 10 48 13 34 16 15 17 41 21 13 23 22 25 32 10 1 30 2 31 5 31 11 12 13 14 14 23 15 49 21 36 22 34 24 30
6 4 1 36 11 46 17 37 21 12 11 2 26 4 35 7 44 12 42 14 49 15 35 16 43 17 40 18 37 25 40 26 23 9 7 42 10 50 12 17 13 11 15 11 18 42 24 14 25 11 26 24 8 4 23 5 14 7 39 13 19 15 13 16 29 20 27 21 10 6 7 44 8 19 10 23 13 42 16 25 20 16 12 1 28 6 11 7 46 8 30 9 45 14 50 16 48 18 34 20 37 22 17 24 38 26 47
8 5 7 13 8 46 12 10 13 36 16 18 10 1 29 2 23 6 22 7 18 11 18 18 35 21 12 22 10 25 50 26 38 10 11 50 13 10 14 21 15 31 16 26 19 49 20 16 24 33 25 38 26 40 5 1 10 7 37 11 21 13 31 20 13 4 6 15 7 37 10 11 20 27 5 2 40 7 20 8 22 10 39 13 27 5 5 28 10 41 15 26 25 41 26 36 9 3 29 4 21 7 29 8 30 11 30 12 15 15 49 17 45 19 22
7 13 3 22 4 45 5 16 6 50 8 45 9 32 11 26 12 27 15 44 17 39 18 16 20 25 26 26 3 10 45 13 25 26 22 13 3 45 4 27 8 17 9 30 11 39 12 39 13 33 15 41 17 50 19 19 22 24 23 19 24 24 10 2 40 9 21 10 44 14 21 17 38 19 19 23 40 24 13 25 20 26 49 7 1 22 4 50 8 47 17 29 19 29 20 17 22 16 12 1 14 2 30 4 32 5 36 8 28 10 46 11 18 13 48 17 25 20 45 24 13 25 33 6 6 16 7 18 9 12 10 50 12 17 16 19
5 8 2 41 4 43 8 33 17 18 18 49 22 12 23 33 26 37 8 2 16 9 42 11 13 12 22 13 24 22 35 24 24 26 17 6 3 28 4 47 11 23 13 25 20 37 23 30 12 2 39 3 43 6 37 7 28 10 31 12 32 13 13 16 33 18 35 22 41 23 45 24 26 7 4 38 5 24 8 23 11 41 13 30 16 20 19 17
8 11 4 25 5 30 6 36 7 38 8 29 14 15 17 38 19 10 20 20 23 48 25 10 4 7 10 11 45 15 23 24 47 15 1 13 2 16 3 37 5 22 7 27 8 38 11 19 12 47 15 13 17 33 18 23 21 15 22 32 23 31 26 17 11 5 40 6 22 7 30 9 31 10 35 11 39 14 36 19 32 24 41 25 24 26 16 12 1 36 3 27 4 15 5 44 6 44 11 30 13 35 15 21 16 30 24 50 25 39 26 38 4 5 13 11 32 23 47 25 30 13 2 32 3 28 4 23 6 17 7 40 8 17 11 46 13 30 15 24 16 27 19 40 20 21 26 28 9 1 31 3 29 7 43 10 41 17 16 18 23 22 23 23 30 24 11
4 15 1 48 2 41 3 24 4 26 7 10 12 48 15 10 16 20 17 29 19 31 22 48 23 25 24 40 25 27 26 49 14 1 21 2 24 5 26 6 20 8 45 12 33 15 33 16 16 17 48 20 11 21 33 23 23 24 10 26 42 9 2 46 10 25 13 35 14 37 15 19 18 47 23 38 25 26 26 43 15 1 40 2 46 4 50 5 46 7 48 10 30 13 24 14 50 17 46 18 24 20 23 23 47 24 50 25 27 26 37
6 8 1 12 2 36 5 24 9 34 10 37 12 12 17 41 23 17 13 1 26 4 27 6 36 7 23 8 31 14 34 15 36 16 24 18 25 22 44 23 31 25 36 26 13 9 3 24 4 15 6 11 7 44 12 11 14 19 19 12 21 33 24 43 4 10 37 12 28 21 32 22 34 14 1 39 2 10 3 15 9 16 10 31 12 32 13 30 14 20 15 38 16 11 17 48 21 25 25 38 26 40 11 5 33 6 50 7 29 13 48 17 41 19 13 20 36 21 11 22 11 23 20 24 13
5 7 3 22 6 27 11 23 13 35 15 48 17 47 22 40 14 2 30 4 25 6 37 7 47 8 49 9 31 14 28 15 39 16 40 18 47 20 47 21 28 25 47 26 12 9 3 50 5 28 7 46 9 41 11 15 13 11 14 34 21 45 25 43 9 6 11 10 16 12 32 15 40 16 34 19 37 20 31 23 35 24 36 4 1 20 8 31 19 23 22 32
5 7 1 17 2 35 7 38 8 25 10 43 16 30 18 40 4 1 29 3 24 9 17 26 14 4 5 12 9 30 18 38 26 16 4 9 24 11 36 17 36 25 43 9 3 22 5 43 8 21 9 12 10 18 14 34 18 29 20 27 22 22
7 3 2 28 18 38 26 40 6 2 15 5 28 11 26 13 38 20 33 21 28 3 17 38 18 21 19 17 7 5 14 10 21 14 20 16 39 20 44 21 17 26 43 15 1 30 2 39 3 14 4 12 5 12 6 24 8 43 11 13 14 25 15 36 20 28 21 36 22 40 24 10 26 44 14 3 29 4 37 5 14 6 11 7 10 8 49 9 26 11 26 13 12 14 48 17 10 18 29 24 26 25 17 3 4 44 14 24 17 13
5 8 10 17 11 29 17 15 18 33 19 47 20 27 25 36 26 18 11 1 32 2 16 6 31 7 20 8 28 9 26 14 18 15 37 19 27 20 23 26 49 13 1 10 4 35 5 14 7 18 9 49 10 47 11 44 12 45 17 31 19 37 20 32 22 46 25 34 15 1 23 3 18 4 16 7 37 10 49 11 39 12 47 14 28 17 46 19 25 20 37 21 38 22 36 24 45 26 37 4 3 33 5 11 7 42 22 36
4 7 1 35 5 27 6 25 8 33 12 37 18 19 25 11 4 6 29 14 26 15 15 20 28 10 3 18 7 42 10 47 11 42 14 14 15 42 16 20 23 43 24 37 26 28 6 1 24 2 27 5 19 7 32 14 45 20 15
4 6 3 28 6 15 12 10 14 14 16 11 23 10 5 1 25 5 50 12 13 13 41 25 45 11 1 39 2 46 4 25 5 31 7 22 14 39 16 14 23 18 24 43 25 10 26 11 12 1 46 5 17 8 11 11 22 12 35 14 44 15 44 16 10 19 45 20 42 25 21 26 30
3 12 1 11 2 22 4 18 6 21 7 10 9 36 12 18 13 22 17 41 18 18 21 27 25 11 11 2 31 10 28 13 19 15 42 16 25 18 47 19 45 21 19 23 22 24 15 26 10 5 5 44 6 50 9 24 11 49 21 20
4 10 1 48 4 38 10 16 11 45 15 50 17 27 19 34 23 17 25 13 26 48 12 3 18 5 31 7 17 8 28 9 20 10 19 11 46 12 38 19 27 21 39 24 27 26 33 5 4 33 9 37 14 43 15 21 24 18 6 1 37 3 14 11 44 14 27 17 42 20 25
8 11 2 42 3 12 4 32 7 46 12 32 13 35 14 27 18 39 19 17 20 42 24 31 10 1 14 2 44 3 10 7 11 10 21 15 31 21 43 22 10 24 48 25 35 9 9 50 10 38 15 47 17 47 18 31 19 43 21 14 22 27 23 10 7 3 21 7 36 11 46 15 24 18 32 19 20 22 12 4 3 32 12 25 20 10 26 30 9 3 27 7 20 10 39 12 35 16 46 19 26 20 43 23 14 24 34 3 20 32 21 48 24 13 11 3 50 4 50 5 46 7 35 8 46 15 40 17 32 18 24 19 13 20 28 23 24
5 3 6 43 7 32 19 40 5 3 46 11 24 14 43 15 31 26 50 6 1 32 3 31 4 39 5 43 7 19 16 13 4 2 32 10 31 16 46 23 28 15 1 47 2 23 4 23 8 35 10 31 11 27 12 15 14 44 16 18 17 44 19 44 21 33 23 43 24 11 25 39
4 3 5 41 13 12 18 41 15 1 16 2 32 4 30 6 41 7 18 9 44 13 17 14 16 15 38 16 49 17 20 18 28 19 42 22 12 23 39 11 2 15 6 22 7 16 9 43 10 30 13 17 15 23 17 20 18 16 19 39 26 36 10 1 18 4 20 5 39 7 22 9 44 10 48 11 27 15 13 17 45 21 13
7 13 1 42 6 13 8 31 11 43 13 18 14 42 17 42 18 43 19 47 20 12 23 28 24 17 26 15 6 6 32 8 12 11 14 13 12 21 40 26 26 11 1 11 2 32 3 18 7 11 10 20 15 42 16 37 17 45 20 38 22 20 24 33 11 2 38 5 36 6 27 8 21 9 27 11 47 12 43 18 32 20 22 21 29 25 16 6 2 46 3 15 9 38 18 17 21 44 23 49 15 1 48 5 17 6 39 8 41 9 41 12 48 13 12 14 36 16 40 17 49 20 38 21 33 22 24 24 15 25 14 3 4 17 8 25 13 18
3 6 1 19 2 49 3 10 6 41 10 25 18 42 3 2 15 13 11 14 22 5 2 34 3 47 7 12 10 27 15 26
5 8 2 16 6 38 7 33 11 15 16 37 18 11 21 41 23 35 9 9 14 13 26 14 25 19 49 20 21 21 19 22 18 23 22 26 50 10 3 40 7 37 8 34 10 17 13 12 15 25 20 28 22 35 23 25 26 27 9 1 30 3 24 7 25 8 48 12 15 14 39 16 50 18 11 19 23 11 3 39 9 16 13 30 14 40 15 14 16 26 17 48 18 48 24 24 25 17 26 21
3 14 1 19 2 37 3 33 4 27 5 40 6 48 8 12 10 19 11 41 17 36 20 50 21 39 25 42 26 19 6 1 15 8 18 9 23 10 24 14 31 15 39 3 18 21 22 23 26 21
5 14 5 48 6 37 8 22 9 13 10 28 11 34 12 21 13 20 14 40 15 39 16 37 18 44 19 28 22 15 15 1 13 2 43 3 32 5 30 8 25 12 11 13 37 14 24 15 38 18 12 20 24 21 20 22 33 24 44 25 36 13 1 30 2 14 4 11 6 22 8 34 10 43 13 47 14 46 21 17 23 37 24 20 25 13 26 17 5 6 12 7 33 11 40 19 22 23 36 15 1 32 2 28 3 46 7 31 9 35 10 14 11 28 17 12 19 23 20 43 21 46 22 33 24 17 25 33 26 17
7 3 2 25 10 29 19 34 6 7 40 9 28 12 42 17 28 20 46 22 21 7 1 19 8 22 9 38 14 14 18 35 22 37 26 30 8 4 11 5 23 8 39 10 17 12 46 14 33 16 20 22 50 14 1 10 2 33 5 42 6 40 7 25 9 26 10 44 14 41 15 32 18 28 19 14 20 24 24 22 26 11 11 1 39 2 44 5 42 12 46 15 47 17 49 18 13 19 27 22 20 23 50 24 18 14 1 30 3 17 7 39 10 47 12 20 14 48 16 37 19 36 21 35 22 44 23 37 24 19 25 21 26 16
3 15 1 14 2 15 8 44 9 50 10 50 11 25 14 27 16 14 17 45 18 20 20 41 21 34 22 20 23 16 24 34 10 1 23 3 22 4 16 7 28 9 24 11 50 14 13 15 38 19 48 22 35 10 1 20 3 17 5 36 7 32 9 35 11 20 18 47 20 38 22 48 24 48
6 7 6 45 12 36 13 12 19 10 21 31 25 26 26 16 10 1 18 5 24 7 32 10 45 11 23 15 49 18 10 21 18 23 26 25 11 11 2 23 4 25 5 43 8 11 11 41 17 31 18 30 20 34 21 24 22 33 25 12 12 3 17 4 14 5 41 6 16 7 33 12 34 15 21 19 34 20 25 21 21 23 20 24 21 12 3 33 7 47 8 42 14 41 17 20 18 28 19 35 20 21 21 29 22 19 23 27 24 10 9 3 20 7 19 9 41 12 21 16 34 17 24 18 14 22 26 26 14
8 14 5 19 7 40 8 21 9 10 10 16 11 19 15 33 16 29 18 18 19 16 20 37 23 48 25 19 26 28 7 4 15 6 39 17 38 18 33 20 27 21 29 22 33 15 1 21 3 25 4 42 6 11 9 15 10 36 13 18 15 41 16 48 18 30 19 48 20 19 21 26 23 13 25 43 15 2 35 3 36 4 22 5 27 8 26 11 33 12 32 13 11 15 42 18 32 19 49 21 29 22 33 23 19 25 20 11 2 18 4 44 6 19 7 34 8 12 10 29 11 30 12 11 15 11 18 39 26 15 11 1 49 3 40 5 27 6 25 11 14 13 50 18 47 20 20 22 12 23 30 25 15 8 4 16 7 30 13 28 17 21 18 10 21 34 23 10 26 36 9 2 25 6 20 16 22 17 39 18 46 19 46 20 28 21 42 25 11
8 4 4 42 6 38 9 14 26 33 15 1 17 3 36 4 43 8 20 11 17 12 16 13 49 14 29 17 15 19 48 20 20 22 42 24 15 25 43 26 22 12 1 41 4 21 5 32 10 39 13 10 15 37 17 21 20 16 21 13 22 28 23 30 25 23 9 5 40 7 35 10 31 11 27 14 32 18 25 20 11 21 41 22 11 10 4 16 5 37 7 26 9 18 10 36 11 34 14 10 19 22 20 12 25 28 15 1 39 2 48 3 38 5 18 7 39 8 28 9 50 11 26 15 12 16 50 20 22 21 49 22 20 24 33 26 24 13 2 12 6 20 8 37 9 29 11 50 12 22 14 28 16 45 17 20 18 32 21 24 22 17 24 13 13 2 44 3 41 6 46 8 50 9 16 10 20 12 20 13 42 19 47 21 22 23 15 25 45 26 28
5 8 4 23 7 10 10 13 13 35 19 32 24 17 25 28 26 29 15 2 11 3 45 4 12 5 25 7 37 9 39 14 50 15 26 16 31 17 42 18 41 20 43 23 14 24 32 25 33 10 1 28 3 14 7 42 11 38 13 33 15 30 16 21 18 39 20 48 26 18 15 2 12 3 16 8 28 9 26 10 24 11 29 13 38 14 48 16 29 17 34 18 24 19 16 20 49 23 10 24 45 6 4 34 9 28 11 35 15 20 17 37 21 38
6 6 7 33 8 24 10 23 11 18 17 36 21 15 14 1 10 2 19 4 15 6 38 8 23 13 21 16 32 17 31 18 16 20 29 21 47 22 18 23 25 25 50 14 1 12 2 37 3 46 8 37 10 12 11 31 14 12 15 37 18 17 19 18 21 20 23 33 25 30 26 45 7 4 47 6 33 9 48 10 13 12 25 16 42 19 29 6 8 50 11 32 16 31 17 47 22 16 23 41 5 2 40 10 13 16 36 20 44 23 37
3 8 1 30 2 28 4 47 16 49 21 41 22 46 23 22 26 46 13 1 28 2 12 3 16 6 16 9 49 10 44 12 44 13 43 14 43 16 28 21 21 22 46 24 31 9 2 27 3 10 6 37 7 19 16 17 18 25 19 18 23 16 25 12
6 15 1 38 3 38 5 29 6 34 7 29 8 10 9 35 10 50 11 35 13 21 14 22 18 43 20 46 22 45 26 28 6 6 33 7 31 13 47 14 24 19 45 21 30 10 5 25 7 42 9 32 12 40 13 47 17 14 20 44 23 34 25 44 26 23 9 2 20 3 13 5 38 6 19 14 13 15 24 18 32 23 40 24 13 7 4 23 8 23 9 40 13 28 21 17 23 23 26 11 9 7 15 9 40 10 23 11 14 13 32 19 36 22 16 25 16 26 18
6 5 5 14 8 18 11 21 24 11 25 28 11 1 32 5 28 6 41 9 39 10 49 14 15 19 38 20 28 21 45 22 26 23 14 5 7 21 10 24 16 27 18 47 25 44 11 4 33 5 50 9 40 10 20 13 48 14 47 16 39 19 40 20 17 23 13 26 32 7 1 44 5 17 9 37 12 38 13 46 20 44 26 27 9 5 31 8 17 12 22 13 17 14 22 20 25 21 18 22 20 23 34
3 3 7 19 10 29 23 42 12 2 16 7 34 9 46 11 45 13 19 15 30 16 11 17 39 21 22 22 22 23 38 24 35 4 8 34 10 50 16 32 17 49
7 15 1 20 3 46 5 50 6 41 7 17 10 20 12 30 14 27 17 21 20 24 21 49 22 40 23 47 24 45 25 35 6 9 30 15 34 18 42 20 27 24 46 26 14 11 1 22 3 13 7 40 8 11 11 36 14 30 15 30 19 47 21 21 23 30 26 19 14 2 28 7 14 8 40 9 20 10 40 13 19 15 12 17 22 19 10 20 40 21 49 22 22 23 13 24 48 7 1 40 5 17 8 35 19 46 21 49 22 23 24 12 7 2 40 6 46 7 26 19 27 20 31 23 31 26 44 10 2 32 3 37 4 27 9 41 14 13 18 36 21 34 22 24 23 20 24 33
6 4 13 34 15 45 23 19 26 42 13 1 21 4 44 5 17 7 39 9 32 12 19 13 19 18 17 19 18 20 20 22 19 23 10 25 45 9 1 14 5 13 9 17 10 18 12 16 13 31 18 18 22 20 24 20 3 1 34 7 16 9 22 12 3 44 4 48 6 45 11 37 12 25 15 11 17 28 18 13 21 31 22 14 23 49 24 48 7 6 47 9 31 13 49 15 12 16 48 17 42 22 37
6 12 1 49 7 50 8 22 10 40 11 21 13 10 15 47 19 18 20 32 21 42 22 14 24 32 9 2 31 6 12 8 16 9 39 12 27 17 38 18 11 21 33 23 20 4 7 19 14 15 23 42 26 44 15 1 35 2 35 3 49 4 43 5 11 6 31 7 21 10 39 13 41 16 18 17 42 18 11 21 31 24 20 26 10 12 6 11 8 36 9 35 10 48 12 19 15 44 17 45 20 49 23 32 24 29 25 24 26 11 8 1 26 7 37 10 46 11 45 12 36 13 43 15 18 25 22
7 4 1 15 17 29 21 21 26 16 15 1 45 2 48 3 29 4 19 5 20 8 33 10 28 13 28 14 18 16 21 17 32 19 10 20 13 22 45 24 34 7 5 38 6 14 8 19 11 10 18 35 24 28 26 20 8 6 45 8 19 12 17 13 21 14 50 15 25 17 12 26 23 11 1 10 4 10 5 25 8 19 9 29 10 50 12 28 13 36 14 44 19 46 20 13 6 4 43 12 29 14 27 18 48 21 26 24 15 14 1 33 2 36 4 18 5 15 6 44 7 25 8 40 9 46 13 26 18 38 19 12 23 47 24 11 25 12
6 7 2 10 5 34 6 33 7 42 13 17 18 48 22 39 15 2 11 3 49 5 37 6 35 7 48 10 32 11 20 14 17 16 50 17 44 19 14 21 11 22 27 25 42 26 40 5 17 24 18 39 19 39 20 24 23 45 8 7 45 9 34 11 22 12 49 16 33 19 36 21 24 24 32 4 2 36 4 33 13 19 16 45 14 1 30 2 15 4 26 5 10 8 39 9 26 10 46 11 42 12 43 18 50 20 37 21 13 24 43 25 14
6 4 4 48 9 50 12 19 18 27 12 1 24 2 43 3 21 4 24 6 25 7 32 14 10 15 40 16 29 17 11 19 42 20 39 7 5 15 7 13 8 37 10 38 19 26 21 39 26 44 9 2 12 5 26 6 19 8 23 13 36 17 21 19 31 21 14 26 20 9 8 30 10 12 13 14 16 39 17 42 18 17 19 15 22 10 23 21 14 3 20 4 29 8 37 9 13 10 44 11 16 13 27 14 26 15 47 16 34 17 44 18 15 19 47 24 47
6 13 1 33 3 29 4 33 5 20 10 19 11 16 13 14 16 15 17 20 19 27 21 31 22 26 24 24 11 3 17 4 19 5 14 11 19 14 25 15 18 16 30 19 35 20 19 24 12 25 48 11 1 34 2 25 5 10 10 50 14 36 15 50 16 42 18 18 19 41 21 20 22 39 6 3 24 4 18 5 22 7 41 10 41 25 25 5 3 14 11 45 16 40 18 18 20 29 15 2 42 3 45 7 41 8 10 9 11 10 24 11 34 13 15 16 49 17 17 19 50 20 23 21 33 23 25 24 12
63 55 97 95 62 54 43 57 49 130 151 37 93 158 59 135 126 108 106 119 92 90 57 117 52 98 112 78 134 63 80 57 90 109 90 76 82 139 124 75 48 114 88 129 126 75 136 78 113 99 85 98 99 50 65 41 55 119 99 50 100 41 82 41 68 94 38 115 113 101 78 117 58 119 119 47 126 106 98 85 73 111 78
3 1 3 2 3 1 2 1 3 1 2 3 3 2 1 1 2 2 3 2 1 3 1 2 2 2
# Instance ID: 84
# Size type: large
# Total operations: 464
# Actual flexibility: 0.351
# Generated: 2026-02-07 22:12:21
# Format: Extended Brandimarte format for MOFJSP