18 9
3 3 3 28 4 49 8 13 5 3 15 4 42 6 17 7 21 8 47 5 3 11 4 21 7 39 8 47 9 22
5 4 2 20 3 17 5 15 6 17 4 2 34 5 42 6 49 9 20 4 1 31 2 46 7 19 9 20 2 1 36 3 29 3 5 21 6 17 8 18
8 2 1 10 5 39 4 1 25 4 23 5 47 8 40 4 1 48 5 10 7 25 8 45 3 1 21 4 19 9 13 3 1 12 3 46 7 48 3 1 16 2 36 6 21 2 3 39 5 47 3 1 29 2 30 7 33
5 4 2 14 5 28 7 40 8 18 1 5 31 5 2 13 4 16 5 46 6 50 7 43 1 8 48 3 3 43 6 46 7 49
3 3 3 50 5 41 8 41 2 4 22 5 10 1 1 39
8 1 4 49 4 1 45 3 50 7 23 9 10 2 5 14 9 29 3 6 10 7 17 9 31 3 1 21 7 22 9 31 3 7 12 8 18 9 40 2 6 39 8 36 1 9 29
7 5 1 32 2 14 3 19 5 27 6 11 3 3 48 5 34 7 21 5 1 27 2 36 3 15 5 41 6 25 3 2 43 5 29 8 21 1 6 12 2 2 42 8 11 4 2 40 3 43 8 29 9 30
3 2 2 23 3 12 4 1 12 2 48 3 15 7 31 4 1 29 2 11 5 46 6 29
5 2 4 22 6 28 3 6 38 7 17 9 27 2 3 17 5 10 5 2 45 3 30 5 27 8 19 9 28 5 1 31 3 44 4 38 5 13 8 18
4 1 8 13 1 7 13 1 7 35 2 6 29 8 31
6 2 2 39 9 46 2 2 16 8 39 3 2 24 8 19 9 49 3 2 31 6 30 7 39 4 1 32 2 40 4 39 9 20 3 3 16 5 35 6 16
5 3 2 29 7 44 9 39 4 2 45 4 20 5 40 7 34 1 6 23 5 3 25 5 21 7 14 8 46 9 41 1 8 30
8 5 2 14 3 48 4 16 8 48 9 34 3 1 23 8 18 9 47 1 3 19 4 4 46 5 38 8 22 9 23 3 4 32 5 15 9 47 1 9 35 2 1 33 5 45 1 1 45
3 3 2 11 5 25 7 37 5 4 34 6 37 7 44 8 23 9 21 4 3 33 4 36 5 19 8 28
6 2 1 14 3 11 2 7 18 8 15 2 7 48 8 37 5 3 38 4 34 5 32 7 24 8 21 4 1 25 6 42 7 27 8 36 5 1 33 4 17 5 47 6 40 8 15
3 2 5 39 9 43 1 9 49 1 4 40
8 1 9 47 3 1 10 5 40 6 39 5 3 28 4 20 6 12 8 48 9 29 5 1 20 4 46 5 13 6 28 9 49 1 5 41 1 3 42 1 5 26 2 5 26 9 10
3 1 3 47 2 6 21 8 26 2 3 43 8 12
51 88 98 64 46 152 133 41 81 79 73 75 144 59 81 46 152 54
2 1 1 3 1 2 3 3 1
# Instance ID: 12
# Size type: small
# Total operations: 93
# Actual flexibility: 0.309
# Generated: 2026-02-07 22:12:21
# Format: Extended Brandimarte format for MOFJSP