34 13
3 6 4 21 6 12 7 22 8 14 11 35 12 17 6 1 31 2 25 4 29 8 12 10 23 12 45 6 2 16 4 42 6 11 9 16 11 35 12 35
3 3 1 25 3 37 9 18 5 1 43 2 49 4 33 9 22 10 14 1 6 27
7 7 2 41 3 25 4 26 8 15 9 30 10 47 11 15 1 11 34 7 1 34 3 32 4 13 6 28 7 35 9 12 13 19 4 3 41 5 45 11 50 12 48 2 3 16 6 50 7 2 12 3 36 4 18 7 14 9 13 11 43 12 28 1 2 30
8 7 1 49 2 43 7 14 8 12 10 46 12 49 13 40 6 3 33 6 13 7 44 9 23 10 36 11 45 1 13 35 5 2 12 3 38 5 24 11 40 13 22 1 9 39 1 5 22 5 1 11 3 13 4 31 10 35 13 21 4 1 50 8 21 12 28 13 41
7 3 6 38 9 49 11 43 6 2 20 3 39 4 24 9 44 10 17 13 31 2 3 23 10 21 2 8 21 10 30 3 1 47 2 25 5 45 6 2 42 4 44 5 35 6 29 8 33 13 48 3 1 13 8 40 9 50
8 7 3 48 4 43 5 25 7 40 9 32 10 33 13 50 6 1 44 4 41 5 33 6 12 11 10 13 41 6 1 17 4 38 8 19 10 16 11 50 12 14 7 1 23 2 25 4 17 5 33 6 36 9 47 10 36 3 1 15 2 29 13 35 1 2 49 6 1 20 3 21 4 34 6 13 7 46 13 23 1 7 27
8 2 7 35 13 24 2 2 16 7 28 1 9 19 2 1 14 2 40 1 12 38 1 10 47 3 5 12 6 31 8 17 5 1 45 6 14 10 48 11 10 13 10
6 7 2 36 4 24 6 33 7 48 8 33 12 15 13 40 7 2 11 3 19 4 21 5 43 6 34 7 40 8 16 1 7 36 3 1 20 7 28 12 47 2 4 38 6 38 4 2 47 5 12 11 33 13 40
8 1 8 31 2 3 41 13 49 5 3 35 6 17 8 30 11 43 12 39 5 2 35 9 45 10 25 12 16 13 40 1 6 17 1 2 26 2 5 17 12 20 3 5 33 9 29 12 36
5 4 2 38 4 14 11 40 13 26 1 10 10 6 5 13 6 44 7 32 10 40 11 10 13 22 3 1 15 2 41 11 35 1 8 11
8 4 1 17 2 16 4 18 11 38 2 4 15 9 43 6 1 30 2 40 3 47 4 34 8 32 11 37 3 1 46 2 14 13 30 3 1 38 3 45 7 19 7 2 21 3 29 4 14 5 17 7 26 12 40 13 30 3 7 19 11 27 12 43 2 3 13 4 37
8 3 2 15 3 37 12 42 3 1 43 4 48 7 32 1 11 31 5 3 30 4 19 5 14 7 41 10 28 4 4 16 5 37 6 27 11 47 7 1 16 5 23 6 40 7 16 10 24 12 28 13 37 6 1 44 2 48 4 12 8 50 11 40 13 44 4 6 34 8 13 10 17 11 45
8 7 1 30 2 50 4 27 5 50 6 28 9 41 13 29 7 4 48 5 40 6 25 8 37 11 48 12 40 13 12 1 11 37 5 3 14 4 40 6 30 12 13 13 26 1 13 46 2 1 15 8 17 5 6 27 7 11 8 49 9 32 10 20 5 1 48 6 32 11 40 12 46 13 19
3 5 2 34 3 35 5 42 8 13 9 35 2 10 48 12 50 2 2 37 5 50
5 1 2 48 3 1 34 5 21 11 41 5 1 13 9 35 10 42 11 22 12 15 7 2 18 3 45 5 19 6 20 8 23 11 25 13 15 2 6 41 7 41
5 2 1 23 6 43 7 2 17 3 26 6 15 7 22 8 27 12 21 13 41 6 3 41 4 24 6 41 8 26 11 21 12 16 6 1 12 3 38 5 48 11 25 12 40 13 26 1 6 42
7 4 2 19 5 31 10 13 12 31 5 1 46 3 33 4 32 6 45 11 41 4 4 35 10 28 12 21 13 41 2 8 32 10 39 2 4 50 9 16 4 2 19 3 15 10 25 11 30 1 2 50
6 1 4 23 1 2 11 4 1 21 4 26 6 35 13 46 3 2 20 5 23 9 18 7 1 40 3 25 4 43 5 30 11 40 12 13 13 46 3 2 25 4 40 10 10
8 5 4 40 6 49 8 20 9 17 12 24 1 7 45 2 3 13 7 43 1 10 48 2 2 33 8 16 5 2 27 4 48 5 44 8 45 9 25 5 1 24 4 44 5 17 8 16 11 24 7 1 29 2 33 4 30 5 29 7 11 8 38 10 41
4 1 1 30 2 6 42 13 43 2 4 45 5 16 6 1 43 2 30 3 13 4 18 9 44 12 27
6 4 3 31 8 42 9 41 10 32 2 2 33 8 37 7 1 11 2 34 4 36 5 36 6 41 9 13 10 35 2 4 15 13 16 5 2 47 7 31 10 31 12 24 13 11 5 2 26 4 13 8 24 11 41 13 41
6 5 1 46 2 50 4 23 8 11 12 36 1 13 44 5 1 43 3 18 5 12 6 40 12 19 7 2 29 3 37 5 45 7 27 8 40 10 25 13 19 3 1 37 6 31 13 18 5 1 34 4 38 6 49 10 50 11 17
5 2 1 20 8 12 5 1 24 6 30 8 30 9 10 10 44 1 10 48 7 4 30 5 38 6 44 7 15 9 38 10 26 13 28 2 1 26 6 13
6 6 2 27 6 10 7 46 8 21 11 13 13 17 6 1 11 4 14 6 24 7 26 8 50 11 15 3 1 44 6 13 11 34 6 1 37 2 32 5 29 8 43 9 26 10 10 1 1 12 3 1 36 5 26 13 32
8 3 7 43 8 23 10 28 6 3 11 6 28 7 45 8 47 9 48 11 19 7 3 13 4 15 5 22 6 43 7 12 8 40 12 48 3 2 42 12 17 13 20 6 1 45 2 17 3 33 6 46 7 31 11 48 1 5 25 1 6 11 4 2 50 5 37 8 27 13 40
8 7 2 12 4 24 6 20 7 25 8 17 11 47 12 39 4 1 29 3 34 6 16 8 36 5 5 28 7 33 10 42 12 48 13 21 3 2 44 5 24 11 21 5 2 50 4 18 8 27 12 27 13 41 6 3 46 6 15 8 27 10 29 12 43 13 46 3 1 29 10 34 13 31 7 3 28 4 45 5 42 6 41 7 45 9 11 13 40
3 7 4 46 5 40 7 23 8 38 9 43 11 12 12 30 2 3 32 5 17 5 2 18 7 44 8 46 9 38 13 29
8 4 7 35 8 13 11 49 13 15 5 2 34 3 26 4 18 6 31 10 46 6 2 47 4 41 7 10 8 43 10 32 11 36 7 1 37 2 23 6 47 7 36 8 41 10 12 12 29 7 1 32 2 38 5 39 8 13 11 18 12 33 13 11 6 2 12 5 50 6 49 9 49 10 44 12 30 4 3 34 6 50 12 23 13 41 3 5 27 9 32 12 31
8 6 6 23 7 25 8 31 9 27 11 21 12 10 6 1 38 4 20 6 40 10 40 12 18 13 43 6 3 42 6 45 7 41 8 13 12 45 13 47 3 3 37 11 35 12 11 2 7 49 13 44 1 13 50 2 8 37 13 29 3 3 48 9 28 11 22
5 6 1 37 2 32 6 24 7 40 8 41 12 39 6 2 36 3 28 5 46 8 14 9 47 12 17 4 4 31 7 11 10 40 11 21 3 3 12 6 16 10 34 5 2 43 6 13 7 40 8 49 10 42
8 2 1 40 4 12 1 9 14 2 4 29 12 47 1 3 23 7 3 27 4 49 5 28 7 16 8 45 9 10 10 15 6 2 21 6 46 7 29 9 36 10 26 11 12 2 2 44 13 19 5 2 32 5 47 7 32 8 16 10 15
3 6 1 48 3 34 4 37 6 37 11 47 12 26 2 4 28 10 22 5 4 20 5 43 6 42 8 29 11 34
4 2 8 40 12 25 3 9 30 11 13 13 25 1 12 21 7 2 14 3 35 4 20 7 32 8 12 12 31 13 32
5 2 3 38 7 49 5 3 25 5 39 9 19 11 35 12 45 6 4 48 5 15 8 20 10 43 12 37 13 38 2 8 40 9 26 4 7 15 9 13 10 28 13 11
46 57 108 114 133 117 128 96 103 85 114 120 158 51 78 71 122 118 114 67 81 75 76 88 152 106 56 142 152 76 112 55 78 60
2 3 3 1 2 2 3 1 3 1 3 2 1
# Instance ID: 54
# Size type: medium
# Total operations: 208
# Actual flexibility: 0.293
# Generated: 2026-02-07 22:12:21
# Format: Extended Brandimarte format for MOFJSP