11 6
3 2 2 13 3 31 3 1 16 2 50 4 38 3 1 12 5 34 6 30
4 3 1 38 2 13 6 29 3 1 16 4 13 6 45 1 3 34 2 1 36 5 24
3 3 1 39 5 34 6 39 2 5 16 6 31 3 1 43 4 31 6 47
8 1 1 16 1 5 14 3 2 50 5 42 6 26 2 4 49 6 38 1 2 18 1 1 18 2 4 42 5 32 2 5 19 6 19
6 2 3 31 5 28 2 1 47 5 19 1 2 42 3 1 22 3 22 4 50 1 1 31 1 6 40
7 3 3 47 4 46 6 31 3 3 20 4 16 6 39 1 4 24 1 6 24 3 2 25 4 40 6 31 3 2 21 4 10 6 33 1 1 32
7 1 5 17 1 3 38 1 6 47 2 1 22 6 22 2 2 26 6 21 2 2 21 5 22 1 2 26
5 1 1 18 2 1 31 6 23 2 2 33 4 33 3 2 14 4 17 5 19 1 2 22
3 3 3 48 4 37 5 50 1 1 49 3 2 19 3 30 5 25
3 1 6 27 1 5 47 2 1 40 2 49
5 1 2 42 2 5 33 6 41 3 2 33 3 43 4 40 3 3 47 4 35 6 50 3 1 24 2 22 6 38
40 58 37 136 73 108 85 91 58 56 69
3 2 1 3 2 3
# Instance ID: 18
# Size type: small
# Total operations: 54
# Actual flexibility: 0.324
# Generated: 2026-02-07 22:12:21
# Format: Extended Brandimarte format for MOFJSP