18 6
7 2 3 34 5 31 2 3 48 4 18 2 3 22 5 40 2 2 30 4 28 3 2 30 4 34 6 27 2 1 46 3 22 3 1 39 2 23 5 38
7 2 1 36 6 41 1 6 29 1 3 19 3 1 38 4 48 6 40 3 4 44 5 12 6 33 3 1 16 5 25 6 32 1 6 49
4 1 5 35 2 1 10 4 16 2 2 43 5 45 3 2 38 5 33 6 35
7 2 5 42 6 19 2 1 16 4 28 2 1 19 6 32 2 3 23 4 43 2 3 16 4 38 3 3 14 4 29 6 12 3 1 16 3 20 6 25
4 3 2 31 5 45 6 37 2 2 50 4 21 1 6 37 2 1 22 5 38
3 3 1 23 4 23 6 27 3 1 44 5 21 6 33 2 2 17 4 26
6 3 3 48 4 34 5 49 2 1 32 5 32 2 2 29 5 49 3 1 17 2 25 3 29 1 2 33 3 2 36 4 48 5 18
6 3 2 41 4 50 6 44 3 2 41 5 28 6 18 1 3 38 3 1 41 3 18 6 22 2 5 41 6 36 3 4 41 5 20 6 15
6 3 1 12 2 27 3 24 3 2 46 3 41 4 45 3 1 27 5 44 6 33 3 1 37 2 16 4 25 2 1 26 4 32 1 4 17
7 1 2 47 3 3 20 4 49 5 18 1 2 13 3 3 48 5 44 6 20 2 3 28 6 46 2 1 18 5 36 1 3 18
3 3 2 30 5 25 6 35 2 2 50 5 27 3 4 14 5 50 6 15
7 2 3 33 5 39 2 3 10 5 15 3 1 44 3 35 4 23 2 2 27 4 30 2 3 46 5 18 3 1 12 3 16 4 50 2 1 20 6 38
7 2 1 22 4 18 3 2 15 3 33 6 26 1 3 20 1 4 50 2 2 37 6 15 3 1 40 2 14 6 18 3 2 10 4 10 5 31
3 1 4 18 2 1 34 2 15 3 1 33 3 29 6 18
3 2 2 14 6 43 3 1 38 2 32 5 23 3 2 49 4 38 6 23
3 1 1 18 1 5 34 2 3 18 4 25
3 2 1 25 6 45 3 3 11 5 29 6 23 3 2 35 5 28 6 13
6 1 4 34 1 2 41 3 1 33 5 30 6 18 2 4 33 5 44 3 1 11 2 47 4 14 1 3 23
116 93 60 91 57 47 75 92 92 111 37 98 97 51 50 40 38 86
1 1 3 2 2 2
# Instance ID: 5
# Size type: small
# Total operations: 92
# Actual flexibility: 0.368
# Generated: 2026-02-07 22:12:21
# Format: Extended Brandimarte format for MOFJSP