12 5
6 3 1 34 2 36 3 30 3 1 26 3 22 5 49 2 2 47 3 44 3 2 22 3 28 5 38 1 1 21 1 5 17
8 2 1 27 4 45 2 2 47 5 26 1 3 39 3 1 30 2 48 4 13 3 2 46 3 45 5 32 1 3 43 1 2 43 1 5 20
7 2 4 15 5 32 1 2 31 2 3 23 5 49 3 1 32 4 38 5 25 3 1 30 2 34 5 17 2 3 11 5 43 2 4 41 5 12
7 2 2 42 3 15 1 2 44 3 1 50 4 23 5 37 1 2 44 3 1 19 3 11 4 39 3 1 14 3 13 4 21 2 1 46 5 24
5 2 4 38 5 50 2 3 11 4 34 3 1 49 3 14 5 47 1 1 32 3 1 29 3 48 4 15
7 2 4 35 5 11 2 2 18 5 35 3 2 33 3 10 4 45 3 1 10 2 46 4 48 2 1 29 5 23 3 2 42 3 19 4 20 1 2 49
6 2 1 21 2 46 1 5 39 3 1 14 2 26 5 16 1 5 41 2 2 25 3 16 2 1 22 5 30
7 2 3 49 4 29 3 2 46 3 33 5 30 2 1 30 2 25 1 4 27 2 2 40 3 39 2 3 41 5 45 1 2 48
5 1 3 18 3 2 50 3 14 4 14 1 5 50 1 5 47 2 2 12 5 45
5 2 4 19 5 33 2 2 18 3 39 3 1 33 2 42 5 10 3 2 18 3 38 5 20 1 5 46
8 3 2 12 4 24 5 41 1 1 26 2 1 23 2 43 2 4 39 5 12 1 3 16 3 3 26 4 47 5 44 3 2 34 3 33 4 47 3 1 24 2 43 3 35
6 2 3 40 4 48 1 5 18 2 2 14 5 42 3 1 21 2 20 3 33 3 1 31 2 17 4 40 3 1 47 4 20 5 36
105 114 126 85 92 89 113 125 94 89 131 83
1 1 2 1 2
# Instance ID: 9
# Size type: small
# Total operations: 77
# Actual flexibility: 0.413
# Generated: 2026-02-07 22:12:21
# Format: Extended Brandimarte format for MOFJSP