37 19
4 6 4 37 9 41 11 20 13 43 17 35 19 43 3 3 50 6 11 7 23 10 2 44 4 15 8 27 10 31 11 46 13 10 14 11 15 49 16 46 17 50 4 2 33 4 30 15 19 18 45
4 8 2 42 6 44 7 11 8 39 11 10 12 30 14 22 19 18 8 1 25 2 44 4 18 8 46 10 40 13 29 18 18 19 30 7 1 43 2 30 4 44 8 16 10 42 12 17 14 12 6 2 39 4 23 5 35 10 14 11 31 12 43
7 9 2 42 4 48 5 35 6 46 7 25 8 23 13 32 15 25 18 49 2 1 44 11 30 8 2 31 3 34 4 34 10 25 11 47 12 41 15 46 16 21 7 4 49 5 12 7 18 12 42 13 25 17 40 18 41 4 1 34 6 36 14 10 15 31 5 3 26 6 26 7 14 10 36 17 14 2 4 30 15 50
7 5 10 26 11 12 14 33 16 17 18 12 5 1 23 5 10 8 26 18 19 19 41 8 4 27 5 39 7 17 11 43 14 47 15 24 17 47 18 30 5 1 35 2 26 8 48 14 50 18 10 11 2 25 5 31 6 44 8 39 9 18 10 41 11 17 16 39 17 27 18 22 19 11 8 4 12 5 22 7 29 12 23 13 47 17 42 18 43 19 14 10 4 23 6 35 7 28 9 40 11 38 12 10 15 26 16 16 17 24 19 10
7 11 1 18 3 35 4 18 7 32 9 26 11 20 12 12 14 26 15 14 16 20 19 24 3 2 39 12 18 15 10 6 1 41 2 47 3 27 9 16 12 46 15 23 4 3 13 8 49 9 40 12 49 6 4 11 5 47 8 45 9 40 16 19 18 34 6 3 15 6 41 7 29 14 19 16 21 19 28 2 7 21 9 36
8 3 2 12 4 22 18 29 8 1 19 4 44 8 35 13 38 14 20 17 13 18 19 19 12 2 8 35 11 36 4 3 44 7 47 12 11 14 10 7 1 25 2 18 8 31 11 46 15 10 16 11 18 39 5 2 38 3 20 7 20 11 15 15 16 5 2 14 13 34 15 41 16 19 18 21 3 1 27 9 36 11 17
5 9 1 25 3 36 4 13 5 19 6 24 8 29 12 28 14 18 16 21 7 1 23 3 47 5 27 6 15 13 19 15 11 18 47 6 6 11 7 23 10 21 15 36 16 50 19 32 7 2 39 4 48 5 29 7 45 8 11 11 18 16 27 7 1 16 3 16 4 46 7 17 12 30 18 44 19 47
7 3 6 28 13 48 14 44 8 3 13 4 10 7 42 8 43 9 27 14 29 16 39 17 26 2 8 38 17 45 3 2 41 4 28 19 49 11 1 48 3 50 4 18 5 22 7 30 9 24 10 27 13 44 14 27 15 42 16 37 6 2 46 4 43 6 36 15 30 17 27 18 37 4 1 20 3 22 5 41 6 19
3 2 11 10 12 23 5 1 43 2 34 9 25 17 28 19 35 9 1 17 2 26 4 17 8 35 9 10 10 11 13 47 15 15 17 34
8 11 4 49 5 12 8 34 9 10 10 44 11 31 12 29 14 44 16 15 18 45 19 37 9 1 27 2 24 8 25 9 37 10 17 13 16 15 25 18 38 19 15 3 3 15 11 48 17 45 7 5 29 9 19 10 11 11 22 13 50 15 26 17 10 3 7 25 11 27 12 36 8 1 28 5 47 10 27 11 35 13 37 14 38 15 19 18 13 3 2 27 5 11 18 18 10 3 10 4 19 5 35 8 19 9 12 10 43 11 32 16 42 17 14 18 41
6 6 5 50 6 22 8 36 11 29 13 20 15 24 7 1 16 2 45 3 18 10 45 15 31 16 16 18 45 3 3 50 6 30 14 32 11 1 13 3 26 4 37 8 36 10 11 13 13 14 15 15 18 16 45 18 25 19 43 4 1 21 3 22 15 18 18 46 8 1 33 3 10 5 41 9 37 11 37 12 30 16 24 19 26
3 6 2 38 3 36 6 24 10 50 13 29 15 34 2 3 31 4 25 2 12 50 16 23
3 6 5 36 6 15 8 41 9 36 16 44 17 20 4 4 21 5 35 11 38 15 10 10 3 27 7 14 11 49 12 38 13 36 14 44 15 38 16 42 17 27 19 49
7 6 1 50 3 23 6 33 10 10 15 12 16 36 3 10 46 17 40 19 29 4 5 23 8 29 9 13 11 29 8 2 37 3 26 4 48 5 32 6 20 11 32 13 26 18 46 4 1 15 9 17 10 16 13 49 9 1 24 3 29 4 24 5 31 7 47 8 28 11 42 18 42 19 21 3 9 47 17 36 19 44
6 2 13 26 19 11 7 2 29 3 22 4 27 6 15 16 21 17 25 19 11 3 2 49 10 43 13 37 2 8 19 16 16 10 1 38 2 45 3 47 4 49 7 48 10 13 12 15 13 15 17 27 18 12 2 7 40 10 17
6 5 4 45 13 36 15 12 16 16 19 50 8 2 50 5 39 9 43 10 31 11 33 12 10 17 50 19 17 3 7 24 11 31 15 43 4 1 45 4 43 6 38 16 43 2 5 39 16 48 2 8 17 15 36
8 3 1 17 14 49 17 40 4 5 40 7 41 9 17 13 44 5 2 36 8 45 11 16 16 10 17 21 6 1 42 8 12 12 10 14 20 17 26 18 28 5 3 17 5 35 6 47 7 12 13 34 11 1 32 5 14 7 37 8 49 11 17 12 25 13 46 14 33 15 19 17 15 18 30 2 4 29 14 19 8 1 43 3 26 4 20 6 28 15 23 16 17 17 49 18 44
6 5 5 14 9 24 10 11 17 10 19 29 3 1 30 3 24 14 12 4 3 40 4 33 12 45 13 34 6 4 45 5 15 8 15 11 10 13 30 18 11 3 9 26 14 19 16 41 10 2 18 4 44 6 14 8 38 9 41 11 31 12 16 14 18 17 24 19 47
5 7 4 19 5 34 6 50 15 12 16 48 17 39 19 20 5 1 28 5 37 10 33 13 27 19 37 9 1 23 2 13 5 42 8 39 12 17 14 33 15 34 17 26 19 40 10 2 11 4 21 5 38 6 28 7 14 8 29 9 42 16 30 17 39 19 21 8 2 43 5 35 6 19 7 38 11 21 13 45 14 43 18 29
7 2 14 37 15 26 4 1 19 7 40 13 14 15 23 7 3 32 7 48 12 18 13 23 16 43 18 37 19 42 9 1 24 2 21 7 13 9 31 10 33 11 25 14 26 15 10 16 32 2 5 40 17 22 11 1 36 3 38 4 13 5 40 6 42 7 48 11 39 13 41 14 31 15 32 17 26 4 1 43 3 26 8 19 14 21
6 9 1 21 3 19 4 40 5 16 7 16 12 14 13 39 15 33 18 41 8 1 20 3 49 4 44 5 33 13 17 14 28 16 27 19 45 8 2 47 3 10 6 23 7 47 8 21 16 21 18 11 19 21 8 1 35 3 27 4 41 5 14 11 13 15 37 18 44 19 11 3 1 23 15 15 19 35 5 1 28 2 47 11 22 15 23 16 21
8 8 2 38 4 20 6 46 7 27 9 38 10 37 15 25 17 45 2 8 46 18 12 8 2 49 6 45 9 30 10 16 11 48 12 24 15 48 16 24 4 6 44 15 15 16 20 18 46 3 8 13 12 29 13 46 8 2 20 5 39 6 20 7 45 8 29 11 32 14 23 17 47 9 1 29 7 10 9 36 12 41 13 33 15 36 17 11 18 20 19 12 10 1 25 2 49 3 12 4 27 5 26 6 44 13 46 15 12 16 47 17 24
5 4 6 23 7 21 8 10 12 20 5 2 33 3 31 5 32 12 13 13 17 11 1 45 4 45 7 28 8 23 9 49 10 22 11 25 12 22 13 20 16 28 18 25 8 1 46 5 44 6 24 9 17 13 18 14 27 16 27 19 15 4 2 48 11 35 15 30 19 49
4 11 2 29 4 47 5 33 7 27 8 20 10 14 14 10 15 34 17 21 18 48 19 27 3 7 31 15 49 19 16 11 2 35 4 18 5 37 6 27 8 40 12 30 13 19 15 42 16 50 17 35 18 26 8 1 11 2 10 4 46 5 47 8 20 13 44 14 27 19 30
4 4 2 16 6 14 7 32 9 24 7 1 18 4 16 5 47 11 50 12 16 16 29 19 25 2 15 41 17 47 9 3 19 5 15 6 42 9 44 12 25 14 26 15 50 16 30 19 44
5 3 1 29 6 44 19 40 9 2 20 4 47 10 47 12 45 13 37 14 32 16 16 17 32 18 49 2 6 39 11 44 6 2 32 9 43 11 43 14 22 16 44 18 20 7 1 42 3 27 5 35 13 40 14 18 16 47 18 20
8 7 2 35 7 20 10 45 11 20 12 21 13 21 19 32 2 4 21 18 32 8 4 26 6 21 7 10 9 15 10 20 15 20 18 25 19 27 3 1 10 6 48 10 36 8 1 31 2 13 5 47 6 33 7 37 15 22 16 21 18 14 9 1 46 2 24 8 25 10 33 12 22 14 44 17 49 18 21 19 18 4 3 47 10 24 15 34 17 10 2 1 43 14 19
5 9 2 13 5 40 7 37 11 18 13 35 14 28 16 23 17 43 18 32 2 1 24 11 39 4 3 38 7 37 9 19 14 24 3 7 17 14 10 19 49 6 3 16 4 34 10 32 14 27 18 28 19 17
7 5 6 34 11 43 15 33 16 40 19 36 2 7 26 14 48 6 2 40 6 30 9 31 13 16 14 42 18 45 9 1 20 3 28 5 45 7 24 12 38 15 29 16 27 18 27 19 14 9 4 34 6 46 7 26 8 38 9 46 12 10 13 20 17 32 19 28 10 1 21 5 22 7 43 8 37 9 27 10 14 12 10 13 10 16 48 18 31 5 11 27 12 21 16 15 17 35 18 27
7 5 1 44 2 14 8 26 11 37 16 13 6 4 42 8 43 10 26 14 27 16 23 17 39 2 13 15 19 44 9 3 24 7 35 8 45 9 14 11 33 12 29 14 15 16 43 18 33 10 2 10 3 43 5 29 8 31 10 12 12 39 15 45 17 34 18 11 19 28 5 2 12 6 24 12 25 14 38 18 27 8 1 38 7 23 8 11 11 35 16 40 17 17 18 45 19 18
4 4 6 46 14 27 16 15 18 49 2 15 42 17 42 8 1 34 7 40 10 23 11 46 13 36 16 23 17 29 19 20 10 1 50 6 29 11 46 12 18 13 18 14 17 16 39 17 13 18 26 19 45
6 8 1 21 3 13 4 14 7 35 13 20 14 46 15 10 18 40 5 3 46 6 44 11 20 17 41 19 17 10 2 10 4 44 5 37 7 29 8 49 11 26 12 20 13 35 14 47 15 28 4 1 25 3 30 7 29 8 50 11 1 48 4 21 7 14 8 49 10 31 12 44 13 38 14 22 16 10 17 33 19 26 11 1 19 4 14 5 39 6 44 8 17 9 36 11 40 12 42 15 10 17 34 19 50
8 8 4 13 8 16 9 34 10 26 11 47 15 19 16 42 19 15 7 1 48 2 19 7 36 8 50 15 29 16 12 19 38 2 1 42 7 50 10 2 36 3 45 7 21 9 28 10 29 13 43 15 30 16 11 17 11 18 39 4 6 39 11 50 17 27 19 15 3 1 37 14 47 18 17 11 1 18 3 11 4 25 6 49 7 17 9 39 11 13 12 50 13 21 15 36 16 22 6 7 34 9 50 10 21 11 26 13 31 19 43
4 9 1 19 3 29 5 20 6 33 11 23 12 36 14 48 15 11 19 47 3 5 33 8 25 15 10 4 9 13 13 25 15 49 18 34 9 1 12 3 32 5 32 6 24 7 37 8 26 10 42 12 15 18 44
6 9 1 44 5 19 7 17 8 32 9 46 12 38 14 41 18 25 19 43 7 3 37 4 12 5 34 9 35 13 39 14 48 15 49 10 3 18 5 13 6 26 8 21 10 48 14 43 16 34 17 21 18 20 19 36 11 1 22 2 32 3 34 5 49 7 47 8 48 10 19 12 47 13 48 14 45 15 25 5 9 42 11 39 13 41 16 38 18 49 4 1 17 10 25 12 26 14 43
6 4 2 16 8 30 9 22 17 48 10 1 29 2 13 3 39 5 35 7 19 13 49 14 14 16 29 17 24 19 12 6 1 23 2 43 3 46 7 41 10 30 19 19 10 2 18 3 28 5 10 6 31 7 49 11 19 14 13 15 43 16 21 18 24 7 1 16 7 49 8 26 10 45 13 49 14 35 16 18 11 1 50 2 10 3 38 4 49 6 36 8 36 9 16 12 43 13 37 18 46 19 31
7 9 1 17 4 20 5 30 8 24 10 14 13 22 14 40 18 49 19 30 8 1 20 2 14 4 41 8 32 11 13 15 24 16 36 19 15 11 2 43 4 40 5 22 6 23 10 39 11 12 12 22 13 29 14 21 15 28 18 29 6 1 11 7 38 8 44 9 36 10 18 15 24 7 1 48 2 14 3 40 6 50 13 12 14 45 16 32 3 6 44 8 47 16 32 3 9 22 12 26 13 12
57 72 134 121 124 133 77 115 57 148 114 43 53 103 96 117 143 112 62 92 93 133 89 67 76 93 149 92 100 114 68 115 124 50 72 87 116
2 1 3 2 2 2 1 3 1 3 2 1 3 2 2 2 1 2 2
# Instance ID: 42
# Size type: medium
# Total operations: 217
# Actual flexibility: 0.321
# Generated: 2026-02-07 22:12:21
# Format: Extended Brandimarte format for MOFJSP