17 6
6 1 3 15 1 3 38 3 1 24 2 38 4 32 1 4 13 2 3 25 5 34 1 3 24
6 1 3 16 3 2 18 3 12 6 28 2 2 40 6 38 3 1 26 5 23 6 19 3 4 17 5 28 6 25 2 1 25 6 36
7 3 1 17 4 41 5 48 3 1 19 2 28 5 37 1 5 32 1 5 36 1 6 15 3 1 34 3 40 5 12 3 3 11 4 32 5 14
5 2 1 47 2 31 1 1 32 3 2 40 3 50 4 21 1 1 39 1 3 22
8 1 2 12 2 3 35 5 44 2 1 22 3 28 2 1 27 3 17 2 4 38 6 34 2 2 41 4 33 3 1 15 3 37 4 48 1 5 28
3 2 1 30 6 28 2 4 37 5 20 3 3 12 4 32 6 49
6 2 1 14 3 50 2 3 20 5 11 1 5 38 1 2 14 1 6 33 2 4 12 5 48
4 1 6 38 2 3 14 4 46 1 5 33 2 3 25 6 17
6 1 6 21 2 4 45 5 17 2 3 23 4 49 2 4 22 6 17 1 1 38 1 6 38
4 1 6 30 3 1 29 3 20 6 50 1 3 42 1 1 22
8 1 2 41 1 3 45 3 2 49 3 15 4 14 2 4 43 6 36 2 1 18 5 30 3 1 43 4 32 5 18 3 2 18 5 37 6 42 1 1 43
8 1 3 20 1 3 24 2 3 15 5 26 1 6 45 2 2 49 3 44 1 5 20 3 2 49 5 48 6 31 3 1 12 5 46 6 26
8 3 2 49 4 50 5 11 2 5 28 6 29 2 2 29 4 39 1 6 13 1 4 36 2 2 31 4 48 1 3 30 3 2 33 3 42 4 45
4 1 3 25 2 1 38 3 25 1 1 13 2 4 36 5 25
6 1 3 46 3 2 41 3 42 5 39 2 3 11 4 15 2 4 25 5 23 3 1 28 3 41 5 48 3 3 44 4 10 6 16
8 2 2 33 3 35 2 1 13 4 46 3 2 14 3 34 5 42 2 3 49 5 49 1 2 16 2 3 45 6 33 1 2 48 3 1 12 4 12 5 18
7 3 3 19 4 48 5 42 1 3 49 2 2 49 4 29 3 3 46 4 29 5 40 1 3 31 3 1 50 3 11 4 48 2 3 46 5 24
89 117 139 78 114 45 97 78 111 73 104 112 137 75 98 102 131
3 2 1 2 2 3
# Instance ID: 3
# Size type: small
# Total operations: 104
# Actual flexibility: 0.311
# Generated: 2026-02-07 22:12:21
# Format: Extended Brandimarte format for MOFJSP