77 30
4 10 4 16 8 33 9 47 12 32 13 38 15 37 17 38 18 20 25 16 27 12 5 1 37 4 33 5 10 14 48 19 44 17 2 17 4 32 5 10 9 34 11 42 13 48 16 28 17 36 20 28 21 47 22 15 23 41 25 41 26 23 27 17 28 37 29 25 4 5 29 14 25 15 19 30 49
6 6 1 27 3 32 5 50 23 23 24 37 30 26 9 3 35 5 29 7 26 10 27 11 45 21 48 24 17 25 18 28 28 11 1 26 2 48 5 39 8 34 10 10 12 15 13 16 18 10 19 29 22 37 26 26 17 1 21 3 48 4 17 5 35 6 30 9 19 11 13 15 11 16 48 17 12 19 26 20 48 21 13 24 39 26 50 29 37 30 37 11 1 34 2 35 5 27 9 50 12 11 13 12 14 20 16 16 17 45 29 35 30 28 6 7 34 10 19 12 32 14 26 23 18 26 20
4 10 1 35 2 39 3 21 8 43 9 28 10 47 12 29 14 31 24 23 26 33 14 2 42 4 45 5 38 8 32 11 12 13 43 14 37 20 32 21 12 22 36 23 21 24 47 29 42 30 30 14 1 35 4 48 5 41 7 26 12 25 16 36 19 28 20 46 21 34 23 39 24 41 25 23 27 15 28 31 13 2 30 3 15 4 33 5 17 7 46 10 27 14 41 18 29 22 18 24 43 27 43 28 17 29 12
4 15 2 36 3 13 6 19 8 23 14 26 16 25 17 15 19 32 20 39 21 31 23 49 26 27 28 32 29 14 30 15 18 1 40 2 37 3 23 4 18 5 31 7 37 8 24 9 24 13 38 16 19 19 31 21 49 23 21 25 35 26 37 27 39 28 32 30 10 7 1 10 2 41 3 36 8 38 11 19 29 13 30 12 4 5 41 7 21 15 25 28 27
6 6 1 31 7 50 20 15 23 18 24 28 28 39 16 3 10 6 45 8 23 9 39 11 25 12 50 13 50 16 38 18 37 19 49 21 45 22 46 23 32 24 37 27 11 30 46 18 1 25 2 36 4 31 5 26 6 26 9 23 10 31 11 46 13 20 16 49 20 34 21 32 22 25 24 49 25 38 26 36 27 28 30 19 6 4 41 8 26 9 22 22 46 28 39 30 17 5 3 29 4 22 14 23 22 48 25 25 14 3 22 7 28 9 19 10 36 11 22 17 12 18 15 19 33 21 38 22 39 23 47 25 27 26 11 27 46
8 15 1 34 3 42 7 25 8 44 11 29 14 16 15 18 16 22 19 35 20 17 21 15 23 17 24 23 28 37 30 49 14 1 31 2 36 3 29 4 48 5 44 7 40 12 37 13 40 16 29 18 42 19 42 20 32 24 27 29 26 6 2 33 3 43 7 47 15 32 27 24 29 34 10 2 33 5 13 8 22 10 13 12 31 13 17 15 13 16 13 24 12 25 14 4 6 30 24 23 27 21 30 32 12 4 25 7 15 8 13 14 50 16 39 20 17 22 28 24 35 25 42 27 22 29 42 30 45 5 1 28 5 28 12 45 19 23 28 13 10 3 24 6 12 8 37 15 33 20 14 22 40 23 39 24 46 27 21 30 28
4 18 2 46 3 14 4 26 5 30 8 21 10 30 13 18 14 13 16 25 17 16 18 46 22 24 23 26 24 14 25 25 26 32 27 43 28 17 12 2 17 4 50 9 39 13 48 15 50 16 28 17 26 21 13 24 31 25 46 27 50 28 14 8 16 23 17 33 20 30 21 33 24 20 25 18 26 24 28 21 18 2 10 5 13 6 43 7 31 8 12 9 49 10 11 12 22 14 10 15 16 18 45 21 35 23 18 25 10 26 20 28 43 29 28 30 14
5 12 3 18 4 36 5 49 9 48 12 20 15 40 17 35 18 39 21 20 25 35 27 27 30 46 18 2 29 5 17 7 15 8 42 10 46 11 30 13 37 16 33 17 49 18 25 19 11 20 10 22 33 24 21 25 23 27 25 28 43 29 28 14 3 35 4 41 7 37 8 28 9 32 13 12 17 38 18 44 20 37 21 27 22 13 23 48 29 39 30 41 11 4 20 5 27 6 26 9 47 10 17 15 15 16 49 22 45 26 20 28 34 30 20 16 1 33 4 28 7 13 8 46 10 18 11 41 12 13 13 31 14 17 15 26 16 16 17 38 20 14 21 37 26 16 30 25
5 6 2 48 10 13 13 40 20 13 22 50 30 11 6 6 48 9 42 11 47 22 28 29 38 30 45 14 1 24 4 20 5 25 7 23 11 15 12 47 13 15 17 35 18 28 22 27 23 37 25 40 27 41 28 35 13 2 12 4 20 5 43 6 30 9 25 10 23 11 23 13 44 17 11 20 22 21 48 27 20 29 26 14 5 45 6 23 10 17 11 34 13 36 14 50 16 20 17 21 19 26 20 32 21 43 24 36 25 10 30 27
4 12 1 28 9 24 11 31 15 17 16 15 17 12 18 48 21 50 22 48 24 21 25 47 30 30 13 1 45 2 36 5 37 12 10 13 13 16 32 17 27 19 10 20 40 22 33 24 38 25 37 27 21 11 4 18 6 21 14 20 18 11 19 41 21 28 24 19 26 47 28 18 29 30 30 41 11 6 12 14 38 15 28 16 12 18 37 19 43 21 14 22 41 24 26 26 11 30 34
8 7 5 30 10 21 11 29 18 16 21 27 24 16 29 14 11 2 44 3 30 4 34 8 21 11 10 14 15 15 44 19 36 21 16 22 16 29 29 14 4 37 5 22 11 30 12 13 13 21 14 24 16 19 22 23 23 14 24 26 25 20 26 19 27 22 29 32 8 2 35 3 12 9 47 18 16 20 29 21 26 22 39 25 43 9 1 14 7 14 9 24 11 24 15 18 17 45 20 24 22 27 25 45 8 1 29 3 43 4 21 7 11 14 17 18 44 19 33 25 36 9 5 33 6 41 7 10 9 22 10 50 12 29 14 34 25 19 27 44 15 3 17 4 27 5 19 7 41 8 40 9 22 10 28 13 47 18 16 22 10 23 31 25 25 26 29 29 21 30 15
7 7 5 39 6 47 14 22 15 28 19 36 23 45 28 15 8 1 19 2 21 4 49 8 44 11 24 20 47 22 35 29 11 10 3 21 4 50 6 27 8 27 11 48 17 18 18 27 24 29 28 21 29 28 14 3 14 6 21 8 17 9 25 11 36 13 19 14 50 16 14 17 15 19 41 23 44 24 36 28 28 30 50 7 5 50 9 39 10 46 15 30 16 50 18 19 24 19 12 1 23 4 38 5 37 7 44 8 44 13 33 15 45 19 18 23 19 28 20 29 32 30 24 8 1 14 5 15 7 25 10 50 13 18 14 25 26 30 27 11
6 6 3 43 4 32 5 49 7 48 10 13 12 21 18 1 13 2 18 6 42 7 19 8 43 9 40 10 15 12 11 14 30 15 24 16 10 18 23 21 15 22 34 23 31 25 25 26 49 30 22 14 3 22 6 21 7 11 8 42 12 43 14 43 17 27 19 33 22 41 23 49 25 28 27 41 28 13 29 34 11 1 41 6 31 8 18 12 10 13 47 15 13 18 36 23 26 26 14 28 25 30 34 11 2 49 3 27 7 12 10 49 11 34 12 39 16 47 19 27 21 48 26 33 30 47 18 1 22 3 11 4 47 5 19 6 30 7 37 8 37 9 50 10 34 12 25 13 16 14 41 17 27 21 26 24 25 28 45 29 37 30 12
5 11 2 16 4 42 7 49 8 46 12 34 14 15 19 43 23 29 26 44 28 22 29 23 6 2 22 7 12 16 13 18 37 19 35 30 32 17 1 46 5 17 6 17 7 16 8 35 10 10 12 49 13 16 16 28 18 32 19 23 21 10 22 49 24 47 26 35 27 32 28 26 7 2 31 4 50 8 41 11 41 15 34 23 48 24 45 9 1 22 2 32 15 49 21 11 23 11 24 40 28 29 29 13 30 17
7 14 2 25 5 34 6 36 8 15 10 41 11 14 13 42 14 38 15 42 17 46 19 26 27 34 28 32 30 20 13 1 15 2 38 5 30 7 35 10 46 13 43 14 39 15 43 18 36 19 22 23 35 26 38 29 12 11 4 22 5 40 7 36 9 13 10 40 11 40 21 31 22 30 26 37 27 19 29 21 17 1 28 6 29 7 48 11 14 12 24 15 20 16 13 17 18 18 24 20 41 21 30 22 50 23 33 27 43 28 38 29 35 30 39 10 1 19 3 14 4 46 6 42 15 23 18 49 20 37 21 18 23 15 24 37 9 14 45 16 23 17 24 20 38 23 32 24 38 25 35 26 50 29 15 5 3 10 6 31 17 49 21 41 22 42
4 5 8 20 11 33 17 30 27 24 29 26 16 1 11 2 29 3 32 5 39 6 47 9 27 11 39 14 28 15 50 19 42 21 15 23 34 24 25 26 35 27 16 30 38 6 3 44 13 26 15 32 16 50 19 27 27 48 7 10 39 20 40 23 18 25 26 26 25 28 23 29 31
7 8 5 11 8 18 9 45 10 41 17 46 19 42 25 32 30 19 10 5 46 8 42 10 49 14 41 16 14 18 25 19 28 20 12 22 24 24 22 9 5 26 16 21 17 40 18 33 20 33 22 39 27 16 28 42 30 26 17 2 44 5 33 6 15 8 22 9 46 11 24 13 12 14 50 18 21 19 39 20 21 23 45 24 34 25 10 28 18 29 39 30 41 7 2 46 7 48 10 44 11 48 14 17 20 37 23 15 13 2 27 4 24 7 11 8 15 12 12 16 26 17 24 19 16 20 42 22 48 24 14 26 19 29 13 15 1 35 6 22 8 32 12 23 15 40 16 14 18 39 19 39 21 30 24 13 25 16 27 23 28 47 29 37 30 23
3 14 2 23 5 36 8 17 9 50 11 26 14 10 15 39 16 20 18 30 22 19 24 26 25 50 26 11 30 50 12 3 24 4 24 6 45 8 29 9 28 11 40 12 29 14 17 19 25 20 45 23 50 26 26 5 4 15 9 45 16 27 21 21 27 43
5 16 1 13 6 10 7 38 8 17 10 49 11 39 15 44 16 15 17 28 18 40 21 17 23 44 24 50 25 33 27 12 30 40 11 2 22 5 39 6 13 7 34 10 43 11 33 14 28 16 11 19 31 22 50 27 26 8 3 23 7 22 9 50 12 18 15 18 23 43 26 49 28 26 5 6 36 16 33 18 50 20 25 24 31 8 9 11 10 45 15 18 16 15 17 41 18 40 23 36 25 18
4 15 3 11 4 40 6 13 12 47 16 33 17 39 18 16 21 28 22 34 25 21 26 42 27 16 28 14 29 15 30 45 11 1 44 4 30 5 11 13 14 19 12 20 20 22 50 23 36 25 28 26 23 30 48 5 11 13 12 42 14 40 23 13 29 39 13 1 38 2 31 4 46 10 23 11 28 15 49 16 29 17 34 22 43 24 19 27 38 29 38 30 35
6 9 2 48 4 24 8 34 9 32 12 16 15 21 17 40 23 46 25 48 8 5 33 10 32 11 37 14 23 17 32 22 37 24 30 27 32 12 1 25 5 38 6 24 7 22 8 43 10 43 12 34 13 19 16 15 20 16 21 14 27 31 9 3 27 7 39 9 11 10 25 11 22 14 41 20 22 23 10 26 30 6 5 45 6 14 8 25 10 31 11 11 29 30 10 5 18 6 13 7 39 14 10 18 35 21 39 22 21 24 13 25 13 28 11
8 11 1 29 3 45 4 23 13 40 18 10 20 19 22 46 23 30 26 20 27 17 29 18 6 4 15 6 27 12 34 20 30 21 33 28 43 6 6 38 9 11 14 24 20 14 27 24 30 19 16 1 34 2 26 4 46 5 14 7 25 8 28 9 27 11 10 17 29 18 48 19 34 20 22 21 26 23 17 28 42 29 35 13 2 45 6 30 8 38 9 26 10 16 12 20 14 29 16 38 18 35 24 43 27 41 28 14 29 23 13 2 25 4 37 5 38 9 40 12 19 13 39 16 20 19 18 21 48 22 21 23 36 24 26 29 49 18 1 17 2 22 5 22 7 39 10 28 12 22 13 47 15 46 16 20 17 26 19 42 21 24 23 10 25 21 27 16 28 10 29 43 30 38 12 1 22 9 25 10 22 12 44 13 41 14 27 15 37 18 48 20 49 21 17 23 46 26 22
4 4 3 33 7 43 25 29 28 18 9 3 24 5 17 8 14 9 30 14 48 18 21 20 27 25 40 28 12 16 2 11 3 48 6 40 10 41 11 18 15 48 17 40 18 15 19 24 21 10 22 35 23 35 25 36 26 39 27 46 28 45 14 4 50 5 15 6 37 12 13 14 43 16 39 18 38 20 34 21 44 23 37 25 31 27 29 28 42 29 35
6 10 3 21 4 34 5 48 11 19 17 28 18 23 20 48 26 24 27 30 29 47 8 2 50 3 40 7 41 17 38 19 30 22 30 23 38 29 46 13 1 24 7 32 8 24 13 21 17 46 19 50 21 34 22 16 26 13 27 46 28 15 29 50 30 40 14 1 21 7 41 8 36 12 27 16 14 17 21 19 41 21 40 22 42 25 50 26 14 27 30 28 39 30 32 13 1 22 2 18 6 46 11 34 16 16 17 19 19 30 21 15 23 12 24 25 27 14 29 36 30 39 17 1 37 2 37 4 14 9 33 11 26 14 33 15 32 16 12 17 30 18 49 19 30 20 30 21 11 24 15 26 39 27 37 29 30
8 11 10 50 13 24 15 34 17 42 19 41 20 20 21 42 22 39 23 43 24 50 29 42 17 1 40 3 36 7 26 8 40 9 39 10 14 11 46 13 36 14 15 15 30 16 14 18 24 19 23 22 33 23 49 25 27 29 35 11 5 43 6 41 11 42 12 40 13 27 16 40 17 22 22 19 25 34 27 26 30 22 9 3 48 8 15 10 30 16 17 22 16 24 21 27 29 28 35 30 24 9 2 28 4 21 8 28 9 46 16 49 22 22 23 15 24 40 30 44 4 1 42 4 15 7 33 8 48 5 1 29 14 28 18 44 26 14 27 17 11 2 47 3 36 5 12 6 18 12 28 15 33 16 13 19 24 20 50 26 42 27 48
8 15 2 13 3 30 5 16 6 45 7 49 8 15 9 30 12 39 14 46 15 20 16 25 17 17 24 47 25 25 29 40 16 1 46 2 10 3 24 6 23 10 20 12 12 14 21 15 22 16 40 18 43 19 37 22 25 24 10 25 17 27 28 30 21 15 1 48 3 42 4 10 7 41 9 16 11 31 16 20 17 27 18 14 19 10 21 33 23 13 25 26 27 38 29 27 8 1 46 4 18 11 10 15 36 21 42 23 34 25 13 27 38 9 1 46 2 12 5 13 13 25 15 34 21 37 27 44 29 13 30 21 11 3 19 9 39 10 33 13 37 14 16 16 50 17 45 19 23 21 43 25 26 29 26 15 3 26 4 28 6 39 7 39 8 33 13 20 14 13 16 28 18 39 19 29 20 39 24 13 25 24 26 21 30 28 6 9 43 10 41 14 37 22 46 23 34 24 27
4 11 3 21 5 26 7 37 10 38 13 34 14 31 18 25 22 32 23 44 27 47 30 23 12 1 45 2 46 5 29 7 21 9 10 12 38 16 35 19 12 20 26 23 49 24 39 27 43 14 4 19 5 26 7 18 8 32 9 43 12 13 13 33 16 31 17 19 21 37 23 14 27 15 29 26 30 22 15 1 18 2 30 6 44 8 19 11 39 12 24 13 26 16 11 19 12 20 49 22 33 25 32 26 14 27 33 28 13
7 13 1 31 3 27 4 34 5 31 7 27 17 19 18 21 23 37 25 48 27 32 28 39 29 30 30 37 14 2 43 3 40 8 23 9 40 11 34 13 23 16 39 18 49 19 41 22 30 24 42 26 39 27 23 29 32 6 2 41 10 11 15 49 20 11 23 44 29 23 10 6 48 7 39 8 20 10 38 12 41 16 49 25 46 26 33 28 44 29 44 7 3 27 6 35 8 47 13 40 15 45 19 16 22 28 10 2 11 3 35 8 16 12 42 15 18 22 10 23 47 28 13 29 44 30 47 6 5 45 9 15 15 16 16 39 26 22 27 41
7 5 6 24 22 44 23 25 25 47 29 16 16 1 37 2 35 4 29 7 21 9 38 11 41 12 27 13 20 17 14 19 32 20 50 21 18 23 19 25 47 27 47 30 31 11 2 44 3 17 4 24 6 30 13 28 17 42 21 19 25 23 26 36 29 23 30 13 14 4 40 5 30 6 34 8 22 9 40 10 31 12 28 13 12 16 37 17 43 19 18 20 27 23 36 25 25 8 3 42 10 19 11 48 12 42 14 45 27 35 28 31 29 43 9 4 21 7 31 8 41 9 39 10 49 21 17 23 16 24 46 27 47 16 1 31 2 10 6 44 7 30 9 46 11 45 13 30 15 49 16 29 18 15 21 45 22 15 23 26 25 30 29 18 30 41
8 7 3 22 6 43 10 24 18 50 22 27 23 32 24 26 6 3 44 4 16 9 36 14 21 27 34 28 24 7 3 39 5 43 11 31 13 19 19 31 22 22 29 17 6 1 41 3 17 4 28 10 42 25 40 27 19 13 3 42 5 35 8 29 11 18 14 20 15 25 16 17 17 18 20 49 22 46 24 46 27 22 28 36 11 4 23 7 39 12 47 13 16 14 26 15 13 20 17 22 21 23 38 25 42 27 27 16 2 14 3 48 4 14 6 24 7 18 10 24 11 34 12 26 13 20 14 13 15 50 18 39 20 19 21 28 23 12 24 50 10 8 17 9 17 13 38 15 15 16 20 19 31 21 15 24 43 25 17 30 16
7 13 4 34 14 18 15 29 17 25 18 15 19 22 20 42 21 38 23 20 24 16 27 34 29 40 30 39 5 1 48 2 19 11 15 23 14 26 10 5 7 27 18 26 19 21 20 22 22 43 16 1 45 2 43 4 34 5 44 9 11 10 16 11 50 13 14 14 11 15 38 16 25 18 39 20 47 25 49 26 35 28 27 13 3 36 6 20 9 44 11 39 13 47 17 33 18 35 20 25 22 18 24 49 25 25 27 46 28 46 4 11 14 17 18 19 14 28 17 8 5 49 6 49 9 43 20 15 24 15 26 46 27 50 28 27
3 8 3 20 6 10 10 37 15 19 17 11 22 28 24 20 27 32 5 9 34 10 25 16 37 23 43 24 50 13 6 31 9 24 10 43 11 24 12 24 14 29 16 21 17 20 18 31 19 25 24 21 28 13 29 27
8 5 1 33 3 21 16 29 17 46 18 10 8 7 20 10 45 16 45 18 34 19 44 20 29 22 32 28 41 12 1 45 4 16 6 22 9 40 16 19 18 49 19 23 21 19 23 46 25 12 27 12 28 40 6 4 12 7 22 15 17 16 22 17 48 25 42 16 2 26 3 17 4 43 8 37 9 30 10 20 12 12 13 42 14 23 16 31 18 45 21 15 25 49 26 21 27 18 28 21 10 1 31 9 34 17 11 18 35 22 43 24 34 26 26 27 21 28 24 30 29 14 5 28 7 26 8 22 11 17 13 28 14 14 17 42 19 16 20 46 22 30 24 45 26 48 29 37 30 34 17 4 24 5 41 6 18 8 27 9 12 11 34 13 30 14 32 16 49 21 35 22 41 23 18 26 38 27 35 28 46 29 15 30 47
8 6 5 26 12 21 19 45 20 12 27 47 30 42 12 1 48 8 20 9 20 11 22 12 12 15 50 16 34 17 25 19 36 21 12 24 29 28 16 17 2 20 4 50 6 31 8 24 10 37 12 23 16 47 19 21 21 20 23 43 24 37 25 21 26 45 27 44 28 30 29 44 30 31 7 9 15 10 22 17 30 20 19 23 47 25 37 30 36 8 3 44 4 14 10 32 13 34 15 45 21 35 24 17 28 30 14 4 30 5 34 7 38 8 37 9 44 10 27 15 12 20 23 21 40 23 15 26 27 28 15 29 41 30 46 15 1 29 2 13 5 37 7 14 8 11 9 20 13 48 16 44 17 21 18 14 20 41 25 38 26 40 28 37 29 49 9 7 47 9 38 14 11 16 34 20 24 22 33 23 34 24 36 29 12
6 10 2 48 4 11 7 28 9 49 12 11 14 40 21 49 25 16 29 33 30 29 6 3 48 11 38 17 17 24 28 26 48 29 38 11 3 25 5 41 8 15 13 13 16 46 19 17 20 13 22 40 23 30 24 34 27 50 6 2 28 6 47 9 44 12 40 15 12 29 19 4 11 18 17 38 21 48 22 23 8 3 19 10 21 11 15 14 35 22 32 27 22 28 24 30 36
7 7 2 16 9 25 11 43 16 43 17 40 20 12 28 23 4 8 50 11 22 22 24 27 45 15 1 27 3 44 4 49 5 10 8 13 10 31 19 35 21 21 22 32 23 36 24 15 25 20 26 11 28 49 29 40 7 3 27 6 11 7 36 15 31 23 38 26 31 30 36 5 7 18 13 21 16 39 29 16 30 30 17 1 45 3 42 4 17 5 49 7 16 8 17 10 31 11 30 12 16 17 48 18 19 19 32 20 13 21 47 23 48 24 16 30 41 5 11 16 12 38 14 25 15 32 19 49
8 6 5 23 12 16 15 11 16 13 23 49 24 30 9 1 20 2 42 7 10 10 48 20 48 23 30 24 36 27 38 30 22 10 3 31 4 17 5 37 7 50 14 35 16 29 19 11 21 34 22 26 25 15 14 6 32 7 14 10 15 14 24 15 17 16 46 20 11 22 37 23 19 25 27 27 29 28 10 29 27 30 25 14 2 41 4 19 6 16 8 11 9 15 10 27 15 49 16 23 17 45 18 10 21 11 22 45 29 47 30 11 15 1 34 4 16 7 13 9 32 12 49 13 50 14 11 16 19 17 43 20 11 22 19 23 27 26 12 27 16 28 47 9 4 46 9 34 11 30 14 13 16 36 17 23 20 41 27 44 30 47 9 5 41 6 20 11 14 13 11 16 35 20 33 24 27 25 24 26 37
3 6 7 11 9 26 10 17 11 13 16 25 25 21 13 3 45 5 40 7 24 8 33 9 12 12 25 14 30 15 42 19 15 23 30 25 33 26 22 30 31 8 2 28 3 49 9 39 12 46 15 44 17 31 21 46 27 18
6 6 7 18 12 46 22 13 25 44 27 46 30 34 10 1 14 4 37 6 10 11 30 18 32 20 50 23 27 25 33 26 39 27 27 10 11 42 13 39 15 47 18 32 19 46 23 22 24 27 26 47 28 21 30 12 13 2 30 5 12 7 21 9 20 10 44 15 10 17 46 19 37 20 26 21 15 22 43 23 36 27 25 10 7 47 10 25 12 11 15 41 18 11 19 49 26 10 27 50 28 10 30 29 13 2 43 4 25 5 17 6 35 9 47 11 39 15 46 17 18 18 20 19 25 21 10 28 41 30 31
4 6 5 18 11 43 14 12 17 37 24 28 26 20 4 7 37 8 19 10 18 26 16 8 2 43 10 24 14 32 18 18 19 10 20 11 24 39 26 44 17 2 45 4 18 6 18 8 14 9 50 10 37 11 41 12 21 13 35 16 22 17 19 23 30 24 13 25 22 26 20 27 30 29 11
8 11 2 47 3 41 6 48 9 22 14 49 16 44 17 19 19 43 20 12 25 20 27 31 10 5 34 6 30 8 30 13 43 15 15 19 41 23 28 27 19 28 27 30 26 5 8 29 12 27 13 41 17 44 24 25 6 6 14 9 29 13 26 20 22 22 13 26 14 8 7 39 8 36 10 29 13 25 14 46 16 10 18 31 27 41 8 6 22 9 23 12 24 19 37 21 26 24 15 29 47 30 12 13 1 21 2 44 3 49 4 31 7 16 8 34 12 46 13 39 15 43 22 16 23 37 26 42 28 36 8 2 20 3 23 5 15 15 33 18 34 24 43 29 40 30 29
3 6 4 18 5 43 7 22 18 16 26 42 27 26 8 5 42 10 21 11 18 12 34 13 29 19 48 26 39 28 14 17 1 48 3 28 4 14 5 45 6 14 10 42 12 26 15 39 17 45 19 37 20 19 22 16 26 42 27 11 28 23 29 32 30 22
5 4 6 40 12 31 14 24 18 23 10 5 17 11 48 13 11 14 15 18 17 19 26 22 20 24 41 25 28 28 40 18 1 13 5 44 6 31 7 41 8 26 9 27 10 23 13 12 14 28 16 46 17 15 19 33 20 34 24 13 27 42 28 38 29 21 30 31 11 1 21 2 29 3 19 9 39 11 43 12 28 21 45 25 17 26 46 27 20 30 42 15 5 38 6 47 8 49 9 33 10 28 11 18 12 12 15 19 16 33 19 46 20 26 21 49 23 32 27 32 30 39
3 16 1 50 5 46 6 28 7 19 8 10 10 50 11 48 12 36 13 20 15 30 18 39 19 41 21 50 27 25 28 31 30 20 8 3 47 7 45 12 35 21 34 25 36 27 38 28 26 29 37 13 3 35 5 19 7 32 8 42 13 29 14 18 16 10 17 21 19 22 20 26 22 18 25 29 29 29
3 6 4 39 6 18 19 28 20 28 23 11 25 14 18 1 16 5 44 6 16 8 33 9 13 10 28 11 47 12 40 16 44 17 16 19 25 21 27 24 34 25 14 26 44 28 31 29 40 30 19 17 1 17 3 33 4 47 6 46 7 16 8 12 9 12 10 36 11 32 15 24 17 44 18 15 20 35 21 39 25 33 27 20 28 44
6 13 1 38 2 16 4 34 10 27 12 38 15 10 16 22 17 28 20 14 23 28 24 18 29 29 30 39 17 4 32 6 49 7 26 12 47 13 31 14 44 16 23 17 24 19 46 20 11 21 49 22 16 23 27 27 24 28 24 29 16 30 44 11 1 28 6 26 7 22 11 29 14 38 15 11 16 37 17 38 24 26 25 40 30 17 18 1 17 2 31 3 37 4 38 5 25 8 49 11 45 14 33 15 19 16 37 18 10 20 44 21 20 25 23 26 11 27 13 28 40 30 29 15 1 26 4 35 5 36 6 32 9 16 10 44 13 45 19 19 20 18 21 20 24 21 25 37 28 14 29 32 30 50 15 1 39 4 50 5 11 9 47 10 28 11 10 12 45 13 26 14 22 15 19 19 25 20 40 21 30 23 21 28 50
4 15 2 37 3 31 4 42 6 14 7 38 8 17 10 47 11 40 14 38 20 48 21 44 23 12 25 33 26 23 29 12 8 1 46 4 50 8 30 9 37 24 48 27 31 28 43 30 11 10 2 29 5 17 7 34 9 37 11 38 13 18 14 12 15 14 16 40 19 11 11 2 15 4 12 5 20 9 42 14 32 15 36 23 23 25 13 26 38 28 16 30 24
5 8 2 17 6 48 11 50 14 29 17 14 18 36 21 34 26 38 11 1 12 2 40 5 34 6 15 7 30 12 34 17 16 19 15 21 40 26 34 28 32 8 1 22 7 45 9 27 10 41 14 11 17 14 21 16 26 31 8 1 16 17 31 18 31 19 38 21 45 25 13 26 13 27 22 7 1 45 5 34 10 27 12 11 14 48 17 26 30 13
7 9 5 44 6 43 10 36 13 18 22 30 25 21 26 35 29 40 30 32 7 10 13 20 42 21 35 22 12 25 14 26 25 29 41 8 2 49 3 47 6 38 15 16 17 46 18 11 25 38 28 16 13 2 10 4 38 8 23 9 20 10 49 11 43 13 17 14 42 18 38 19 28 22 15 26 39 29 23 5 5 42 8 17 10 12 15 13 19 29 4 2 23 9 16 16 13 20 14 16 2 22 3 23 4 30 6 22 7 29 9 15 10 21 13 12 17 40 18 26 19 17 20 16 25 22 26 18 28 43 29 27
7 18 1 18 2 40 5 30 6 25 7 26 9 45 10 17 12 23 13 29 14 10 18 28 19 42 21 30 22 26 23 33 27 32 28 11 29 20 9 1 27 3 34 4 19 13 14 15 29 16 28 24 33 29 34 30 47 10 1 29 3 47 10 21 11 45 19 35 21 50 24 39 27 46 29 31 30 12 4 6 32 9 18 12 32 13 24 5 3 14 6 47 8 49 18 50 25 35 8 3 21 6 42 7 16 16 34 18 47 23 13 24 29 27 33 8 1 42 6 17 12 45 17 27 20 34 23 38 26 28 29 29
3 13 1 12 4 43 9 48 11 36 13 43 14 13 16 34 18 34 20 37 25 37 26 24 27 20 29 12 10 1 20 11 40 12 31 13 24 19 42 20 23 25 34 26 25 27 30 30 33 13 1 15 7 10 13 11 14 15 18 39 19 14 20 18 21 31 22 10 23 34 25 34 26 10 27 41
6 6 11 41 16 32 17 28 23 45 25 24 26 50 16 1 16 3 47 5 13 7 48 9 25 10 28 11 29 13 19 14 34 20 15 21 41 22 26 23 26 26 18 28 45 29 42 6 3 15 8 39 13 31 16 12 21 50 24 47 14 1 50 2 21 11 37 13 49 18 26 21 23 23 25 24 15 25 22 26 21 27 21 28 31 29 31 30 39 4 13 32 24 12 27 46 30 28 17 1 24 6 45 9 24 10 13 11 22 13 24 16 35 17 15 20 48 21 21 22 32 24 15 25 47 26 16 27 41 28 30 30 35
6 8 4 27 5 43 8 21 14 23 20 43 21 19 22 28 25 24 4 8 36 18 24 24 49 27 18 8 7 49 8 24 10 29 13 48 19 20 20 31 24 44 28 42 11 1 38 4 42 8 10 9 47 15 38 18 14 22 25 23 17 26 38 27 27 29 41 15 1 38 2 22 3 19 4 34 10 49 13 45 14 38 16 47 17 35 19 36 20 26 23 47 28 17 29 21 30 34 14 1 19 2 42 6 44 8 39 9 32 10 42 12 10 14 13 16 16 19 27 21 29 22 39 27 37 28 20
7 14 1 13 4 15 6 49 8 43 10 32 12 44 13 49 15 29 17 29 18 49 19 12 20 48 26 24 29 32 13 1 38 5 23 6 30 7 21 10 38 11 24 13 50 14 28 16 22 18 24 27 27 29 41 30 50 15 1 43 2 12 5 18 8 43 12 33 13 23 18 27 20 41 21 17 22 38 24 27 27 29 28 28 29 28 30 48 5 6 12 12 28 17 13 22 36 28 15 12 2 24 4 50 10 26 12 26 13 19 15 30 17 27 21 11 22 37 26 13 27 26 30 25 15 3 13 4 33 5 46 6 10 7 35 15 38 16 32 18 46 21 50 23 19 24 31 25 50 26 35 29 37 30 38 7 1 13 10 11 19 27 20 38 23 41 27 47 28 28
5 15 3 39 4 26 13 48 14 48 15 38 16 37 18 38 19 49 21 40 22 37 23 42 26 16 27 50 29 29 30 22 10 3 44 7 46 8 21 10 11 14 48 15 14 24 28 26 28 28 44 30 48 10 2 10 3 11 4 18 10 38 12 30 16 29 17 16 19 44 23 41 28 23 4 11 50 12 45 18 26 21 37 14 3 33 4 16 6 39 10 18 11 10 12 15 13 22 17 30 18 25 19 13 20 45 24 13 25 38 30 16
4 7 1 48 4 20 8 35 9 48 14 37 19 20 27 11 5 1 19 5 32 18 11 26 17 27 31 14 1 10 5 35 7 39 10 24 11 32 13 15 15 19 16 39 19 36 20 15 21 21 24 42 26 36 28 24 9 2 32 3 32 4 36 10 42 14 28 21 20 23 46 25 34 28 21
5 12 8 22 11 47 12 35 20 47 23 39 24 41 25 20 26 25 27 20 28 34 29 28 30 15 12 1 22 2 47 3 26 5 37 7 45 9 49 11 33 15 46 17 36 21 13 22 50 25 44 13 5 11 6 40 7 13 10 42 11 11 15 17 17 34 18 26 22 42 24 40 26 34 27 16 29 32 16 1 39 2 13 5 23 7 15 9 15 10 43 11 16 12 24 14 10 15 49 16 16 17 45 20 27 21 32 22 14 24 27 14 1 34 3 17 6 26 7 33 13 24 16 31 17 48 19 13 20 33 22 31 23 13 24 27 26 19 27 27
8 18 2 35 3 24 6 37 8 35 10 39 13 19 14 22 16 40 17 26 18 39 19 43 20 27 21 22 22 18 23 40 24 19 27 35 28 41 4 4 42 12 46 20 10 26 20 4 4 36 7 31 21 28 24 44 12 3 12 7 43 8 47 11 30 12 38 14 45 19 39 21 14 22 23 26 33 28 12 29 31 9 1 50 2 32 6 27 7 45 16 23 22 12 24 25 27 13 28 31 6 5 35 7 28 12 29 13 25 21 22 29 35 11 2 27 3 43 4 15 10 19 12 27 18 25 20 15 22 18 23 38 25 30 30 33 14 2 37 8 16 12 21 13 49 15 45 16 38 18 46 19 45 23 38 24 46 25 48 26 26 28 22 30 23
8 12 9 39 11 48 12 37 19 31 20 50 21 14 22 28 23 46 24 28 25 37 26 44 30 12 17 1 44 2 25 3 28 4 43 7 44 8 28 9 45 10 34 11 34 12 24 14 50 15 43 16 45 17 43 20 14 26 30 30 10 7 11 30 15 41 18 24 24 43 25 27 28 33 29 28 7 2 29 4 19 6 19 12 39 14 26 26 14 27 50 11 1 41 3 42 6 33 11 29 13 19 18 20 19 18 23 28 25 21 27 32 28 11 5 8 44 10 40 20 36 21 23 26 20 6 2 29 5 17 11 25 13 44 18 41 25 38 13 1 46 2 40 4 38 8 19 10 33 11 29 21 13 24 19 25 47 26 49 28 44 29 20 30 49
4 7 2 28 6 17 8 28 17 31 22 48 26 16 28 11 6 9 49 15 40 18 33 21 18 22 29 26 23 10 1 36 4 48 5 37 13 42 14 24 18 15 20 25 27 11 28 47 30 46 12 3 22 5 11 6 14 14 40 15 21 18 23 20 40 23 25 25 49 26 27 27 24 30 28
7 14 1 45 2 21 4 18 6 39 11 15 12 13 14 47 17 11 21 30 24 31 27 27 28 28 29 47 30 17 8 4 29 7 18 8 39 15 49 16 17 17 31 19 24 23 24 16 1 21 2 31 7 32 8 37 9 14 11 42 12 10 13 18 14 16 16 30 18 45 19 24 20 48 22 13 26 27 27 30 18 1 28 3 26 4 43 5 41 7 27 8 15 11 14 13 14 14 36 16 41 17 47 18 35 20 32 23 20 24 29 25 22 27 21 29 34 9 7 29 9 11 10 15 14 23 15 27 22 21 23 45 24 41 28 21 15 1 15 3 24 4 41 5 26 6 38 8 47 9 25 14 21 15 26 17 23 25 30 26 21 28 24 29 27 30 44 10 6 28 7 47 9 20 15 43 16 33 20 10 21 36 24 23 25 37 27 10
4 17 2 10 5 40 6 46 7 37 8 26 11 44 12 38 13 22 14 22 15 29 16 48 17 20 18 48 22 16 25 24 26 42 28 49 16 1 41 3 12 5 49 6 16 9 40 10 28 11 14 13 50 14 48 16 34 17 14 18 28 19 50 20 13 23 26 28 33 4 8 20 15 28 17 39 29 32 8 1 17 6 19 13 33 17 24 20 19 23 28 26 13 30 38
6 8 3 29 7 37 10 23 11 40 12 15 13 41 14 19 17 34 15 1 37 2 19 8 39 14 26 15 50 16 41 17 36 18 43 19 32 22 40 24 28 25 15 26 17 29 11 30 20 16 1 23 3 13 6 22 7 50 8 24 11 38 12 20 13 33 15 41 17 45 18 28 19 11 24 46 25 11 26 19 30 35 7 1 15 4 25 18 40 21 13 22 45 28 12 29 41 18 1 15 2 36 3 24 4 26 5 13 9 45 10 46 14 17 15 49 17 40 19 26 21 30 23 49 24 17 26 42 28 33 29 39 30 50 8 3 27 5 42 9 26 10 15 16 18 17 22 21 42 28 11
8 8 1 49 2 14 6 50 11 27 15 18 24 18 29 24 30 37 18 2 20 3 12 4 42 6 21 7 39 8 28 9 42 11 15 12 13 13 27 14 28 17 24 18 10 24 48 26 28 28 40 29 42 30 28 14 3 42 5 17 9 26 11 48 12 17 16 16 17 40 19 14 22 30 23 47 24 50 25 47 26 24 28 43 12 6 45 7 32 8 25 9 50 13 29 14 12 17 19 24 15 25 45 26 41 27 25 29 40 10 1 45 3 20 5 15 7 38 8 28 11 32 15 23 16 23 21 16 24 27 9 2 15 3 28 6 44 8 23 12 21 18 13 24 19 26 46 28 34 13 1 22 2 32 3 38 6 38 8 30 10 13 13 15 14 35 16 28 17 46 20 25 25 36 27 47 7 6 31 13 20 18 22 19 29 24 25 26 13 29 10
3 12 2 40 3 15 5 37 8 44 15 25 17 32 21 13 23 19 25 49 28 47 29 39 30 14 10 3 33 9 11 10 33 11 35 16 17 21 40 23 10 25 33 26 50 27 36 17 1 22 2 33 5 34 6 13 7 16 9 25 12 10 13 46 15 37 17 29 19 35 21 38 24 45 25 42 26 40 27 28 28 19
3 6 6 24 9 26 10 42 12 35 26 37 29 47 14 2 16 3 22 4 22 12 21 13 26 15 30 16 23 18 49 24 30 25 22 26 23 27 20 29 15 30 20 13 3 32 4 33 5 14 8 14 11 37 18 12 20 38 21 36 24 26 25 40 27 15 28 38 30 22
7 7 4 31 5 15 8 36 12 28 13 48 17 19 24 10 5 2 17 9 19 20 14 22 13 27 27 18 2 18 5 40 7 14 8 11 9 33 11 13 13 47 15 12 16 44 17 48 18 38 19 17 21 39 23 14 24 22 26 31 27 36 28 19 11 3 26 5 13 6 28 7 22 8 50 9 34 10 33 11 16 13 16 22 20 30 25 12 1 36 2 38 3 38 6 49 8 14 9 45 10 30 12 26 15 25 23 44 28 15 30 50 5 1 28 12 21 16 12 22 47 25 14 8 3 37 5 48 7 34 12 25 14 11 18 28 19 38 24 35
6 7 8 26 11 11 18 40 20 31 21 34 27 34 29 17 17 2 21 3 44 4 35 6 15 7 26 8 47 9 20 10 47 13 14 16 38 17 32 19 20 22 49 23 44 25 47 26 37 30 47 10 2 43 3 45 6 38 12 10 17 22 21 22 23 41 24 23 26 36 29 22 10 5 12 10 25 11 22 12 16 14 26 20 13 23 48 24 50 25 27 28 50 8 2 46 4 21 8 24 9 28 13 22 17 44 21 32 22 37 14 1 40 2 41 5 41 8 36 11 31 15 44 19 30 21 10 22 24 24 25 27 34 28 37 29 35 30 30
5 7 6 50 9 50 14 18 18 15 21 31 26 27 28 25 18 2 22 3 47 4 21 6 14 8 45 10 32 11 23 12 40 15 12 16 25 17 10 18 41 19 29 22 20 24 39 25 21 27 21 29 45 12 1 43 2 24 7 49 12 18 13 35 16 23 17 21 19 31 20 10 21 25 26 45 28 35 18 1 33 3 39 5 22 8 37 10 27 11 40 13 40 15 15 17 32 18 11 20 18 21 38 22 24 23 20 24 19 25 20 26 26 29 24 4 10 32 20 45 23 17 28 11
6 16 4 45 6 26 8 39 9 45 11 29 12 47 15 47 16 25 17 34 18 45 19 42 25 23 26 39 27 37 28 20 30 37 17 2 10 5 47 6 26 7 43 8 33 9 29 12 32 14 26 16 16 19 26 20 49 21 16 22 16 25 35 26 42 27 47 28 41 10 1 32 2 32 7 45 9 23 17 17 20 46 21 18 23 46 25 18 30 39 16 1 34 2 32 3 46 5 22 6 16 7 33 8 50 9 25 10 48 11 49 12 11 16 12 18 11 20 50 26 45 27 15 18 2 27 4 18 6 46 9 18 10 15 12 40 13 30 14 48 15 12 16 23 17 49 19 12 21 17 22 23 24 44 25 27 28 14 30 19 12 5 36 7 22 8 40 10 41 11 24 15 27 22 25 23 12 24 22 26 31 27 28 29 27
3 18 1 32 5 47 7 31 9 48 10 37 11 14 12 17 13 26 14 29 16 49 22 48 23 33 24 10 25 10 26 35 27 10 28 13 30 12 18 1 36 5 50 6 28 7 33 9 18 11 49 12 34 13 38 14 43 15 19 16 28 18 49 21 44 24 27 27 25 28 28 29 44 30 44 5 5 13 11 39 13 38 17 25 27 29
3 18 1 27 2 26 4 12 5 48 7 40 8 19 10 40 11 47 12 26 13 36 14 45 17 28 19 49 23 31 24 25 25 22 27 13 30 13 9 1 32 4 48 5 25 8 18 13 21 14 41 18 41 25 41 27 39 9 1 40 3 18 8 43 13 15 15 19 17 47 21 36 24 16 29 25
8 18 1 45 6 33 8 10 9 24 11 45 13 46 15 29 16 28 17 46 20 46 22 17 23 21 24 37 25 15 26 13 27 19 28 33 30 27 12 3 17 5 43 11 34 12 16 15 47 17 33 18 50 22 41 24 17 26 26 27 17 28 29 11 1 18 4 19 5 16 7 33 8 17 9 39 10 32 11 17 19 25 26 33 29 47 6 10 16 13 19 18 13 21 47 26 30 29 18 4 11 15 19 38 22 42 26 28 6 18 26 20 42 21 41 24 47 27 37 29 30 9 4 24 8 49 10 15 12 14 13 33 16 33 18 40 25 34 26 23 4 11 10 13 23 15 21 26 37
6 5 2 35 17 38 19 24 20 42 30 50 18 1 45 3 50 5 17 6 20 8 28 10 50 13 43 14 48 15 28 16 29 17 12 19 33 20 24 21 31 23 25 27 37 29 13 30 26 14 8 34 9 26 11 26 12 14 14 14 15 22 16 22 17 49 18 38 20 22 23 37 26 47 27 14 30 16 14 1 36 2 43 3 36 5 28 8 12 9 25 12 30 15 36 21 23 22 12 24 50 26 40 28 41 30 22 17 1 15 4 33 5 24 6 50 7 46 10 18 11 50 12 17 13 11 14 16 15 49 17 46 19 39 20 25 25 39 26 46 30 17 9 5 30 10 49 15 25 17 35 21 23 22 21 25 45 26 10 28 33
6 14 4 25 5 24 6 38 7 46 8 34 10 18 11 42 12 41 15 39 17 17 18 20 21 40 26 41 30 19 7 4 40 5 44 6 41 7 39 13 35 24 49 25 47 14 1 46 2 33 3 17 4 38 6 28 8 37 9 23 10 40 11 18 16 49 20 11 22 47 25 47 26 20 14 1 19 2 45 3 25 6 11 11 38 12 23 13 24 17 43 18 26 21 39 22 33 23 43 26 26 27 50 14 2 50 3 17 5 30 6 17 11 45 12 22 14 16 17 12 18 26 21 29 22 19 24 25 26 45 27 32 13 2 26 4 28 7 37 8 38 9 20 11 14 16 21 17 29 20 44 21 46 24 43 27 39 29 46
3 4 4 16 16 28 26 22 30 44 9 3 29 12 50 13 28 16 44 17 17 18 19 19 11 20 29 22 22 5 18 11 20 47 24 47 26 25 29 40
5 9 5 39 8 22 11 35 12 17 17 50 18 45 22 13 28 19 29 27 15 1 17 2 22 3 47 4 47 5 33 6 33 7 18 8 36 16 33 20 20 22 32 24 30 25 13 27 43 29 38 14 2 15 3 20 5 18 7 47 8 19 10 21 13 50 15 32 16 41 17 32 20 30 24 33 26 50 30 19 5 12 43 15 25 19 45 25 32 29 30 9 1 49 7 28 13 14 15 15 18 23 20 48 25 24 26 46 28 22
50 117 66 78 74 124 51 99 77 69 121 116 106 89 104 50 117 57 94 64 91 100 65 100 132 124 73 126 89 148 92 43 105 141 93 99 146 41 72 78 143 59 94 42 57 88 78 76 139 111 55 83 86 88 94 67 79 110 104 52 89 74 118 134 44 54 114 77 92 116 48 36 98 93 77 43 74
2 3 2 1 1 2 3 3 3 3 1 3 1 2 3 1 2 1 3 3 2 1 2 1 3 1 2 2 1 3
# Instance ID: 77
# Size type: large
# Total operations: 428
# Actual flexibility: 0.357
# Generated: 2026-02-07 22:12:21
# Format: Extended Brandimarte format for MOFJSP