73 24
7 14 1 14 3 33 7 33 8 10 9 46 10 41 11 35 12 16 13 21 15 44 18 27 19 25 21 41 23 24 5 3 18 4 17 11 37 14 46 16 49 14 1 34 2 34 4 30 5 18 8 10 9 21 12 47 14 35 16 15 17 40 19 47 22 20 23 40 24 22 10 2 14 4 14 5 18 7 20 8 50 10 47 19 17 22 42 23 30 24 29 9 4 38 8 39 11 14 12 44 15 22 16 15 18 35 21 27 22 12 13 1 19 2 37 5 45 9 50 10 12 11 35 13 16 14 25 16 24 18 35 19 50 23 33 24 32 3 3 36 12 13 16 28
7 6 5 23 6 19 7 33 11 39 13 13 17 19 6 6 30 7 47 14 47 18 15 19 36 22 39 5 11 32 15 34 17 18 19 48 20 19 10 2 20 3 35 4 24 5 27 8 45 9 14 10 29 21 18 22 16 24 16 6 8 34 9 16 17 49 20 14 22 18 24 44 14 1 23 3 44 4 46 10 24 13 19 14 12 16 35 18 12 19 43 20 40 21 31 22 21 23 24 24 24 4 2 46 5 13 10 14 17 46
6 11 3 41 4 50 10 33 11 46 12 49 13 23 17 43 18 30 21 16 22 37 24 21 11 1 31 3 33 4 45 5 31 6 42 11 41 12 44 13 25 21 24 23 32 24 20 11 1 44 4 27 5 17 9 25 12 17 13 47 14 38 15 33 16 20 17 49 21 13 9 1 22 3 12 4 11 12 43 16 14 17 29 18 35 22 23 24 35 8 2 34 5 36 10 23 11 25 12 43 15 47 18 22 20 37 6 7 45 8 32 9 29 10 22 23 45 24 49
7 6 5 33 7 37 9 33 10 36 18 20 24 31 7 1 42 2 18 7 29 9 12 13 30 21 48 23 15 5 3 13 11 40 17 13 21 35 24 18 10 1 46 6 49 9 16 11 20 15 14 16 33 17 22 19 28 21 20 22 15 8 3 19 6 35 10 19 13 41 14 40 19 50 20 27 23 45 7 1 16 4 50 6 14 8 15 12 10 14 45 20 37 11 1 34 3 45 4 22 6 12 7 34 11 10 14 24 15 37 17 28 19 45 22 24
3 13 2 12 3 47 5 45 9 32 11 32 12 39 13 46 14 28 18 37 21 42 22 46 23 46 24 37 3 9 38 12 21 14 21 12 1 17 5 50 6 14 9 31 10 17 12 45 14 10 16 21 17 23 19 35 20 34 23 16
3 8 2 17 4 19 7 29 9 41 13 47 16 39 22 33 23 23 11 1 21 3 48 5 28 7 11 11 33 13 43 14 24 16 20 18 17 19 30 23 21 11 2 18 10 10 11 15 12 36 13 25 17 23 18 48 19 25 21 33 22 49 24 43
6 9 3 39 4 29 5 14 7 10 9 40 11 28 14 33 17 11 21 12 8 2 18 3 45 10 30 17 40 20 11 21 27 23 27 24 20 4 1 31 15 17 18 42 24 26 8 1 22 2 12 8 16 12 29 13 50 18 30 22 21 24 18 13 3 41 4 15 6 23 7 36 9 32 10 37 11 38 12 34 18 35 20 36 22 36 23 11 24 12 8 4 34 8 43 10 13 13 27 17 37 20 27 23 37 24 28
6 4 3 40 13 20 16 34 20 19 3 10 14 16 21 23 25 3 5 27 10 48 21 39 14 2 10 3 21 4 16 8 12 9 45 10 44 11 15 15 29 16 43 18 33 19 43 22 47 23 44 24 20 4 4 40 8 50 15 41 24 28 7 1 48 2 18 5 19 7 37 12 32 20 31 23 44
8 4 4 15 5 43 13 41 19 25 5 3 37 5 40 7 17 18 33 24 25 13 4 14 5 28 6 26 7 15 9 45 11 30 12 21 14 26 16 18 17 44 21 43 23 21 24 36 12 2 29 4 15 5 27 6 32 7 32 8 29 10 13 12 30 14 15 16 21 17 48 23 21 13 1 22 3 15 4 36 8 12 12 27 14 42 15 43 16 37 17 29 18 39 19 35 20 49 21 30 10 1 43 2 44 3 34 5 50 6 15 11 37 16 21 18 35 19 44 24 27 11 1 43 2 30 6 40 9 16 10 40 12 14 14 38 16 39 21 10 22 40 23 28 14 1 20 2 10 3 19 4 44 5 31 11 43 13 40 15 27 17 39 18 13 19 25 20 23 21 33 22 11
6 3 6 42 16 48 20 35 12 2 44 4 22 5 48 7 38 9 23 13 23 15 35 17 22 18 36 20 23 21 16 23 33 7 1 35 3 33 8 20 9 27 13 36 19 32 20 16 3 19 50 20 19 21 50 3 1 50 5 21 6 31 8 1 28 6 28 8 46 11 36 13 39 16 20 17 36 24 42
5 10 2 26 5 33 6 44 11 33 13 48 15 20 16 26 20 40 21 36 23 43 7 1 40 5 20 6 15 12 24 17 35 18 19 23 18 12 3 24 7 24 8 41 9 39 10 44 11 32 12 22 13 23 20 22 21 27 23 22 24 38 3 2 45 7 12 10 14 3 7 35 9 47 24 33
7 5 3 44 4 48 12 40 17 13 23 45 12 1 35 4 19 8 31 13 15 14 34 15 36 16 11 18 10 19 37 20 26 21 21 24 47 5 1 34 5 21 6 39 7 44 15 26 5 1 32 13 20 15 46 20 11 22 11 12 2 21 4 42 7 39 8 22 9 46 10 26 13 26 15 40 17 12 19 28 21 26 22 45 6 1 20 8 18 14 44 16 46 18 12 21 16 7 6 50 7 36 9 20 10 14 11 20 16 50 18 11
6 11 1 26 2 22 7 24 8 19 11 43 12 26 13 18 15 20 20 20 22 14 24 36 14 1 24 2 32 3 36 4 44 5 13 6 44 10 39 11 24 12 50 14 50 20 12 21 31 22 23 23 45 14 2 22 3 25 4 37 5 30 6 46 7 19 8 25 9 46 11 44 14 17 15 43 20 20 21 17 22 45 3 10 16 15 13 24 11 14 1 28 2 40 3 11 6 45 8 18 9 41 12 34 15 44 16 37 18 18 19 15 20 29 21 13 24 25 14 2 47 3 26 6 41 7 47 9 36 12 40 13 28 14 17 16 28 17 30 18 41 20 16 21 14 23 19
4 14 1 35 2 26 4 38 6 46 9 10 12 41 14 14 15 40 16 17 17 33 20 12 21 10 22 19 23 43 3 8 14 11 19 15 45 13 2 40 3 28 6 19 9 29 10 27 11 19 13 11 16 33 17 39 18 11 21 18 22 24 23 41 8 1 15 2 42 3 24 5 41 8 42 12 48 14 14 17 37
8 8 3 27 8 38 9 27 12 46 14 26 19 15 21 32 22 36 10 3 32 6 24 8 19 10 11 15 22 16 39 17 21 18 27 22 45 24 43 7 4 34 5 26 9 18 13 35 14 50 20 18 23 45 12 2 28 4 25 5 31 8 42 9 16 15 37 16 30 17 21 20 18 21 43 22 48 24 28 12 5 35 6 10 8 12 13 28 14 12 15 29 16 32 17 42 19 49 20 48 23 47 24 36 7 1 25 2 38 3 27 15 49 16 10 18 17 20 30 3 14 18 22 15 23 34 4 3 24 12 24 13 10 15 40
4 6 5 26 8 18 10 11 12 39 14 22 23 37 6 11 42 14 27 16 42 17 23 19 36 22 25 3 1 47 2 15 11 42 9 1 15 5 15 11 38 13 19 14 30 17 16 19 30 20 40 22 37
3 7 8 11 9 14 10 50 11 14 12 37 13 23 15 12 11 2 32 3 10 5 11 7 16 8 42 9 16 10 44 12 10 15 50 18 33 22 49 4 1 25 2 40 5 43 16 30
7 7 6 16 7 16 10 47 11 14 14 10 15 24 18 45 11 1 46 2 43 4 21 5 25 10 13 11 25 13 12 16 17 18 43 20 19 21 31 5 9 27 10 17 13 42 14 32 20 38 10 1 41 4 13 6 29 8 19 9 19 10 31 12 38 18 44 20 44 23 14 8 1 15 2 36 4 47 5 34 6 38 14 31 22 24 23 26 7 4 15 7 41 11 21 12 24 13 34 15 15 20 27 9 1 45 5 22 6 35 8 43 11 17 17 27 19 12 22 27 23 42
6 4 7 42 14 24 17 11 20 12 6 11 41 12 33 15 18 18 38 19 36 21 24 14 1 40 5 32 7 19 8 41 10 16 12 14 13 23 14 10 15 22 16 41 17 48 18 15 20 50 23 30 14 2 22 4 29 5 32 7 34 8 12 10 23 11 14 13 39 14 16 16 24 17 38 18 35 20 10 21 20 5 4 11 6 32 9 34 23 29 24 37 7 7 31 8 22 10 39 12 44 17 22 22 14 23 11
4 14 3 18 4 13 5 28 6 36 7 18 10 24 11 22 12 12 13 37 17 29 18 20 19 19 20 10 21 41 8 5 42 7 43 10 43 11 37 15 18 16 23 17 29 24 31 14 4 17 6 22 7 47 10 12 11 12 12 11 15 38 16 39 17 28 19 42 20 10 22 20 23 45 24 17 13 1 21 3 20 4 28 5 12 6 50 7 27 8 36 12 23 15 14 18 27 21 40 22 30 24 29
7 6 3 37 4 13 13 21 16 16 22 39 23 13 9 1 48 2 31 6 44 10 29 16 16 17 42 18 32 20 26 21 45 14 2 50 3 14 4 39 5 45 6 28 10 30 13 13 14 28 16 24 17 48 21 26 22 48 23 14 24 26 5 4 25 14 18 16 27 19 29 22 28 5 1 30 11 49 17 34 20 36 24 15 9 1 42 3 26 6 27 10 35 14 15 15 10 18 37 20 12 22 30 5 2 33 5 16 13 21 17 29 20 37
3 11 1 24 2 21 4 25 7 36 10 10 12 42 15 21 16 16 17 17 18 49 23 11 4 1 29 5 15 16 35 18 38 11 1 36 2 46 3 25 4 46 5 50 6 37 7 38 13 49 17 10 18 20 24 12
5 6 8 46 11 12 13 32 16 19 22 47 23 34 11 2 19 4 13 7 39 9 17 15 40 16 28 18 30 19 35 20 25 23 38 24 43 14 7 48 8 11 9 48 10 24 11 24 12 48 13 23 15 14 17 46 18 10 19 12 20 28 21 24 24 37 12 1 46 2 36 9 47 11 35 12 34 13 27 14 45 15 32 19 21 20 32 23 37 24 41 6 3 36 4 50 8 46 15 47 20 28 23 31
8 13 2 36 4 21 5 40 6 20 9 10 12 38 13 21 14 15 16 41 18 47 19 33 22 39 24 29 5 1 27 5 43 11 23 19 10 21 21 6 7 18 8 43 11 30 13 50 17 25 24 27 14 4 16 5 49 6 16 7 37 9 14 10 24 11 37 12 35 15 26 16 15 20 13 21 23 23 35 24 10 3 4 26 8 43 12 50 7 3 44 4 29 10 38 11 27 18 32 20 16 23 38 9 2 41 9 31 12 40 16 48 17 19 18 41 19 13 20 22 23 10 11 1 21 9 34 10 24 11 37 13 35 16 23 17 22 19 28 21 36 22 42 23 42
7 14 5 41 6 32 7 47 8 39 10 43 12 27 14 43 15 42 16 28 17 25 19 34 20 48 22 40 23 22 11 3 46 5 18 11 32 13 39 14 39 16 24 17 28 18 15 20 10 22 48 24 27 9 2 40 4 27 5 46 8 40 9 41 10 24 12 32 15 36 21 34 11 1 31 3 34 6 22 7 45 13 10 16 29 17 16 18 35 19 27 22 14 23 11 13 4 44 7 25 8 13 9 19 10 16 11 49 18 17 19 27 20 36 21 31 22 36 23 34 24 38 7 2 11 4 31 13 12 15 14 19 45 22 44 24 13 5 5 23 7 36 11 37 15 43 19 40
7 13 2 50 3 13 4 28 5 20 6 26 9 17 11 34 12 22 13 28 15 50 16 24 19 27 24 33 10 4 11 7 19 8 30 9 30 11 26 13 38 15 27 17 50 18 34 22 31 3 6 29 7 44 22 17 11 1 30 6 26 7 22 8 32 9 20 11 41 15 49 19 19 20 48 22 46 23 35 8 2 37 4 25 6 11 8 47 9 11 10 44 12 23 16 44 10 3 16 5 10 7 42 9 12 10 44 11 19 17 46 20 24 21 43 22 38 14 1 15 2 29 3 21 4 12 5 33 6 28 7 17 10 12 11 33 13 49 14 19 16 43 19 27 21 44
5 10 1 49 2 46 5 31 7 22 10 49 14 46 18 37 19 48 20 44 22 10 12 1 17 3 20 5 15 7 33 8 26 9 21 12 10 13 49 14 43 17 28 18 28 19 29 3 3 22 9 16 23 33 9 2 15 3 15 4 12 6 22 7 28 11 49 17 49 19 42 20 33 4 4 14 5 42 19 21 23 14
7 9 1 24 13 20 16 29 17 32 19 20 20 34 21 49 23 43 24 43 12 3 37 4 27 5 15 6 24 8 33 10 34 12 33 15 22 17 13 20 27 21 23 23 30 13 1 18 3 25 4 35 5 33 6 35 8 40 10 39 12 43 14 15 15 48 18 26 21 40 23 28 7 7 50 8 39 11 18 13 10 14 47 16 49 22 29 7 1 34 5 15 9 35 10 16 19 15 21 14 24 24 10 1 30 2 27 6 16 7 11 8 44 9 46 13 21 14 43 20 22 23 18 9 1 32 5 16 8 48 11 41 12 16 17 41 18 40 20 50 22 22
3 12 3 41 5 20 8 34 9 47 11 31 12 32 13 22 14 19 15 45 18 29 21 33 24 40 5 8 11 13 44 18 25 19 33 20 27 12 2 16 6 28 7 20 8 12 11 30 13 24 14 25 18 28 20 13 21 45 22 35 23 42
3 6 7 23 8 30 18 10 19 32 21 31 22 32 3 1 22 7 22 21 11 13 2 35 3 26 5 24 8 12 9 17 11 33 12 11 14 25 16 24 17 27 19 24 20 16 22 29
5 6 4 48 12 42 14 41 20 22 23 26 24 30 5 5 16 6 12 14 36 21 22 22 15 10 3 27 5 50 7 29 9 39 10 37 12 43 14 38 16 28 17 38 22 32 9 2 23 5 25 9 41 14 26 16 46 18 38 19 23 21 40 22 45 4 2 45 7 13 10 22 23 14
8 14 5 15 7 24 9 38 10 19 12 41 13 33 14 35 15 29 16 37 17 17 18 28 19 50 20 12 21 27 9 1 33 4 28 9 48 10 37 11 17 12 13 14 23 18 36 21 49 10 5 22 12 21 13 50 15 49 16 19 17 43 18 35 21 15 22 24 23 41 4 7 43 8 32 10 35 14 27 12 2 31 4 44 7 15 9 16 10 30 11 32 13 21 14 29 16 12 20 37 23 47 24 46 6 3 30 14 27 16 30 20 11 21 30 23 21 5 4 38 12 26 17 27 18 27 21 24 4 2 17 7 24 11 29 17 27
6 11 5 10 7 15 8 14 9 39 10 15 13 23 16 32 17 48 18 27 21 44 22 36 14 1 48 2 29 3 14 4 13 5 22 6 31 9 33 10 44 12 37 13 18 14 31 17 33 19 21 23 47 5 3 34 6 26 13 49 14 40 24 42 13 2 12 3 20 7 21 8 35 11 12 13 34 14 40 15 19 16 45 19 25 20 23 21 44 23 14 8 4 25 5 12 8 12 9 45 10 21 11 42 14 20 22 48 8 1 50 4 28 7 10 11 39 16 22 18 15 20 16 22 44
4 9 4 37 5 12 7 46 9 11 12 13 14 11 15 21 18 25 23 41 6 1 20 11 43 15 13 18 15 21 21 23 45 12 4 23 6 38 8 43 9 20 10 24 11 41 13 43 16 13 17 17 18 34 19 17 23 45 4 5 15 14 15 21 17 23 31
6 13 2 36 3 23 5 35 7 30 10 17 11 15 12 46 14 14 15 35 16 34 17 40 19 16 20 28 3 8 13 10 34 14 21 7 1 10 4 23 6 14 13 26 14 46 15 26 17 46 14 2 44 3 23 6 34 9 43 12 24 13 16 14 28 15 23 17 47 18 20 19 14 20 41 22 45 24 22 3 11 40 12 35 17 45 5 3 34 5 22 7 16 8 48 17 36
7 8 3 17 5 32 7 36 12 22 16 26 21 26 22 41 23 27 11 2 19 3 12 9 44 13 30 15 38 17 43 19 43 20 19 21 49 23 42 24 25 14 3 37 6 40 8 39 9 50 10 39 12 27 13 28 14 17 16 41 17 19 18 44 19 44 21 49 23 31 11 2 18 4 29 9 44 10 22 11 27 13 28 15 32 16 20 22 15 23 15 24 47 8 1 36 2 43 3 19 7 20 8 10 11 38 16 32 17 42 7 3 31 5 24 7 26 9 32 10 20 12 29 24 46 12 1 40 3 48 4 39 7 36 11 21 13 48 15 28 19 36 20 35 21 16 22 50 23 31
4 12 2 10 4 34 5 26 8 46 9 30 10 16 12 18 14 19 16 32 21 29 22 27 23 47 10 2 18 4 48 7 10 8 47 9 11 10 33 13 43 17 21 22 47 24 15 10 1 28 2 46 3 34 7 48 8 21 9 46 11 32 12 18 13 42 24 37 9 1 39 7 37 9 11 11 24 12 44 15 24 16 11 17 26 24 31
5 9 3 19 7 47 8 20 12 44 14 33 17 24 18 18 21 12 24 45 4 3 23 5 48 8 34 12 30 4 1 27 18 33 19 14 20 18 4 1 15 4 37 9 39 23 48 3 17 30 22 33 23 32
5 14 1 10 2 24 3 48 4 34 7 25 11 36 12 50 15 17 16 11 17 27 19 50 20 24 21 27 24 14 9 5 24 7 41 8 16 11 45 12 30 14 37 16 37 20 20 24 34 14 2 44 3 32 4 11 5 47 7 48 9 48 11 36 12 28 13 19 16 43 18 10 20 44 22 33 23 22 4 6 30 13 47 15 24 20 25 6 2 25 3 31 13 30 17 40 18 48 21 13
8 6 2 18 3 10 8 23 12 42 16 23 18 27 4 7 18 11 10 16 19 18 41 11 1 38 8 33 9 39 12 41 14 19 15 25 18 32 19 16 21 31 22 34 24 39 7 1 15 9 40 13 11 14 34 17 22 20 13 23 48 6 1 11 3 18 4 15 10 38 13 29 14 43 7 1 30 10 16 12 21 16 50 20 23 21 10 24 24 6 3 30 6 30 10 10 11 25 21 22 24 47 11 1 10 5 14 6 28 10 17 11 44 12 31 13 45 17 41 20 14 22 30 23 38
4 3 19 15 21 17 24 23 4 8 13 17 44 19 18 20 39 10 4 21 5 28 7 36 8 47 11 35 13 49 15 30 21 41 22 33 24 23 3 2 13 10 27 17 17
3 13 1 25 2 32 4 16 7 44 10 31 13 21 16 41 18 44 19 40 20 33 21 13 22 27 23 22 12 4 13 6 12 7 20 9 19 10 12 11 49 14 34 15 32 16 22 17 46 18 24 22 46 10 5 45 6 39 8 50 10 29 12 40 14 38 17 32 19 32 23 34 24 37
4 13 1 33 3 16 4 15 5 33 10 43 11 40 13 48 14 17 15 36 16 18 18 40 22 30 23 20 13 1 35 4 41 5 18 6 36 8 22 9 19 10 35 11 15 12 49 17 46 18 40 21 10 23 15 14 2 11 3 24 4 26 5 12 7 14 8 45 9 31 11 33 12 20 13 46 14 40 15 47 19 33 22 29 8 2 25 12 38 15 34 17 23 18 10 22 45 23 30 24 16
7 3 16 43 20 10 21 26 6 4 33 9 33 10 12 11 15 19 39 21 14 5 8 45 12 50 15 31 18 48 20 39 4 2 38 6 37 7 22 23 35 10 2 41 4 39 7 27 8 21 9 47 14 32 15 10 20 36 21 37 22 44 13 1 16 4 32 5 32 6 23 9 38 13 27 14 10 15 12 17 50 18 38 20 35 22 33 24 45 6 4 26 7 47 10 17 14 19 21 12 22 46
3 11 2 15 3 32 6 35 9 43 10 14 11 49 14 16 16 28 17 21 18 29 20 24 11 4 13 10 24 12 38 13 50 14 21 15 20 17 14 18 44 21 18 22 10 23 25 5 6 14 7 29 16 19 21 44 22 38
5 10 1 39 2 24 3 46 5 46 7 31 10 33 11 42 13 32 17 27 23 15 5 2 16 3 36 4 42 14 41 22 34 14 3 46 6 43 7 43 8 44 9 28 10 38 14 49 16 49 17 31 18 27 19 25 22 48 23 19 24 17 11 1 35 5 42 6 26 7 43 9 10 10 30 11 27 14 25 15 32 17 15 21 31 3 4 22 23 20 24 40
4 13 3 25 4 32 5 41 6 44 8 27 9 21 12 28 16 44 18 39 19 16 20 32 21 16 24 37 14 1 35 2 22 3 34 4 19 6 36 8 30 9 30 10 30 11 46 16 18 18 24 22 47 23 42 24 16 6 2 28 10 30 11 43 14 40 17 44 20 46 12 2 29 3 37 5 42 8 46 10 43 11 29 12 14 13 29 16 41 18 28 22 38 24 21
6 9 2 13 4 20 5 50 6 48 7 40 15 38 18 44 19 50 23 30 9 2 43 4 20 5 18 6 44 10 50 11 41 14 49 15 47 23 11 14 1 42 3 35 4 39 6 32 7 23 10 37 15 21 16 17 17 11 18 43 19 42 22 39 23 11 24 32 9 2 29 3 41 4 34 7 18 15 25 16 47 19 30 21 47 23 29 12 2 29 4 23 7 29 9 41 11 50 17 35 18 36 19 20 20 44 21 45 22 40 23 15 7 4 15 5 37 13 44 14 36 18 28 21 22 22 12
8 3 5 24 9 23 12 22 9 4 36 8 50 11 21 12 50 15 47 16 12 20 41 22 39 24 22 3 3 37 6 45 12 47 13 5 26 7 10 8 26 9 29 11 22 13 18 14 23 15 41 18 49 19 20 20 26 22 33 23 39 7 1 16 5 28 9 26 13 43 19 16 21 33 24 14 14 1 12 2 27 3 50 5 36 8 21 9 27 12 50 14 25 15 49 17 21 19 47 20 41 21 42 23 41 13 4 25 5 24 6 35 7 16 9 30 10 37 11 39 14 24 15 48 16 39 19 45 22 41 24 45 9 1 35 2 15 4 20 5 43 11 18 18 48 20 32 23 30 24 32
6 4 4 47 5 47 13 13 23 36 10 4 41 8 38 10 41 12 11 13 48 15 25 18 45 19 20 20 13 23 18 3 4 45 15 19 24 32 6 9 41 12 49 18 40 19 44 20 22 24 37 3 6 34 11 10 17 11 13 1 16 2 34 3 33 4 10 6 31 8 29 9 16 10 35 13 17 16 35 17 42 22 29 24 15
8 3 7 45 8 44 16 12 4 2 35 9 27 10 45 16 21 5 1 23 5 38 6 41 11 43 15 12 4 4 47 15 35 17 30 19 42 14 1 48 3 12 5 30 7 47 8 36 10 17 12 44 14 12 16 43 17 50 18 47 19 24 22 38 23 10 14 5 15 8 38 9 13 10 36 11 41 14 30 15 31 17 23 18 43 19 23 20 29 21 39 23 49 24 45 6 1 29 2 10 11 13 14 21 18 48 21 41 14 2 29 3 37 5 25 6 27 7 32 13 13 14 22 15 43 17 26 19 21 20 31 21 39 22 47 23 37
7 8 1 44 4 40 6 41 8 33 13 38 15 36 18 48 24 21 4 2 12 9 49 11 36 14 27 14 2 42 4 40 7 24 9 10 12 17 13 23 14 42 15 35 17 12 18 25 20 41 21 48 23 26 24 27 6 5 48 13 37 14 38 16 21 17 20 23 49 9 1 34 9 19 11 29 13 15 14 21 17 14 18 22 22 29 24 13 7 9 15 10 29 12 11 16 43 21 25 23 37 24 44 7 5 17 6 14 7 35 15 26 18 47 19 25 21 30
6 3 3 26 6 39 9 37 6 2 19 3 36 10 43 18 20 19 44 23 12 8 1 17 5 27 9 44 11 17 14 13 19 13 20 50 22 26 6 6 23 7 16 11 42 16 49 18 34 22 43 12 3 45 6 10 7 42 10 14 11 14 12 26 15 19 16 31 17 17 18 33 21 23 22 19 7 5 35 6 48 9 18 10 37 12 49 15 45 21 41
4 3 1 29 3 11 17 28 11 1 15 2 22 3 33 6 35 7 33 8 22 10 35 11 39 16 31 19 44 21 18 13 1 15 2 39 5 44 7 20 8 31 11 15 12 21 13 37 15 48 17 30 20 15 21 24 23 32 14 2 15 7 22 9 20 10 28 11 17 13 16 14 49 16 28 17 46 19 27 21 48 22 21 23 17 24 38
4 8 1 14 5 50 10 16 11 37 19 44 21 28 22 14 24 36 5 2 34 7 16 12 42 14 37 23 15 4 3 38 17 48 19 28 21 19 4 1 37 4 29 12 27 19 12
6 5 3 40 9 34 13 49 20 43 23 35 4 2 27 4 10 11 42 23 10 7 3 24 6 21 7 14 9 50 12 16 15 26 20 22 5 1 18 7 45 10 27 11 14 16 26 4 1 40 7 44 12 22 22 13 3 4 40 8 47 12 15
4 3 7 14 14 45 17 21 7 4 11 7 32 8 37 10 14 13 16 14 38 21 18 6 2 16 3 33 9 41 13 26 18 46 20 26 4 3 15 14 36 15 33 19 28
7 3 3 31 13 29 15 26 12 1 17 3 40 5 32 6 21 7 28 8 12 13 39 19 13 20 14 21 50 23 45 24 19 10 1 38 2 47 6 17 9 20 12 19 14 33 19 11 21 29 23 27 24 35 3 9 18 10 47 11 37 5 2 31 12 41 17 38 18 42 22 21 9 1 17 4 24 5 49 6 31 12 46 16 48 17 13 19 13 21 29 11 1 30 5 14 6 41 7 21 10 24 11 12 12 25 13 11 15 17 22 44 24 12
3 6 4 17 14 49 15 49 17 28 18 35 24 36 7 4 44 7 11 13 14 14 15 16 28 20 43 22 17 7 1 43 4 18 6 41 8 33 13 36 16 11 20 42
7 6 3 40 6 41 8 35 16 18 19 43 20 21 8 2 36 4 26 9 31 15 15 20 22 21 10 22 29 23 40 13 1 23 4 12 6 25 8 38 10 33 11 23 14 33 16 32 17 18 18 30 20 31 21 38 22 32 3 8 49 13 19 20 34 14 1 24 2 42 4 25 5 14 9 14 11 15 12 12 16 47 17 17 18 30 19 41 20 17 22 12 24 23 3 1 42 2 13 4 40 9 1 18 2 12 4 44 5 45 9 17 11 47 17 11 21 40 23 38
8 9 1 47 2 15 6 42 12 34 17 18 18 21 19 24 21 18 24 47 14 2 32 10 26 11 11 13 32 14 41 15 18 16 22 17 40 18 29 20 45 21 32 22 23 23 14 24 21 3 1 22 17 22 22 26 11 2 25 3 38 7 49 8 28 11 48 16 43 17 17 20 13 21 35 23 25 24 29 5 6 27 7 43 17 36 22 10 24 45 12 1 40 2 27 3 22 4 47 5 17 7 42 9 24 12 40 14 11 15 35 19 39 23 18 8 3 10 9 12 10 16 11 21 18 47 20 44 21 16 22 32 13 1 34 2 20 5 43 6 17 9 45 10 21 12 38 16 34 17 19 19 28 21 24 22 29 24 11
7 7 4 14 8 20 10 40 12 42 14 46 18 31 21 35 10 2 16 4 37 5 10 8 11 9 23 11 29 12 38 18 26 19 36 20 28 12 1 42 2 26 4 44 6 11 8 22 10 21 11 15 12 36 19 18 21 17 22 33 24 46 10 1 46 4 14 5 11 6 49 7 46 9 48 11 20 19 40 21 27 22 43 10 1 29 2 34 4 35 9 40 12 23 13 15 14 43 15 44 17 17 23 48 4 5 18 6 10 14 26 24 32 5 5 27 7 29 9 17 10 49 12 12
8 11 2 12 8 37 9 48 10 11 11 16 12 35 13 17 14 29 15 25 17 43 21 11 9 1 13 3 33 4 29 9 21 15 24 16 10 17 23 21 38 24 27 14 2 16 4 29 6 43 8 41 11 28 12 19 15 40 16 11 17 50 18 34 19 31 20 30 23 16 24 13 13 3 46 5 24 7 24 8 15 10 35 11 34 12 14 13 41 16 29 18 14 19 27 22 49 23 49 5 3 16 5 19 10 23 14 50 15 25 9 2 48 3 16 4 48 6 23 14 50 15 25 17 31 19 14 22 35 11 3 42 5 24 9 13 13 28 14 24 15 17 16 39 17 43 19 37 21 19 24 10 9 3 41 4 37 6 39 7 25 13 17 18 38 22 50 23 47 24 22
4 14 2 50 5 46 6 11 7 16 8 27 9 45 10 28 11 32 12 21 16 17 18 37 20 37 21 16 24 18 14 1 14 2 23 3 15 5 37 6 29 7 21 13 20 14 12 16 36 18 49 19 14 21 41 22 16 24 17 3 2 26 7 10 14 41 12 4 16 5 45 7 38 8 33 11 11 14 28 15 23 17 32 18 40 19 17 20 29 23 10
3 4 1 38 4 23 8 12 16 27 4 10 18 14 48 20 48 23 18 7 1 26 4 17 10 21 13 18 16 27 22 45 23 37
4 7 1 15 5 40 8 28 9 24 11 20 19 13 20 28 10 3 17 7 40 9 33 10 13 11 12 12 32 14 36 15 44 19 47 23 36 9 1 49 5 25 7 41 10 46 13 34 16 27 18 33 21 35 24 29 4 3 42 5 47 6 47 8 38
5 3 18 42 20 39 23 10 6 3 17 7 49 10 34 16 49 17 31 24 49 7 2 25 3 35 5 14 7 16 8 29 15 40 23 49 14 2 15 5 11 9 41 10 10 11 11 12 16 15 22 16 17 17 21 19 35 20 13 21 40 22 22 24 28 7 3 31 4 34 5 43 8 37 19 42 21 24 24 45
4 8 1 10 3 37 12 22 14 36 18 10 20 38 21 39 24 40 6 6 16 10 50 18 29 20 35 22 41 23 11 7 2 26 9 44 10 32 12 39 18 40 21 50 23 45 5 7 15 8 34 11 18 13 27 24 11
8 10 2 42 6 42 8 31 9 48 12 39 13 24 16 45 21 36 22 42 23 23 7 6 14 9 20 12 33 15 19 17 41 20 39 23 11 3 8 12 18 12 20 15 14 2 39 4 46 5 50 6 29 7 47 11 28 13 19 14 28 18 18 19 20 20 30 21 44 22 42 23 38 5 1 44 5 37 9 13 11 44 14 28 12 1 28 4 44 5 24 6 16 9 22 11 21 13 15 14 36 18 12 20 42 22 20 23 38 8 1 35 3 49 4 25 7 12 12 39 14 41 18 42 23 49 3 12 11 15 17 24 18
4 13 1 13 3 44 9 30 10 17 13 28 15 12 16 38 17 11 18 15 19 33 20 50 22 12 24 21 11 1 19 3 20 8 39 9 21 12 45 15 48 19 48 20 44 21 40 23 25 24 32 13 2 18 4 10 5 20 7 40 9 24 10 21 15 22 16 48 18 19 19 25 20 47 21 29 22 35 13 1 13 3 44 7 16 8 35 9 29 10 38 12 42 13 34 17 11 18 27 19 33 22 32 23 23
4 8 1 47 6 30 7 44 8 15 9 39 19 30 21 48 22 40 7 1 45 8 43 12 41 17 50 20 40 22 22 24 17 7 2 29 4 48 5 41 6 28 9 25 10 11 20 38 10 2 23 4 43 8 30 9 47 10 11 12 13 15 45 18 36 19 14 21 15
3 14 1 41 3 49 5 43 6 33 7 13 9 20 10 14 11 17 14 13 17 48 18 12 20 46 21 46 24 25 12 1 47 2 29 5 23 7 36 9 23 10 18 11 30 13 18 17 45 18 10 20 49 24 27 13 3 40 5 13 6 41 7 34 8 40 10 40 15 50 16 29 18 20 20 37 22 42 23 26 24 43
4 10 1 19 3 27 4 16 8 29 9 12 10 23 15 14 17 24 18 29 23 33 6 17 47 18 10 19 27 20 50 23 38 24 50 6 8 27 14 39 15 37 16 39 21 21 22 39 6 2 26 3 12 4 48 12 30 15 20 18 30
99 110 91 131 45 44 119 90 155 104 65 129 72 56 149 68 42 123 91 70 107 38 92 112 115 122 81 138 55 52 93 112 96 55 84 108 49 65 83 123 58 46 50 120 44 89 70 116 155 112 104 134 119 54 75 100 61 131 37 127 148 119 152 66 39 56 69 69 156 66 50 56 53
2 2 2 3 3 3 1 2 3 1 3 3 2 3 3 1 3 3 2 3 3 3 2 2
# Instance ID: 78
# Size type: large
# Total operations: 398
# Actual flexibility: 0.348
# Generated: 2026-02-07 22:12:21
# Format: Extended Brandimarte format for MOFJSP