21 14
3 8 1 10 3 50 4 39 6 24 8 45 9 20 13 40 14 40 5 2 28 8 18 9 30 12 18 13 40 7 1 38 4 15 7 19 9 14 10 13 11 19 14 27
7 3 4 28 5 41 11 23 7 1 16 6 49 8 37 9 17 10 47 11 47 12 50 5 2 32 6 35 7 35 10 39 13 36 4 1 34 10 43 11 25 13 22 4 1 49 5 33 12 19 13 20 8 3 39 4 49 5 22 6 21 7 18 10 15 11 47 14 14 8 1 28 4 40 5 25 6 36 8 13 10 17 11 31 12 41
6 8 1 14 2 35 6 19 9 36 10 10 11 11 12 42 14 12 3 6 46 7 23 9 26 8 3 28 4 42 6 42 8 23 9 32 10 41 12 15 14 48 3 2 35 5 40 10 46 2 5 34 14 25 7 3 11 4 23 5 15 7 41 9 18 11 36 13 37
7 4 3 29 9 35 13 44 14 31 4 3 18 8 28 10 10 14 12 8 1 13 3 15 6 29 7 34 11 11 12 30 13 15 14 47 2 9 31 13 27 3 3 17 8 35 14 22 7 1 23 4 34 6 48 7 22 11 10 12 15 13 13 2 1 47 12 13
6 6 2 38 4 43 9 17 10 10 13 29 14 44 2 3 24 9 31 7 1 49 2 24 3 13 5 26 6 24 9 50 10 38 5 2 20 4 44 7 11 11 42 14 15 3 3 37 11 43 13 14 4 5 39 10 26 13 39 14 10
7 8 1 45 2 23 4 25 6 10 8 49 11 37 12 41 14 22 6 2 45 3 47 5 17 8 29 9 18 10 37 6 1 35 2 41 4 37 6 40 7 16 8 42 5 3 44 7 23 8 36 9 25 11 37 6 1 35 2 50 6 20 9 39 11 35 13 21 6 3 42 7 42 8 10 11 46 12 22 14 38 7 1 39 2 28 3 47 6 47 7 25 10 30 14 46
7 6 2 40 3 39 6 19 8 37 10 30 12 48 8 1 44 4 11 5 30 6 11 7 14 8 28 9 17 14 38 2 7 31 13 40 6 2 35 3 32 4 15 6 44 10 44 14 38 2 2 29 11 43 5 1 10 6 48 11 21 13 26 14 27 6 3 41 8 32 9 50 11 39 12 13 13 50
8 3 1 47 3 22 11 11 2 2 19 12 31 7 1 27 2 20 7 46 8 11 9 35 11 48 14 32 3 3 22 4 36 14 48 3 2 45 11 11 14 34 3 1 50 8 22 14 11 3 3 34 5 37 13 18 4 8 33 10 25 12 40 13 50
5 4 1 15 6 27 8 29 12 35 7 1 34 5 44 6 41 7 23 8 33 10 29 11 26 4 2 27 4 34 5 37 6 45 6 4 42 5 22 6 28 7 45 9 24 11 32 7 3 37 4 35 7 29 8 43 9 30 11 25 13 19
7 2 11 39 14 40 4 1 48 8 28 9 25 14 20 8 2 37 4 48 5 31 7 44 9 12 10 32 11 11 14 29 4 1 48 6 21 13 44 14 27 5 1 39 3 22 8 27 11 21 12 48 8 1 47 2 30 4 27 8 50 10 32 11 50 13 10 14 25 6 1 32 2 17 3 32 6 12 7 18 9 50
8 2 5 11 6 21 6 2 18 4 39 5 48 6 26 12 24 14 24 8 2 25 4 32 6 46 8 11 9 27 10 20 13 35 14 32 3 3 45 5 37 8 34 3 6 17 11 13 13 43 4 4 45 8 32 9 32 13 28 4 2 12 5 48 7 50 11 15 6 2 32 4 32 5 30 6 24 8 39 12 12
4 8 2 22 3 25 4 38 7 26 8 34 9 16 13 18 14 15 7 3 16 5 21 6 37 7 11 8 42 11 26 14 43 2 9 38 13 35 3 1 13 10 37 13 46
5 3 2 25 7 11 10 25 6 1 29 2 31 6 12 7 31 8 49 10 47 6 3 16 4 21 7 23 8 27 11 24 14 43 6 1 28 2 19 5 13 6 19 9 33 14 48 8 1 25 3 16 4 25 5 26 6 18 7 40 9 33 13 33
7 5 3 14 7 17 8 31 10 28 11 47 2 5 50 12 26 3 2 22 9 29 12 25 5 1 20 2 47 4 40 6 40 10 17 7 1 39 2 48 3 18 6 34 7 31 11 14 13 38 3 3 17 9 37 14 19 7 1 49 2 19 4 20 8 16 9 47 10 45 12 25
3 5 2 39 4 37 6 40 8 17 10 11 4 3 38 9 41 10 10 11 38 7 2 13 4 26 5 27 6 30 10 13 12 10 13 21
4 2 3 34 13 43 3 8 49 9 12 14 23 7 1 38 3 35 5 13 6 25 7 13 11 27 12 10 6 4 32 5 29 7 50 8 14 12 44 13 19
4 3 7 42 9 16 13 12 2 4 18 9 38 3 1 16 2 25 6 25 4 1 29 2 20 7 19 9 10
8 2 4 45 9 20 4 1 45 3 22 4 14 13 34 6 2 10 4 25 7 44 11 46 12 15 13 40 3 7 10 10 39 12 42 6 5 21 7 12 8 12 11 11 12 32 14 18 2 5 16 12 13 5 1 27 2 45 4 33 7 11 8 44 8 1 33 2 15 3 17 4 47 5 15 6 49 8 26 10 29
4 4 5 40 6 19 7 49 10 35 4 2 21 6 39 7 37 10 41 2 4 38 8 17 7 3 25 7 47 9 32 10 35 11 16 12 18 13 35
5 8 1 41 3 23 4 39 6 16 7 22 8 44 9 43 14 40 7 1 14 3 29 4 29 5 35 7 34 12 21 14 41 5 1 17 4 14 5 39 12 36 14 16 7 2 28 3 42 5 24 6 17 11 48 12 35 13 44 7 1 34 4 30 5 34 7 44 8 46 11 34 14 47
7 6 1 24 4 10 7 11 8 27 9 44 10 24 5 4 24 7 15 10 32 11 46 14 21 7 2 13 3 34 8 31 10 48 12 24 13 27 14 14 2 1 34 5 19 6 2 42 3 20 8 27 9 40 10 17 14 43 3 1 17 2 38 9 47 8 1 46 5 40 6 28 7 47 8 49 11 38 13 49 14 48
36 128 88 92 111 94 126 123 82 120 112 50 74 125 37 58 75 119 57 64 97
1 1 3 1 1 1 3 3 3 2 3 2 2 1
# Instance ID: 45
# Size type: medium
# Total operations: 122
# Actual flexibility: 0.355
# Generated: 2026-02-07 22:12:21
# Format: Extended Brandimarte format for MOFJSP