11 5
5 2 2 18 3 29 1 5 37 2 1 45 5 14 1 5 16 3 1 39 4 46 5 26
8 2 1 42 3 11 1 4 21 1 4 12 1 4 29 2 4 38 5 49 2 2 23 3 21 1 5 26 3 1 11 3 10 4 35
7 1 1 20 3 3 35 4 48 5 41 2 3 35 5 29 1 2 18 1 2 17 1 2 11 1 4 19
5 3 2 44 3 22 4 15 2 2 40 4 37 1 1 20 1 4 41 2 1 47 4 25
6 1 3 46 2 1 10 3 16 3 2 47 4 48 5 45 2 1 35 4 41 3 1 13 4 43 5 11 2 3 45 5 14
6 2 4 17 5 41 3 3 37 4 11 5 20 2 2 32 4 38 1 5 24 3 1 28 3 34 4 36 3 1 49 3 23 4 28
5 3 1 21 4 22 5 20 3 1 41 2 29 4 25 1 5 13 1 3 26 2 2 42 5 12
6 1 3 37 1 5 24 1 5 24 2 3 32 5 12 3 2 42 3 48 5 16 3 1 17 2 16 4 49
5 3 1 16 3 20 5 50 1 2 33 1 3 38 3 1 33 4 31 5 18 1 2 38
4 2 1 40 2 31 2 2 15 5 27 2 3 50 4 25 1 5 36
5 1 2 37 2 4 43 5 33 1 4 19 1 5 14 1 3 30
80 158 121 85 106 116 81 103 63 62 63
2 3 2 2 1
# Instance ID: 16
# Size type: small
# Total operations: 62
# Actual flexibility: 0.358
# Generated: 2026-02-07 22:12:21
# Format: Extended Brandimarte format for MOFJSP