20 6
5 3 4 32 5 35 6 22 2 1 44 6 31 2 2 43 6 44 2 1 42 2 45 2 3 50 5 20
6 1 1 44 3 2 37 3 42 6 17 3 1 50 3 42 5 32 1 1 17 2 3 10 5 39 2 2 46 5 50
6 3 2 32 5 29 6 28 3 2 34 5 43 6 25 1 3 43 3 2 16 3 19 4 37 2 1 13 6 37 1 4 23
3 2 1 43 3 35 3 4 26 5 47 6 41 3 4 36 5 20 6 19
3 3 2 18 4 42 5 43 1 6 23 2 1 20 4 45
4 2 1 36 5 17 1 3 46 2 1 19 5 17 2 3 29 6 28
3 2 1 19 2 47 2 1 28 3 23 1 6 41
5 1 1 45 2 1 36 6 40 3 3 31 4 34 5 40 3 2 42 5 50 6 39 2 4 19 6 30
6 1 5 49 2 2 35 4 31 3 1 15 3 20 4 11 3 1 45 3 15 6 22 3 1 46 5 43 6 22 2 1 17 5 44
3 1 1 27 1 2 47 2 1 48 5 30
3 2 1 41 5 11 2 2 36 4 11 3 3 15 4 17 6 16
4 3 2 21 3 26 6 15 1 3 36 3 1 21 2 11 3 13 2 1 30 4 19
8 2 3 34 6 17 1 2 25 3 2 42 4 42 5 34 1 3 13 2 4 36 5 14 2 1 50 4 24 1 3 45 3 1 45 2 18 6 29
4 3 1 50 4 42 6 23 1 3 44 1 2 44 2 4 12 5 10
5 2 3 20 5 10 1 4 27 3 3 50 4 23 6 47 3 1 44 2 46 3 14 2 1 17 4 18
6 3 3 23 4 49 5 42 2 3 50 6 26 3 2 30 3 31 4 23 2 3 11 5 18 3 1 10 4 10 5 21 2 4 35 5 44
4 1 6 14 3 1 32 4 34 6 48 2 2 10 4 17 2 2 38 3 10
3 1 6 11 2 3 22 6 15 3 2 24 3 41 6 33
6 1 3 41 3 2 10 5 22 6 50 2 1 46 3 42 2 2 22 5 46 3 2 14 5 47 6 18 3 1 46 2 24 3 43
6 3 1 44 2 49 3 26 3 1 37 4 13 5 30 2 3 17 4 43 2 3 43 4 12 3 1 36 2 44 3 38 2 1 22 4 31
96 74 102 53 51 64 43 76 104 49 43 71 154 48 71 97 77 52 93 81
1 2 1 3 3 2
# Instance ID: 17
# Size type: small
# Total operations: 93
# Actual flexibility: 0.355
# Generated: 2026-02-07 22:12:21
# Format: Extended Brandimarte format for MOFJSP