15 5
7 3 1 10 2 49 5 22 3 1 44 3 32 4 25 3 1 38 3 20 5 43 1 2 14 2 2 13 3 37 2 2 33 4 17 2 1 28 2 29
6 2 3 23 5 10 3 1 29 4 42 5 12 2 4 13 5 32 1 5 39 2 3 16 5 10 2 2 32 4 10
5 1 4 41 1 1 43 3 1 41 2 10 4 19 3 2 35 3 33 4 29 2 2 44 4 27
3 1 4 38 1 2 32 3 1 22 2 17 4 22
3 2 1 35 2 36 3 1 22 3 40 4 27 1 4 41
6 3 2 35 4 42 5 34 1 1 16 1 2 19 2 1 25 5 13 3 3 10 4 37 5 40 2 3 15 4 37
5 1 5 19 3 1 27 2 17 5 26 3 1 40 2 16 4 42 3 2 50 3 50 5 19 1 1 18
5 2 1 22 3 19 2 1 15 2 13 2 3 50 4 24 1 3 37 2 1 13 4 29
8 1 3 33 2 3 25 4 30 1 2 12 1 1 30 1 3 40 2 1 37 5 21 2 3 31 4 29 1 1 10
8 3 2 33 4 33 5 47 3 1 27 3 23 5 47 2 1 18 5 50 3 1 47 4 22 5 22 3 1 44 4 49 5 31 2 2 44 4 19 1 2 22 2 3 45 5 32
8 2 1 37 4 14 2 1 20 4 48 2 2 12 3 46 1 2 35 2 1 20 5 38 3 2 48 4 27 5 23 1 1 20 3 1 39 2 42 3 43
8 2 2 28 3 27 3 1 12 2 44 5 25 2 1 27 2 18 2 1 23 2 44 1 1 32 3 2 15 3 45 5 26 3 2 28 3 30 4 13 3 1 27 3 21 5 26
8 1 5 47 1 4 26 3 2 24 4 30 5 27 1 5 50 2 2 24 4 37 2 2 15 4 41 1 4 21 1 2 46
8 2 2 11 3 29 1 2 35 3 1 19 2 14 5 37 1 4 35 1 5 18 3 1 34 2 11 5 17 1 1 18 1 1 27
7 1 5 10 1 1 44 3 1 18 3 40 4 46 2 2 31 3 40 1 2 13 3 1 12 3 16 4 44 2 1 19 4 10
119 75 69 38 49 76 71 97 147 96 156 139 155 104 111
3 1 2 1 2
# Instance ID: 21
# Size type: small
# Total operations: 95
# Actual flexibility: 0.387
# Generated: 2026-02-07 22:12:21
# Format: Extended Brandimarte format for MOFJSP