24 17
5 9 2 24 4 35 6 45 8 34 10 12 11 49 12 25 13 14 17 36 2 12 11 17 15 2 12 45 17 22 3 3 23 4 21 6 12 4 1 49 10 22 13 25 15 23
5 8 1 44 3 45 4 50 8 38 10 43 11 20 14 14 16 45 10 2 25 5 27 7 18 8 10 9 44 10 24 11 29 13 42 14 15 17 21 6 5 19 6 36 7 29 8 27 13 11 14 26 9 4 48 6 30 7 43 8 15 10 45 12 40 13 38 14 29 17 27 4 8 15 9 29 10 26 13 34
5 5 2 31 6 37 8 35 11 29 13 19 5 1 47 3 10 7 45 9 46 11 34 6 7 14 9 17 11 44 13 21 16 18 17 46 4 5 45 7 41 8 18 16 21 2 8 23 15 24
5 9 2 41 4 29 7 43 9 30 11 41 12 42 15 25 16 13 17 26 7 6 35 8 33 11 39 13 42 15 34 16 45 17 10 2 11 14 12 18 8 4 36 5 24 10 20 11 39 13 12 14 33 15 36 16 16 6 4 21 5 12 12 13 13 28 14 19 17 15
3 10 1 30 2 15 3 50 4 46 5 15 6 46 8 43 12 32 14 11 15 31 8 1 44 4 15 6 50 9 26 12 22 13 21 15 21 16 46 10 1 18 3 23 4 23 5 45 7 16 8 10 10 35 12 12 14 42 16 49
5 3 1 33 2 19 16 18 3 6 39 9 28 17 47 8 1 32 3 49 6 49 8 37 12 16 13 17 14 28 16 23 7 1 40 5 33 7 17 8 24 11 12 15 37 17 14 2 5 16 17 35
8 10 2 19 4 12 5 28 6 25 8 15 10 49 12 18 13 38 14 28 15 25 3 6 36 7 32 14 35 2 6 22 8 35 3 6 42 12 11 14 36 4 6 31 9 19 15 36 16 39 4 2 40 7 13 8 19 11 39 7 1 45 4 41 6 12 7 37 11 47 12 10 16 30 9 2 48 3 22 7 21 8 25 9 33 12 22 14 46 16 24 17 24
6 2 9 43 12 28 7 1 28 3 22 6 19 8 16 10 43 14 24 16 12 4 6 26 7 36 9 43 11 31 7 1 14 2 30 3 29 4 44 5 42 12 12 16 30 3 2 28 4 35 8 33 5 4 10 8 30 13 40 14 33 15 29
6 5 1 28 2 17 9 35 10 26 15 24 9 1 38 2 13 3 17 5 21 8 31 11 49 15 20 16 45 17 24 5 3 33 8 34 9 43 11 16 16 39 8 1 46 2 25 4 11 6 14 8 13 10 32 12 33 15 47 3 4 14 7 41 13 47 5 1 43 8 48 10 26 11 29 13 12
3 8 3 22 6 33 10 39 12 11 13 41 14 34 15 33 16 10 6 1 30 6 37 8 19 9 21 13 38 14 17 4 1 50 3 34 13 14 14 17
5 10 1 47 2 27 4 46 7 10 10 45 12 14 13 39 14 13 16 13 17 22 4 3 43 11 11 13 32 16 43 9 1 18 2 34 5 42 8 18 13 16 14 16 15 46 16 31 17 37 8 1 48 4 33 6 34 8 46 10 17 11 47 14 20 16 19 2 4 23 12 33
5 8 5 21 8 32 9 12 10 13 11 41 12 32 13 16 15 37 9 2 18 4 17 6 41 8 41 9 26 11 42 14 38 15 28 17 41 9 6 29 8 23 9 44 10 25 11 33 12 34 14 48 15 47 16 47 9 1 13 2 34 3 26 4 37 6 50 10 46 13 17 16 19 17 34 9 3 25 4 12 6 23 7 50 10 14 11 25 13 45 15 40 17 45
5 5 2 18 7 42 9 40 11 33 16 24 5 3 20 7 13 11 18 12 48 17 27 10 2 47 3 47 7 22 8 28 9 33 11 17 13 38 14 24 16 46 17 20 4 2 39 5 42 8 37 16 31 2 8 38 9 33
7 2 11 40 17 41 9 2 29 3 30 4 23 5 32 11 25 14 42 15 14 16 14 17 31 9 1 42 2 12 3 22 5 34 8 47 10 33 12 38 13 32 14 36 4 4 16 7 36 9 44 10 34 9 1 27 4 16 5 13 6 14 7 11 10 29 11 19 16 41 17 47 9 1 43 2 14 3 42 5 44 6 50 7 49 9 36 10 49 11 49 3 5 50 7 47 13 25
4 7 4 14 5 16 9 15 11 30 14 41 15 12 16 22 6 1 36 2 28 7 20 11 34 12 21 15 29 7 1 24 2 31 3 26 7 34 10 49 11 20 14 19 5 1 38 2 25 8 28 10 24 14 27
7 8 2 13 5 13 6 36 8 13 10 25 13 46 15 43 17 14 2 12 16 15 35 5 2 15 5 21 11 10 16 20 17 20 6 2 42 4 12 6 48 7 31 14 37 16 26 3 5 17 11 22 17 23 5 6 10 12 18 13 43 14 31 16 48 3 11 30 12 45 14 17
4 9 1 21 3 29 4 47 6 21 8 20 9 15 10 47 12 17 16 16 6 2 28 5 10 6 15 9 23 14 42 16 33 8 3 10 4 17 5 20 6 11 7 16 13 38 14 29 17 12 4 2 37 5 49 10 42 12 42
5 10 2 21 3 48 5 17 6 25 8 34 9 39 10 30 12 48 13 16 17 36 6 3 17 4 45 6 11 9 16 15 16 16 22 2 11 18 17 23 3 12 44 13 20 14 25 6 1 18 6 19 9 26 12 35 14 21 15 35
5 9 1 20 3 25 4 44 5 37 6 38 8 12 13 38 14 40 17 34 2 5 49 10 22 10 1 18 5 14 7 12 8 38 9 31 10 21 12 28 13 13 14 11 16 25 5 1 48 2 41 12 19 14 28 17 39 4 3 32 7 28 9 14 12 37
7 10 4 21 6 24 7 45 8 16 9 45 10 20 12 42 14 46 16 22 17 34 5 6 43 7 11 9 40 11 12 15 27 4 8 24 12 15 15 43 17 49 7 2 47 3 47 7 21 8 15 11 22 12 30 14 25 6 1 10 2 41 6 40 8 33 11 10 15 45 10 4 34 6 42 7 36 8 36 10 18 11 14 13 25 14 44 16 10 17 30 7 3 20 5 20 6 33 9 47 12 31 14 31 16 16
7 5 2 14 6 32 7 28 10 16 12 47 8 1 36 2 41 7 29 10 31 12 16 14 24 15 37 16 24 8 1 41 2 25 5 41 6 19 12 19 14 25 16 26 17 18 8 1 23 3 50 4 44 11 17 12 18 14 43 15 15 16 38 3 6 29 8 38 17 30 4 3 38 4 30 15 47 16 37 5 2 48 5 23 7 25 15 16 16 11
4 10 1 11 3 25 4 44 5 16 6 42 7 11 10 25 13 36 16 29 17 45 7 1 19 2 29 3 14 9 26 15 11 16 44 17 15 9 2 44 5 38 7 50 8 22 9 21 13 14 15 28 16 46 17 48 9 1 26 3 23 4 23 5 29 7 29 8 18 11 16 12 12 17 36
6 7 1 14 2 10 3 50 5 28 7 17 13 22 14 17 5 6 46 8 29 11 18 12 13 16 40 4 5 37 6 39 8 18 10 15 9 3 41 9 45 10 39 11 41 12 37 13 40 14 38 15 33 17 14 5 2 18 8 23 11 48 16 44 17 15 10 1 24 3 12 5 27 8 33 9 17 11 47 13 26 15 30 16 31 17 42
4 8 3 17 4 44 5 45 8 11 11 41 12 47 13 35 17 29 2 4 32 8 41 7 2 50 4 30 9 25 10 35 11 18 15 12 17 33 6 3 38 4 15 7 46 10 30 13 26 17 11
99 98 86 68 55 97 126 118 108 45 62 92 84 126 57 128 66 61 76 124 100 50 76 77
3 1 1 2 2 1 1 2 2 3 1 2 1 1 3 2 2
# Instance ID: 50
# Size type: medium
# Total operations: 126
# Actual flexibility: 0.356
# Generated: 2026-02-07 22:12:21
# Format: Extended Brandimarte format for MOFJSP