12 6
4 3 1 36 5 38 6 34 1 5 26 2 2 23 6 50 1 3 36
8 3 1 49 3 48 5 18 2 1 49 5 17 2 1 41 6 22 3 2 32 3 36 6 28 1 1 45 2 2 31 4 25 1 1 15 1 5 41
5 1 1 42 1 6 16 2 2 39 6 28 2 1 16 4 21 1 3 33
3 3 1 16 3 12 4 10 1 6 20 2 3 49 4 27
4 3 1 21 3 17 5 35 2 3 34 4 40 2 2 17 6 18 3 1 16 2 36 6 47
4 2 4 21 5 49 2 3 11 5 18 2 1 36 4 38 1 1 26
6 3 1 31 2 43 3 43 3 1 37 5 25 6 40 2 4 19 6 45 3 1 42 2 40 6 41 1 1 41 2 2 27 3 13
7 3 2 35 4 25 5 15 2 4 38 5 15 2 3 17 4 41 3 1 35 5 36 6 12 3 1 48 5 49 6 50 2 5 23 6 39 2 1 24 3 39
5 2 5 48 6 40 3 3 17 4 16 6 24 1 3 32 3 3 16 5 12 6 20 2 2 16 4 26
3 3 1 35 2 23 6 39 1 6 31 1 4 12
6 3 1 38 5 39 6 47 3 1 43 2 13 4 45 2 4 42 5 21 3 2 16 5 34 6 48 3 3 36 4 48 5 25 2 3 28 4 38
7 1 2 36 3 3 45 5 30 6 45 3 2 49 5 28 6 32 3 2 17 3 32 6 45 2 5 36 6 44 2 1 43 4 16 1 4 19
71 133 66 44 68 49 114 98 81 37 119 121
1 1 1 3 3 3
# Instance ID: 8
# Size type: small
# Total operations: 62
# Actual flexibility: 0.349
# Generated: 2026-02-07 22:12:21
# Format: Extended Brandimarte format for MOFJSP