39 20
8 4 5 10 6 47 11 27 14 49 3 8 29 13 17 16 32 6 1 13 4 17 12 17 15 31 18 26 19 39 10 3 40 5 18 8 21 9 32 10 33 11 39 12 42 14 31 18 35 20 26 4 8 29 9 16 11 35 16 44 8 3 44 4 33 5 33 7 32 11 45 12 11 14 47 15 32 10 1 43 3 26 4 50 7 50 10 17 11 22 12 36 14 20 16 25 20 23 7 1 35 2 47 5 38 10 50 15 16 19 26 20 41
6 12 1 41 4 28 6 33 8 35 9 12 10 17 12 39 14 11 16 22 17 48 18 34 20 16 3 3 49 12 11 15 12 4 2 46 13 27 15 46 20 12 10 2 17 3 33 6 47 7 25 11 45 14 47 16 37 17 38 18 35 20 25 8 7 32 8 43 11 48 12 36 13 12 14 41 15 13 16 39 5 5 15 7 23 9 24 18 32 19 16
3 6 1 48 3 39 7 29 9 20 19 41 20 50 7 6 46 8 36 13 38 14 14 16 27 19 43 20 11 6 1 50 2 37 8 33 12 45 13 19 15 34
7 3 6 21 11 36 17 25 10 2 18 3 22 5 20 7 14 9 26 10 50 13 20 16 30 18 20 19 34 4 4 31 5 49 16 29 19 35 8 3 33 4 30 9 27 12 28 13 14 15 17 16 43 19 16 11 1 13 3 23 4 45 6 44 7 16 9 47 11 23 13 38 15 37 19 42 20 29 4 3 26 9 34 16 18 18 20 3 3 25 9 22 17 25
7 8 2 23 3 34 4 10 6 22 8 10 9 42 18 40 20 35 7 1 40 2 37 11 16 14 44 15 25 16 39 20 34 5 1 40 12 14 14 50 16 36 20 21 4 2 44 5 43 10 43 16 35 11 1 34 2 29 3 31 4 35 10 26 13 49 14 37 16 39 17 29 18 16 19 47 12 1 46 2 41 3 10 5 24 7 29 8 18 10 31 11 17 13 48 15 38 17 13 19 17 11 3 10 4 39 7 27 8 21 9 17 10 31 12 25 15 14 16 48 18 25 20 50
8 9 1 46 2 11 3 45 5 42 6 39 7 33 11 27 13 42 15 10 5 7 42 8 29 12 22 19 49 20 50 4 1 25 12 30 14 15 15 40 7 1 20 2 15 7 29 9 13 11 15 12 19 13 44 6 3 47 7 10 10 24 11 31 12 48 16 39 4 3 11 16 22 19 12 20 32 9 2 10 3 31 5 15 7 35 10 26 12 44 15 24 16 50 17 50 11 2 35 5 39 7 39 8 37 9 13 11 10 14 34 15 27 17 24 18 29 19 30
5 12 1 38 3 31 4 41 5 26 7 31 8 17 10 10 14 29 15 44 16 27 18 44 19 12 12 1 13 3 39 4 48 5 47 6 33 7 47 8 29 10 40 15 36 16 17 18 16 19 16 3 16 35 19 29 20 38 8 3 39 9 19 10 20 11 34 12 46 14 23 15 28 20 42 8 1 32 7 36 9 10 11 37 16 34 18 47 19 48 20 21
7 9 1 49 3 38 5 38 7 39 8 38 9 48 13 33 14 39 17 12 6 4 41 5 39 13 47 14 21 19 38 20 14 4 2 17 8 18 12 45 15 48 9 2 22 3 25 4 13 5 19 6 23 14 49 17 47 19 24 20 26 7 1 24 5 10 10 35 13 49 18 32 19 18 20 22 8 2 18 5 42 10 31 11 25 13 40 15 13 16 12 18 34 7 8 31 9 25 10 16 11 17 17 47 18 50 20 43
7 3 6 32 9 29 12 19 11 1 40 3 45 5 37 6 45 8 43 11 50 12 38 13 44 14 35 15 11 20 21 3 5 20 8 17 19 25 4 2 45 3 35 11 36 16 23 12 2 29 3 46 4 33 5 36 8 21 9 46 15 17 16 40 17 46 18 35 19 29 20 29 4 1 21 7 44 8 45 14 42 3 1 30 16 15 19 12
7 5 3 19 10 11 11 19 16 20 17 10 4 10 27 12 14 16 35 19 27 11 1 16 2 32 3 20 5 35 6 46 7 38 8 26 9 27 15 20 16 13 18 24 9 2 22 4 10 9 46 10 33 11 42 12 41 13 19 16 25 18 45 6 1 15 2 26 13 31 14 38 18 48 20 19 6 3 44 5 31 9 42 12 16 13 49 16 50 10 1 18 2 11 4 49 7 18 8 32 10 14 12 46 13 18 15 12 19 17
7 11 1 27 3 46 4 22 5 40 8 47 10 31 12 42 16 20 18 47 19 16 20 31 11 3 15 4 28 8 48 10 20 11 11 12 39 13 31 14 39 16 29 18 17 19 29 5 8 20 10 34 14 18 15 32 18 48 4 3 21 8 29 17 46 18 40 10 4 50 5 29 6 22 8 50 13 31 14 29 15 49 16 39 18 43 19 41 5 4 31 12 35 13 29 16 24 20 43 3 2 24 6 27 19 44
4 3 5 40 10 47 20 36 3 1 10 2 48 10 14 9 3 34 5 18 7 18 8 33 12 26 14 48 15 19 16 12 19 24 9 1 16 2 31 3 19 8 39 9 25 11 16 14 17 15 39 20 21
4 5 3 31 9 36 10 46 13 10 16 10 4 5 23 8 31 9 49 17 43 7 6 30 8 49 10 36 13 36 14 40 15 40 18 15 8 1 29 3 39 6 25 8 35 12 30 13 10 14 12 18 22
5 5 1 37 2 29 17 39 19 36 20 14 7 4 30 5 30 10 26 14 13 15 28 16 21 17 25 4 2 37 5 38 13 33 16 27 12 1 32 3 21 4 42 5 40 6 45 7 24 8 31 10 39 13 22 15 25 18 42 20 16 6 1 25 6 50 8 23 9 13 16 21 20 24
3 9 1 50 4 46 5 44 6 33 8 22 10 39 13 20 17 13 20 25 6 1 18 2 25 3 18 11 30 12 16 13 11 10 1 13 3 27 5 19 10 19 11 29 12 31 13 35 16 29 17 14 19 15
7 12 1 14 3 47 4 15 6 25 8 32 9 11 12 32 16 24 17 29 18 49 19 26 20 14 12 2 42 3 50 4 18 6 27 7 36 8 25 11 11 12 37 16 17 18 36 19 18 20 14 11 1 14 5 30 7 12 8 28 11 19 12 13 13 30 14 48 15 45 18 34 19 42 8 3 37 4 11 10 42 11 12 14 47 15 12 18 16 19 12 4 2 23 4 48 10 19 14 41 11 1 34 2 25 4 45 5 43 7 17 11 36 13 42 16 40 17 44 18 32 20 15 11 2 44 6 20 7 34 9 40 10 21 11 43 12 12 13 10 14 40 18 19 20 41
8 5 1 19 4 50 10 22 15 39 18 23 8 1 11 8 44 10 24 12 13 14 35 15 48 17 38 20 43 12 4 15 5 26 6 34 7 40 8 26 9 46 10 12 12 37 16 34 17 43 19 42 20 36 10 2 32 3 37 5 12 7 32 11 48 12 33 14 35 15 23 16 29 18 25 4 2 47 7 19 15 11 17 12 5 11 23 12 25 14 40 17 40 20 40 6 1 45 4 40 7 16 12 47 13 20 16 36 4 10 19 12 10 16 16 18 19
3 7 1 13 2 31 5 28 6 47 10 12 11 42 12 12 12 3 29 4 34 7 16 8 35 9 23 11 10 12 22 13 28 14 25 16 43 18 24 19 13 3 1 28 3 24 19 30
8 5 1 27 8 16 10 38 16 46 20 46 9 5 22 8 32 9 16 10 43 11 48 12 34 13 20 14 19 19 31 5 1 20 2 18 11 25 13 12 15 18 6 2 16 8 21 10 33 12 15 13 33 15 43 12 1 35 2 37 4 12 6 44 7 17 9 21 13 23 14 47 16 18 17 41 19 43 20 45 7 2 30 7 18 9 40 13 35 16 49 18 30 19 45 7 1 26 3 45 5 19 10 26 13 44 18 44 20 35 6 2 29 3 33 8 12 15 24 18 14 19 17
3 11 2 46 4 36 5 10 10 34 13 15 15 11 16 26 17 39 18 15 19 42 20 46 4 4 34 5 48 11 19 19 29 10 1 27 2 15 4 22 5 14 7 43 10 16 14 17 15 45 18 50 19 16
5 7 1 17 3 38 6 47 8 10 11 29 16 29 19 38 3 12 10 14 46 17 27 3 4 28 13 42 15 39 11 1 30 3 40 4 18 5 19 6 39 7 30 13 40 14 48 15 27 17 13 20 39 7 1 50 5 47 7 49 8 43 9 38 10 10 15 48
7 6 2 21 4 50 8 35 10 29 13 14 20 10 9 1 45 2 12 4 32 6 41 8 35 12 25 14 15 15 12 18 15 3 11 28 13 36 18 16 5 2 28 8 11 11 13 13 27 18 38 7 10 50 11 47 13 43 15 47 16 27 17 42 19 26 11 1 10 2 14 3 38 8 41 11 24 13 40 15 30 16 46 17 29 18 48 19 22 6 2 14 4 38 15 16 17 46 18 37 19 13
7 3 1 15 6 27 9 28 7 3 24 4 24 5 43 11 29 12 46 14 36 15 31 8 1 24 4 33 6 25 8 10 12 13 14 29 16 49 18 47 12 2 25 6 16 7 39 8 23 10 46 11 29 12 37 13 19 15 27 16 42 17 41 19 19 6 11 25 12 49 13 19 16 40 17 34 18 45 10 2 48 3 34 4 38 8 12 9 37 10 10 13 33 17 33 19 45 20 16 10 2 31 3 11 4 35 5 47 7 45 8 49 11 22 12 33 15 26 18 35
6 7 1 50 2 30 5 33 7 41 13 10 15 24 18 48 6 4 47 5 19 7 33 9 30 13 18 16 48 3 1 34 6 13 11 10 3 2 15 3 30 4 37 4 3 45 7 26 14 26 15 49 11 1 22 3 43 5 29 8 34 9 46 11 49 12 13 13 45 16 35 18 40 20 18
8 6 2 17 3 41 7 39 9 50 16 25 17 50 9 2 45 3 18 5 18 9 11 11 36 12 23 13 15 14 43 17 35 7 1 19 3 22 4 36 8 26 13 17 14 50 16 37 12 2 37 7 27 8 10 10 25 11 19 13 24 14 46 15 14 16 46 17 24 18 21 20 31 5 4 21 5 34 13 48 15 25 18 39 12 3 43 5 27 6 25 7 50 9 37 10 44 11 37 13 42 16 17 17 17 18 14 19 29 6 1 43 2 11 8 30 9 45 10 41 14 40 4 2 50 11 34 12 20 20 40
3 11 1 25 2 39 3 20 4 17 5 36 6 21 7 35 12 35 15 11 16 23 17 19 6 1 49 3 30 10 32 11 49 17 47 19 46 10 6 14 7 46 8 19 10 26 12 38 14 27 15 15 16 14 19 14 20 40
3 6 1 32 3 35 7 39 13 37 14 16 15 16 5 6 23 7 11 10 10 12 44 18 12 8 2 26 3 50 5 45 8 18 10 42 11 39 13 24 17 20
4 4 2 22 16 15 17 20 18 50 10 1 10 3 14 8 49 10 38 12 11 14 45 15 28 18 18 19 44 20 40 7 3 50 4 35 6 30 13 14 14 20 16 49 19 30 8 1 42 2 17 3 49 11 29 12 44 15 26 17 18 18 18
6 9 1 18 2 25 3 30 6 12 7 19 8 43 16 24 17 10 19 22 7 4 46 5 17 7 37 9 46 11 19 13 45 15 11 12 4 40 7 29 8 10 9 25 10 23 12 10 13 26 14 33 15 27 18 26 19 14 20 11 9 1 28 4 28 9 31 11 45 13 11 14 16 15 31 16 16 17 41 9 1 17 2 32 3 10 5 30 6 11 10 49 14 36 19 49 20 46 9 3 25 4 20 6 18 7 45 11 13 12 30 14 42 16 45 20 22
4 10 1 41 5 35 8 21 9 31 10 22 12 48 13 33 15 12 17 16 20 15 4 6 42 11 37 18 21 20 39 10 1 44 2 47 4 11 5 25 6 11 8 26 13 32 18 44 19 42 20 10 12 3 33 4 31 5 28 10 33 12 48 13 21 14 12 16 30 17 32 18 46 19 36 20 38
4 8 3 45 4 24 7 11 8 29 10 31 13 39 15 36 16 19 10 1 46 3 39 4 12 6 16 9 32 10 20 11 21 13 17 14 23 20 22 9 1 14 2 18 5 42 7 50 8 46 11 43 13 47 16 49 17 24 3 9 16 13 17 16 25
4 12 1 43 4 41 5 44 6 43 7 32 10 19 11 42 12 33 15 45 16 49 19 42 20 35 11 1 10 4 40 7 25 8 41 9 47 10 28 12 49 14 47 15 49 18 29 20 27 8 1 35 4 47 8 20 9 37 10 18 14 34 15 50 19 31 7 4 11 7 26 8 25 10 31 12 47 15 42 17 23
8 12 2 31 4 36 6 45 8 14 9 34 11 40 12 43 14 29 15 23 16 29 17 12 20 41 6 2 16 4 50 7 22 15 30 17 11 19 50 3 16 23 17 34 18 47 5 5 28 7 10 11 25 17 22 19 36 12 2 22 3 20 4 39 5 25 6 30 7 31 11 17 12 28 14 49 16 38 19 19 20 26 12 2 12 5 47 6 25 7 32 8 30 14 33 15 32 16 38 17 12 18 19 19 12 20 12 9 3 46 4 27 5 40 6 35 7 17 9 20 14 16 16 45 19 46 6 1 36 3 30 5 11 14 38 16 35 20 16
8 5 1 33 5 34 6 28 8 28 18 36 11 1 13 6 18 8 36 9 23 10 31 12 37 13 10 14 41 15 41 16 41 20 44 12 1 36 4 12 5 11 7 43 8 21 10 25 12 35 14 46 16 34 17 19 19 37 20 46 3 5 13 6 46 20 38 8 1 37 4 39 10 11 11 14 13 31 15 16 18 21 19 12 3 7 26 19 29 20 49 3 14 20 15 17 16 34 5 3 47 7 50 8 14 17 48 18 20
5 12 1 12 2 13 3 45 4 18 5 19 7 42 8 24 11 39 13 38 16 27 17 21 18 39 3 10 30 11 41 18 44 11 2 11 3 15 4 20 5 36 6 46 7 45 9 13 11 28 13 26 15 36 18 36 8 1 46 5 36 7 11 8 37 9 26 11 38 17 19 19 50 7 6 39 7 26 8 40 9 41 11 45 12 44 15 26
5 3 1 36 9 30 15 40 10 2 39 3 19 5 44 9 29 10 19 13 35 14 43 15 13 18 48 20 18 11 1 41 2 14 3 43 4 37 5 12 6 31 8 34 9 35 13 44 17 42 19 10 6 3 46 10 33 13 50 14 14 16 19 19 39 12 3 15 4 35 5 11 6 15 7 46 9 48 11 15 12 49 16 45 17 26 18 45 20 11
4 11 1 41 4 16 7 33 9 20 11 12 12 40 13 39 15 16 16 13 19 40 20 28 3 8 37 10 45 19 47 8 2 13 5 30 7 14 10 15 11 12 13 46 15 10 20 13 10 1 19 2 32 3 28 4 46 6 40 12 20 13 50 16 24 17 49 18 21
6 3 1 49 3 40 6 33 12 4 29 6 26 7 20 8 32 9 19 10 34 11 49 13 26 15 20 16 13 19 28 20 15 9 1 33 4 15 5 22 7 25 10 39 11 49 12 24 13 38 15 37 9 1 31 4 41 6 15 9 39 13 29 15 48 16 12 18 33 19 43 7 3 47 5 49 13 12 15 42 17 13 18 23 20 31 11 1 49 2 46 5 45 6 37 8 23 10 21 12 26 13 33 14 25 18 30 19 19
3 10 1 14 3 44 4 26 6 36 9 37 12 42 15 49 18 45 19 30 20 48 6 2 42 3 23 6 13 8 39 12 22 14 27 11 1 10 2 31 3 31 5 28 6 44 8 20 10 46 14 43 16 40 17 45 18 16
156 101 37 111 104 105 87 99 89 101 127 58 69 77 42 114 129 52 111 54 73 115 99 93 118 54 49 49 72 58 71 56 146 109 93 68 72 97 51
3 1 1 3 1 3 1 3 1 1 1 1 1 2 1 3 3 3 3 3
# Instance ID: 47
# Size type: medium
# Total operations: 217
# Actual flexibility: 0.370
# Generated: 2026-02-07 22:12:21
# Format: Extended Brandimarte format for MOFJSP